#timestep time dt l2_h l2_h_vcon1 l2_h_vcon2 linf_h linf_h_vcon1 linf_h_vcon2 dsdu_ut entropy h_squared 
0 0.0 100.0 0.0 0.0 0.0 0.0 0.0 0.0 6.269431566873827e-12 7.387780850018977e8 1.0400221013227893e8
200 5235.703774116903 26.120362550997488 0.0017769721550816478 7.504290683238614e-7 1.1143547382304338e-6 0.015018457004316588 1.442098392501201e-5 1.6120413146247792e-5 6.388950941172235e-12 7.387780850018991e8 1.0400221013318102e8
400 10458.970524417962 26.139924152737315 0.0017403341709567248 1.165920238634182e-6 1.2479621957388873e-6 0.017009539021273667 2.2809069688489725e-5 2.219273516375353e-5 7.072793973358542e-12 7.387780850019007e8 1.0400221013541143e8
600 15682.900572873916 26.113535073061225 0.0018291346505051758 1.5008741675746366e-6 1.4002875980347782e-6 0.019282436586308904 3.313582372352353e-5 3.662508862006808e-5 7.1449497513067556e-12 7.387780850018966e8 1.0400221013750713e8
800 20915.295926625597 26.236325364082024 0.001903438446104552 1.7965054051287593e-6 1.526471881046998e-6 0.01605312244646484 3.7970415493027154e-5 5.520237245953963e-5 7.872453825464061e-12 7.387780850019009e8 1.0400221013799132e8
1000 26153.97753709577 26.129078288397636 0.0020965450166881183 1.9899095424475856e-6 1.7311873054333984e-6 0.01636542107553396 4.807632195133471e-5 5.6257158235539784e-5 7.503996060017228e-12 7.387780850019011e8 1.0400221013668597e8
1200 31377.002461421063 26.128853681470318 0.0022396874583666504 2.136378244282441e-6 1.8198756639000342e-6 0.018400039970856596 5.6147151414793345e-5 7.126653457402432e-5 6.819558589808822e-12 7.387780850019041e8 1.0400221013467778e8
1400 36601.47757814189 26.109680214326417 0.0025244301855741687 2.268989285803928e-6 1.8915853450416208e-6 0.019528480088411015 6.050966113668732e-5 0.00010218874089212848 7.827594335177976e-12 7.387780850019034e8 1.0400221013310297e8
1600 41831.158812568414 26.21342411617463 0.0027482474995676382 2.484567374622399e-6 1.984280130899269e-6 0.019996921799247502 4.8748785506147474e-5 0.00011675842095892897 5.578206399379261e-12 7.387780850019001e8 1.0400221013271883e8
1800 47072.01045807162 26.140124708034513 0.002835417514835492 2.7063728445887224e-6 2.057368303141316e-6 0.020797129311176832 3.2808323036093157e-5 7.435012262702045e-5 4.8135121383707475e-12 7.387780850019014e8 1.0400221013393046e8
2000 52295.26728431979 26.120149674656343 0.0028139897005224845 2.9184204843348614e-6 2.105210302698988e-6 0.017753971316778916 4.6323516279533905e-5 6.44498633019519e-5 5.947516096935061e-12 7.387780850019015e8 1.0400221013566764e8
2200 57520.11919272901 26.10821287278895 0.0029248598137190662 3.107822500275566e-6 2.1368411860834007e-6 0.018704292737311334 5.0174463115171264e-5 8.720828676667125e-5 5.704698215791953e-12 7.387780850018972e8 1.0400221013685274e8
2400 62747.546221014105 26.192704888727185 0.0030177865161081833 3.2748478970177466e-6 2.2761596673038504e-6 0.02421345465518243 4.342006211299765e-5 0.00010269016335245906 5.8007463818747835e-12 7.387780850019002e8 1.0400221013711196e8
2600 67989.75708736238 26.153456959885723 0.003191586613726865 3.412034587847951e-6 2.3828110942899395e-6 0.02323409915152297 5.5752600762071225e-5 6.375612900244576e-5 4.875253285593616e-12 7.387780850018998e8 1.0400221013640346e8
2800 73213.71535253854 26.113811503641042 0.0033822116989616065 3.543500154243362e-6 2.4665627454639632e-6 0.022313736159048858 5.949464744614552e-5 5.085001961731197e-5 4.166086810775046e-12 7.387780850019026e8 1.0400221013525333e8
3000 78438.7703464416 26.10910009760988 0.00360344335466131 3.64754769944416e-6 2.591725394916038e-6 0.024097701218124712 6.487725098203168e-5 7.815419611439944e-5 4.492432327680439e-12 7.38778085001905e8 1.0400221013384151e8
3200 83664.40406641616 26.17417120393199 0.0038500468925605044 3.7774832762760033e-6 2.6647216605142696e-6 0.024064419600108522 5.1050176017697346e-5 8.956102804968946e-5 3.992452517469656e-12 7.387780850018958e8 1.0400221013247672e8
3400 88907.16091076152 26.169072593605105 0.004086967244614863 3.998741394949671e-6 2.693707842273468e-6 0.024658840300617157 6.248657989849082e-5 7.454116018539014e-5 7.840716004110241e-12 7.387780850018965e8 1.0400221013284229e8
3600 94132.290478715 26.109850836694285 0.004299369115472415 4.1506429576611105e-6 2.7775677524761725e-6 0.023492565371952878 7.096161450415028e-5 7.53485910349877e-5 8.640456263291214e-12 7.387780850019035e8 1.040022101352552e8
3800 99357.37585065833 26.11234752642219 0.0044232549488154 4.300987157419476e-6 2.8300589085029138e-6 0.023889526892162394 8.947944275139452e-5 0.00010399863775861773 7.987926043631333e-12 7.387780850019034e8 1.040022101374336e8
4000 104581.67491200998 26.157857401413857 0.00456537391224289 4.461396038554788e-6 2.929159902826953e-6 0.027157718961461796 8.411163005417333e-5 0.00011551315711127996 7.39035597449778e-12 7.387780850018989e8 1.0400221013768189e8
4200 109824.15871883782 26.186919330961604 0.004567486130384919 4.661613157006741e-6 3.0637735625564183e-6 0.027988196381556918 9.808786291271021e-5 8.685603058602998e-5 8.495846052543103e-12 7.38778085001902e8 1.040022101366268e8
4400 115050.92295219128 26.10824899823104 0.004523573191829414 4.8598538158148174e-6 3.1247188700754355e-6 0.025207147323271784 8.526111021672778e-5 9.750879517361755e-5 7.837120659164984e-12 7.387780850019025e8 1.0400221013514146e8
4600 120275.86584236755 26.117970820586397 0.004573383295358916 5.034295529663953e-6 3.1462678626443044e-6 0.023019984806524008 9.973312902467057e-5 0.00012608583857658118 9.323988196673684e-12 7.387780850019007e8 1.0400221013325848e8
4800 125499.30374959219 26.14384553337718 0.004747504984968031 5.128152463095378e-6 3.2367279587153243e-6 0.02604328236884612 5.268186904133776e-5 0.00014250387103620366 5.618000243911804e-12 7.38778085001895e8 1.0400221013208327e8
5000 130727.77031059655 26.20741464468306 0.004868174728289518 5.304075518362359e-6 3.262007606942585e-6 0.030032843111257534 7.60822668052219e-5 9.316120020841367e-5 6.3590854560039636e-12 7.387780850019023e8 1.0400221013314515e8
5200 135956.67762619446 26.10903717618933 0.005090363419800636 5.434079218833038e-6 3.293851988234616e-6 0.02563276866931119 6.47067388561684e-5 6.832198921671861e-5 5.507547724597816e-12 7.387780850018983e8 1.0400221013583083e8
5400 141181.296016065 26.126158123189242 0.005345733503881708 5.5093034666255995e-6 3.3275474160407384e-6 0.029173856646593777 9.937271514448565e-5 8.521634675953682e-5 5.180983959916192e-12 7.387780850018976e8 1.0400221013779584e8
5600 146404.3379955799 26.131894718549518 0.005589769952149442 5.567840891609218e-6 3.408811040998137e-6 0.026820261460670736 8.145822921645784e-5 9.410159158862452e-5 4.466567094515957e-12 7.387780850019039e8 1.0400221013757434e8
5800 151643.7979606741 26.229707086930688 0.005706235562469974 5.704176513927956e-6 3.467720700932094e-6 0.028604166607692605 7.701762885758967e-5 5.638653759778775e-5 5.223071320553325e-12 7.387780850019046e8 1.0400221013585582e8
6000 156875.2720548252 26.112226781192064 0.005774873269119015 5.84157204414236e-6 3.5811631321888606e-6 0.03212204743249458 6.00441759950332e-5 6.754177419610041e-5 4.112908059860838e-12 7.387780850018998e8 1.0400221013455734e8
6200 162099.40016841076 26.13656444431162 0.005881617421192094 5.966359834938398e-6 3.653759416253458e-6 0.03101526184764225 9.799551541078699e-5 6.436985726415712e-5 5.678938277607231e-12 7.387780850019045e8 1.0400221013342848e8
6400 167322.530301204 26.12250966666795 0.005997091961648506 6.076447238400457e-6 3.7843367788962664e-6 0.028523223470983794 8.945032843310496e-5 8.231228363742016e-5 7.673285499566888e-12 7.387780850019047e8 1.0400221013251723e8
6600 172559.2683580218 26.25415250139528 0.006012420546635067 6.244655737966752e-6 3.89000668710678e-6 0.029309025512702647 7.511069093735223e-5 7.688407143857656e-5 5.876727239269549e-12 7.387780850019021e8 1.0400221013365808e8
6800 177793.76325052977 26.11775926388059 0.006043070995064266 6.418681918501997e-6 3.965216962687046e-6 0.030123568891212926 6.474983473947482e-5 6.676613399403397e-5 6.390409755255454e-12 7.38778085001904e8 1.0400221013619305e8
7000 183017.2346873613 26.14455140480544 0.0061471682202025365 6.5535115838321466e-6 4.006698969282209e-6 0.03275911143464327 9.625587189410201e-5 8.290563843785237e-5 8.530195189394971e-12 7.387780850018998e8 1.040022101371224e8
7200 188240.9169136051 26.115457385692896 0.006356517135157898 6.647498686009573e-6 4.123820994748679e-6 0.0320298393048688 0.00010119869072899856 8.939555241299635e-5 7.494448677034268e-12 7.387780850019028e8 1.0400221013658033e8
7400 193474.40092764253 26.245147882497925 0.006568320545764095 6.748075277952011e-6 4.187481138754015e-6 0.032324014508049004 9.278274173782353e-5 8.146391466165581e-5 8.378738890508287e-12 7.387780850019007e8 1.0400221013630399e8
7600 198712.0914830274 26.125637571915203 0.00675420990690536 6.834702051687398e-6 4.31280241432064e-6 0.034044616941173445 7.800955324020753e-5 7.712252413810683e-5 8.49216455715986e-12 7.387780850019033e8 1.0400221013560632e8
7800 203935.1514730178 26.13263086434863 0.007032554015996188 6.908049435418575e-6 4.376076289349303e-6 0.03618768058368005 6.977610075287188e-5 8.491881995131151e-5 7.133836823420183e-12 7.387780850019023e8 1.0400221013334352e8
8000 209159.44673102157 26.110787697846856 0.007241046202860262 6.984154793954399e-6 4.504223412436673e-6 0.036232098611435504 9.564321779775842e-5 0.00010519044076981454 8.213084999441612e-12 7.38778085001902e8 1.0400221013188942e8
8200 214390.05668978227 26.22148578569773 0.007351202008062582 7.104091353751586e-6 4.6124228247053056e-6 0.03481329234637087 6.5003571620037e-5 8.312547405237014e-5 6.931074588418386e-12 7.387780850019025e8 1.0400221013360402e8
8400 219630.2101300143 26.135820804632086 0.007428106912410169 7.257201428856544e-6 4.716293996958213e-6 0.03809095978795085 8.525789572144671e-5 6.841292558013023e-5 6.1526345464157586e-12 7.38778085001903e8 1.0400221013622417e8
8600 224853.3257558758 26.123048371003843 0.007560471163449512 7.407853353235934e-6 4.773742019294088e-6 0.036740777799423086 8.179779244577023e-5 7.044459722943541e-5 5.7162308877569315e-12 7.387780850019028e8 1.0400221013689704e8
8800 230078.06089089482 26.10847008433923 0.007652920730385918 7.501985268758996e-6 4.935533369495385e-6 0.03896332252770662 0.00010732116973921624 7.797129363884547e-5 4.557526641395117e-12 7.387780850019047e8 1.0400221013689646e8
9000 235306.2526561263 26.199980347651714 0.007804462685805759 7.626589075858752e-6 5.0133894035226455e-6 0.03585131073123193 8.991483095388553e-5 8.380989866288435e-5 4.692729224315221e-12 7.387780850018985e8 1.0400221013733432e8
9200 240548.06323546363 26.1483467283604 0.00799880152926582 7.723416617102728e-6 5.154754173701846e-6 0.03692257457259984 7.850649725221759e-5 9.222262129393588e-5 5.379501371393031e-12 7.38778085001906e8 1.0400221013573998e8
9400 245771.7133126985 26.11586423512024 0.008194378852122399 7.79331326848974e-6 5.315501742360684e-6 0.04000473149608297 9.149387555917876e-5 8.017524206874183e-5 4.817338653657933e-12 7.387780850019016e8 1.04002210131845e8
9600 250996.71487519378 26.108497261903057 0.00837711955607518 7.834379980063119e-6 5.48963703995781e-6 0.03600899240518629 0.0001217798736020681 7.750893173757989e-5 6.4937481628460265e-12 7.387780850019042e8 1.0400221013103476e8
9800 256222.94492075988 26.180650041556472 0.00858311075727026 7.848264345902025e-6 5.71606006157553e-6 0.04190819594441564 8.650641407254023e-5 0.0001283408147913223 5.01453748482005e-12 7.387780850018989e8 1.0400221013497832e8
10000 261452.9126412746 26.163473533253615 0.008707844600547025 7.952989126507789e-6 5.839037817822797e-6 0.04340443618275458 8.934861794829274e-5 0.00011827790463045385 7.243038725542751e-12 7.387780850019035e8 1.040022101371893e8
10200 266677.58942645026 26.11094411389817 0.008845272277108648 8.115914969604112e-6 5.880353235938324e-6 0.04298459838537383 9.350566199928245e-5 9.62962837810083e-5 7.868077383214403e-12 7.387780850019028e8 1.0400221013597243e8
10400 271902.6836768641 26.110960363721894 0.008983543054238624 8.237445577565461e-6 5.996304182910651e-6 0.03877347152229049 0.00012209831069243116 0.00014223821859482566 8.543064150375812e-12 7.387780850018985e8 1.0400221013642642e8
10600 277127.3887007909 26.163206612298833 0.009095550037445041 8.398844961824308e-6 6.062134237508103e-6 0.04235313588287681 0.0001393858256825975 0.00015339815064985274 8.20307240409353e-12 7.387780850019037e8 1.0400221013779302e8
10800 282370.06048405834 26.180558104468414 0.0090917673367911 8.518185305083024e-6 6.200752518534979e-6 0.03997561453252274 0.00013439100792550507 8.56511928938597e-5 7.690036973619604e-12 7.387780850019083e8 1.0400221013503125e8
11000 287596.21360031783 26.108535080287734 0.009125772927838763 8.657090995384395e-6 6.318974091897068e-6 0.04443916037598683 9.61550051278362e-5 8.92659116051367e-5 8.045385514086326e-12 7.38778085001897e8 1.0400221013103825e8
11200 292821.2266882752 26.11579958175886 0.00920246394289041 8.75086573581827e-6 6.4592608367905705e-6 0.042747652683829074 0.00011214491371402957 0.0001447236614781633 8.27380957149625e-12 7.387780850018995e8 1.0400221013196674e8
11400 298044.9140089729 26.14842872676672 0.009344224508617405 8.804473252686592e-6 6.6575214857363995e-6 0.04265363513150078 0.00011223204246169072 0.00015950232101025197 6.642390214091853e-12 7.387780850018989e8 1.040022101356506e8
11600 303286.78361687076 26.19985297597665 0.009464290662915615 8.866837848914955e-6 6.792288349697648e-6 0.041692067388794385 9.154297692548496e-5 0.00012330500727250615 6.350749922515332e-12 7.387780850018973e8 1.0400221013636258e8
11800 308514.8768155533 26.108514881920907 0.009565032551076099 9.013415034100784e-6 6.8369199229512525e-6 0.04244091936197947 7.903635990444413e-5 9.101957669543914e-5 4.741421451864568e-12 7.387780850019066e8 1.0400221013555475e8
12000 313739.6353884399 26.122967741676337 0.009735898627375738 9.108551389858087e-6 6.9490513991586345e-6 0.04782925216386502 0.00010765255679678898 0.00012195976908913053 4.779170659335591e-12 7.387780850019023e8 1.0400221013657291e8
12200 318962.76780268946 26.13590664809435 0.009852012846530953 9.271661364065438e-6 7.003383981595554e-6 0.05253717929190316 0.00014199719631935448 0.00012535678615094303 4.848370520033817e-12 7.387780850018983e8 1.0400221013690177e8
12400 324203.0209040262 26.221358797705832 0.009881406632022973 9.403617529319448e-6 7.093262753311196e-6 0.04580108917252801 0.00013267569766239884 8.053478452049734e-5 4.916218776082761e-12 7.387780850019056e8 1.0400221013414562e8
12600 329433.5133729359 26.110824712853542 0.00987925892041316 9.521374069532425e-6 7.237088245893076e-6 0.04302050022488402 9.625854744188533e-5 9.37216619396053e-5 5.535263277724807e-12 7.387780850019008e8 1.0400221013195243e8
12800 334657.8435386315 26.13249602569517 0.009932512465381939 9.64274980189512e-6 7.394634081054822e-6 0.04841990614477254 0.00010672057682765967 0.00010376110749663048 4.099915855892323e-12 7.387780850019083e8 1.0400221013271956e8
13000 339880.8899318062 26.125682915849634 0.010056925858124375 9.717615810639453e-6 7.604738412866131e-6 0.050114706051317626 0.0001695193576536358 0.0001350485187043282 6.538349201818155e-12 7.38778085001901e8 1.040022101338976e8
13200 345118.7158238232 26.2450094553454 0.010130761084127447 9.788007857596853e-6 7.790958407559161e-6 0.045416064122036914 0.00012406738992687405 0.00016476965972003765 4.861672147658762e-12 7.387780850019002e8 1.0400221013429804e8
13400 350352.0632363102 26.115509526794604 0.01014866527925481 9.955116978552601e-6 7.861603040849835e-6 0.05252283720255946 0.00010820905653485813 0.0001136072724328141 8.726177863540862e-12 7.387780850019034e8 1.0400221013639554e8
13600 355575.79590967525 26.14437759225018 0.010266808221464188 1.0116104827545764e-5 7.933872010603747e-6 0.04775766326019948 9.434927159046591e-5 0.00012425973068160012 7.230663693739693e-12 7.387780850019037e8 1.040022101383347e8
13800 360799.2300147964 26.117793686314442 0.010428050409873662 1.0269951328735656e-5 7.987307728033344e-6 0.05258454389513645 0.00016931925090690747 0.00016018258603281432 8.1891581511318e-12 7.387780850019021e8 1.0400221013568093e8
14000 366033.88091614435 26.25432825134311 0.01053191862862855 1.039136726161639e-5 8.062771417597439e-6 0.04715510692585667 0.00015886814486845702 0.00010983701128730594 7.907381127477519e-12 7.387780850018991e8 1.0400221013171e8
14200 371270.4782382364 26.122538154710924 0.01063552304865705 1.0448362345210618e-5 8.203339398391547e-6 0.050096129345547524 0.00012369890916108517 0.0001042738517642583 8.735160482541471e-12 7.387780850019053e8 1.0400221013194227e8
14400 376493.6400710564 26.136722863664847 0.010769037676501064 1.0528872401754786e-5 8.38933407340416e-6 0.05991707219618547 9.721101134767263e-5 0.00011664071202807658 7.385654553651499e-12 7.387780850019016e8 1.0400221013329533e8
14600 381717.73636109126 26.11226121092405 0.010916389384356918 1.0588427799317622e-5 8.605976896429965e-6 0.052193872956195264 0.00017001477671463316 0.00015656243648423662 6.549567903298032e-12 7.387780850019028e8 1.040022101325452e8
14800 386949.3484200313 26.229891737583046 0.010965316217658484 1.066121632040933e-5 8.760027083317188e-6 0.05189211728065857 0.00011896161095037439 0.00015003006475600156 6.303792190450759e-12 7.38778085001899e8 1.0400221013351397e8
15000 392176.11187632737 26.132092247097745 0.01094564329941347 1.0804110117278699e-5 8.84452090481387e-6 0.0503274732564023 0.00011268515813223079 0.0001258098226284421 4.9959825949321735e-12 7.387780850019025e8 1.0400221013719495e8
15200 397399.16432200634 26.126115165433546 0.011040221886557188 1.0965384168206204e-5 8.917118993623207e-6 0.05116094659024384 0.00013766985147789512 0.00011878042286214349 4.931032822507894e-12 7.387780850018982e8 1.0400221013748567e8
15400 402623.76976432133 26.109022272108305 0.011189541194795427 1.1117190424271726e-5 9.010349622383645e-6 0.05253683579394419 0.0001578250833106365 0.00014730347233327112 6.0789931520258416e-12 7.387780850019011e8 1.040022101333388e8
15600 407852.747326025 26.207153105391424 0.01138356438828669 1.131541888425706e-5 9.010403370750337e-6 0.05283917296765139 0.00015933795558034647 0.00012809566106937453 5.382579813710376e-12 7.387780850019002e8 1.0400221013137257e8
15800 413094.0871939784 26.143833921959313 0.011454844185982518 1.1381856253402762e-5 9.171627774081289e-6 0.05521643428983225 0.00014687780103772585 0.00010965694667766646 5.1141637657605414e-12 7.38778085001904e8 1.0400221013254584e8
16000 418317.51381518535 26.118125428782548 0.011627368845261145 1.1471888396210205e-5 9.33031769929396e-6 0.05134854105199338 0.00011806536310924286 0.00015220596949176712 6.216103488533778e-12 7.387780850019053e8 1.040022101321006e8
16200 423542.44436377636 26.108220688696413 0.011811363316358816 1.1521881074371294e-5 9.577687503710212e-6 0.05405000725295395 0.00016077203736486467 0.0001369699071651631 5.734934147843561e-12 7.387780850019068e8 1.0400221013147922e8
16400 428769.3000951847 26.18706220784827 0.011966545038191214 1.1562188959327274e-5 9.785886999110751e-6 0.0562390869436058 0.0001247633543808857 0.00017126726461552666 5.5869784284203514e-12 7.38778085001908e8 1.0400221013470554e8
16600 434011.7592471481 26.157830383019633 0.012004754681269093 1.1689393635263903e-5 9.864483750906961e-6 0.0533234059366805 0.00012462075586716637 0.00015148722855995445 6.726377318856728e-12 7.38778085001903e8 1.0400221013744392e8
16800 439236.02286477434 26.11246977807726 0.012145684804701993 1.188431962106312e-5 9.886066460932486e-6 0.058918517652273295 0.0001303633619170741 0.00012373335690119003 8.209171855102897e-12 7.387780850019083e8 1.0400221013465935e8
17000 444461.1062935276 26.10979769782756 0.01229218751049009 1.2042933797748677e-5 1.0007846097670077e-5 0.05920490634707676 0.00013067133321986724 0.00015320051014044989 9.068532046278119e-12 7.387780850019058e8 1.0400221013175865e8
17200 449686.3051623688 26.16922284795912 0.012470202370435246 1.227479247111765e-5 9.99677716734369e-6 0.06255206182140682 0.00015406155554070766 0.0001397252149878958 7.557097275537249e-12 7.387780850018973e8 1.0400221013416292e8
17400 454929.07286186476 26.174071372139345 0.012476014215413523 1.2357489040943775e-5 1.0135797785037785e-5 0.054821047800942324 0.00015321337489082598 0.00010379957123898831 7.249486607212413e-12 7.387780850019053e8 1.0400221013472582e8
17600 460154.63903405314 26.109191448749744 0.012607091991849348 1.2452149866477969e-5 1.0245458945545031e-5 0.059524003738260944 0.00013906430504928569 0.000137685598952747 7.819542140907607e-12 7.387780850019001e8 1.0400221012937571e8
17800 465379.705941658 26.11376039351713 0.012704510717093444 1.2479373580145385e-5 1.0525342653544341e-5 0.056518250647059176 0.00014782620929221224 0.00012867040442293004 7.495555231548836e-12 7.387780850018985e8 1.040022101285736e8
18000 470603.7153122522 26.153609393243002 0.012902675716684199 1.253193100654983e-5 1.0716580505745978e-5 0.06178808643198863 0.00013319659865294875 0.00013629733439157743 7.78917123983649e-12 7.387780850019025e8 1.0400221013625564e8
18200 475845.9802306222 26.192574676560998 0.012996356509732321 1.2579917303939624e-5 1.0837734518222988e-5 0.058065647221155814 0.00012369527342326325 0.00014574290767099818 6.1312615799786704e-12 7.387780850019023e8 1.04002210139557e8
18400 481073.31720232184 26.108278708504386 0.013150582992986418 1.2752394713312571e-5 1.0853218038358464e-5 0.06613858917990001 0.00016447698430618884 0.00015597360842423136 4.900711697245389e-12 7.387780850019013e8 1.0400221013399427e8
18600 486298.192407664 26.120051645523997 0.013250317250931266 1.2926193609194953e-5 1.0949066194505582e-5 0.06436726109495794 0.00016434471733444908 0.00015104077414274109 5.2806427865777e-12 7.387780850018991e8 1.0400221013118586e8
18800 491521.4709738288 26.140218723537274 0.013421714103637674 1.3194494016852143e-5 1.0929364128541165e-5 0.06713568082341226 0.0001557358404810083 0.00014417844517888856 4.826836739445822e-12 7.387780850018978e8 1.0400221013452144e8
19000 496762.41136255895 26.213264425475376 0.013420589222114022 1.328267090004845e-5 1.1048098834987247e-5 0.05926816678402247 0.0001664368245550829 0.000120002119881224 6.3745465879410765e-12 7.387780850019063e8 1.0400221013374855e8
19200 501991.9771541869 26.109719924446594 0.013543373161656307 1.3410200427949857e-5 1.1118812434907134e-5 0.06445196286222199 0.00017734128761714985 0.00016536402831177077 5.554266149890208e-12 7.387780850019047e8 1.0400221012882976e8
19400 507216.48738918523 26.12872035076168 0.013666746624227632 1.345697308034829e-5 1.1357135979234515e-5 0.07274229720678704 0.0001430440693207663 0.0001623625306146799 4.619488908075481e-12 7.387780850019048e8 1.0400221013057077e8
19600 512439.50628093636 26.129143576428916 0.013927548624848773 1.3530973314731342e-5 1.1579765889455721e-5 0.07046915605133108 0.000187344126172162 0.00015328436947126267 6.94221288282281e-12 7.387780850019002e8 1.0400221013743511e8
19800 517678.31502313045 26.236134607987935 0.014027620259392332 1.357566912336361e-5 1.1690701671801523e-5 0.06444791342437384 0.0001284890153657181 0.00016644863982159808 6.1256254268802476e-12 7.387780850019054e8 1.0400221013805847e8
20000 522898.08061772166 26.113640981208007 0.014160144346645519 1.377441248317362e-5 1.1651542964836509e-5 0.06916656358589535 0.0001358059899749242 0.0001986612844327995 7.344562230573097e-12 7.387780850019025e8 1.0400221013360587e8
20200 528122.0434257636 26.139998576408768 0.014255283543734601 1.3944185046764957e-5 1.1739497497225892e-5 0.06795441857684636 0.0001564993584295682 0.00013235559694191323 7.064584793845622e-12 7.387780850018991e8 1.0400221013282387e8
20400 533345.2884653307 26.12024981396345 0.014440574421739244 1.4197519127378732e-5 1.1761440307746397e-5 0.07385884990799241 0.00018448541341076208 0.0001656381477755653 7.911910726061373e-12 7.387780850018989e8 1.0400221013396654e8
20600 538581.0938020733 26.261656870779195 0.014439723092381007 1.4302063965298007e-5 1.1832432780705761e-5 0.06478950190830801 0.00017766614070927056 0.00013975493366801222 7.848086652693435e-12 7.387780850018972e8 1.0400221013139717e8
20800 543816.5542935993 26.119844373698914 0.014577687414805786 1.440644033716579e-5 1.1885905833541697e-5 0.06924285839522781 0.00020360719188250442 0.0001410728180370191 7.137247902150861e-12 7.387780850019007e8 1.0400221012986094e8
21000 549039.8687031814 26.1409040610858 0.014618405347024483 1.4477501445978062e-5 1.2102274167820064e-5 0.07364513828360941 0.00013512528208770025 0.00018090257051921188 8.401913238672972e-12 7.387780850019023e8 1.0400221013390891e8
21200 554263.7468159383 26.113882861209177 0.014814665884413583 1.4551802767753644e-5 1.2338022972912903e-5 0.072853126186601 0.00019286875018120764 0.0001343094918281884 6.359613845356941e-12 7.387780850019026e8 1.0400221013658868e8
21400 559496.3556306404 26.2380969755218 0.01483041843534698 1.4597867918657516e-5 1.2477979440699835e-5 0.07071842348159407 0.00014018010862915098 0.00019373789902207839 6.4580512502532334e-12 7.387780850019066e8 1.0400221013409272e8
21600 564734.8507727515 26.12839842333877 0.014925577275770215 1.4746679191272572e-5 1.2464686821569388e-5 0.0711981429685693 0.0001438547513064048 0.00020599504488527653 5.8847373155480134e-12 7.387780850019028e8 1.0400221013355301e8
21800 569957.8909313864 26.129684964815752 0.014997156509948217 1.4935222905704889e-5 1.2540485391314346e-5 0.069559445943014 0.00018930846407794188 0.00014668738115466984 5.6256236004464236e-12 7.387780850019066e8 1.040022101359944e8
22000 575182.3346369267 26.109887293461714 0.015204775854733576 1.5124858221769941e-5 1.2637319323731192e-5 0.07270814603725739 0.00018444079290014237 0.00018000399227455222 3.902902008865101e-12 7.387780850019042e8 1.0400221013404378e8
22200 580412.1982078691 26.21503216229325 0.015354040409468235 1.5268173510481157e-5 1.2624727219500675e-5 0.06975639134725498 0.00020658146268134892 0.0001715425715687266 5.3729883982813356e-12 7.387780850019022e8 1.0400221012944978e8
22400 585652.9223173055 26.13926773603856 0.015533879989556418 1.533539849674134e-5 1.2684402333018319e-5 0.0693645437113446 0.000208576981986619 0.00013470768769657804 5.267364132402884e-12 7.387780850019027e8 1.0400221013010402e8
22600 590876.1569708581 26.120788159007674 0.015578753388430322 1.5430069858316986e-5 1.2861409984954654e-5 0.06971076186346181 0.00015509107145134093 0.00018877987213886116 5.4718800074312286e-12 7.387780850018992e8 1.0400221013413249e8
22800 596100.9895723393 26.108225408523083 0.015711097591427237 1.5516116032607667e-5 1.3121396499699484e-5 0.0676245862578071 0.00019394870754130267 0.00015818558887299716 7.56650011722981e-12 7.387780850019015e8 1.0400221013484757e8
23000 601328.563456727 26.194138645741813 0.015801702111057473 1.5628010211990023e-5 1.3200565006857131e-5 0.07421995224103739 0.00019821219341373264 0.00019085634025650666 5.60877257477648e-12 7.387780850019008e8 1.0400221013471004e8
23200 606570.7052716723 26.152438281661677 0.01590065320412643 1.5702425775250797e-5 1.3233091748833711e-5 0.07112544233314111 0.00013533761316067427 0.0002084237980854997 6.539132213576734e-12 7.387780850019053e8 1.0400221013653702e8
23400 611794.607332762 26.114274648753998 0.016012040388892625 1.5901713402186262e-5 1.32482842042037e-5 0.07120736837532604 0.0001984516014461868 0.00015205653192865674 8.108965494546638e-12 7.387780850019072e8 1.0400221013523903e8
23600 617019.6573271308 26.108940440846848 0.016148641585396133 1.6096315881309218e-5 1.3368580142037308e-5 0.06958951132946822 0.00018347857445453336 0.00018950944152304472 6.960105371565287e-12 7.387780850019066e8 1.0400221013023314e8
23800 622245.4051066209 26.175468666020425 0.01637286831493396 1.634033742424633e-5 1.3277237971618062e-5 0.07851557027242961 0.00016557961683444367 0.00020468752954701241 7.563820838608466e-12 7.387780850019007e8 1.0400221012951253e8
24000 627488.1537469251 26.167884878324198 0.0165080144285101 1.6334382430128702e-5 1.3364825455884695e-5 0.07594196621539595 0.00021663620120371263 0.0001396604485782993 7.159063107502941e-12 7.387780850019107e8 1.0400221013302326e8
24200 632713.1929978697 26.110149619093143 0.016630037291351388 1.643825276542056e-5 1.3451314705602236e-5 0.0817739613357844 0.00017722868111486045 0.0002141077226071597 6.81243394858743e-12 7.387780850019064e8 1.0400221013359046e8
24400 637938.2877620369 26.112006888134257 0.01674316147746999 1.6468086678301298e-5 1.3758631767215771e-5 0.07450327688820835 0.00021482317742210766 0.00021183956441816337 7.250904260530818e-12 7.387780850019035e8 1.0400221013258968e8
24600 643162.6699387588 26.159018937961623 0.016991037642671507 1.6556761652255977e-5 1.3854204358335157e-5 0.07909641356491193 0.00022431528845821835 0.000182605465697816 6.376089638008104e-12 7.387780850019053e8 1.0400221013597903e8
24800 648392.8742527404 26.18595336609863 0.017074148830349932 1.653927151947893e-5 1.3951815232396471e-5 0.07456507090500963 0.00014528781161549098 0.00021799922077303524 6.154564316226632e-12 7.387780850019039e8 1.0400221013819066e8
25000 653619.5524436074 26.108364757144752 0.017231546627460174 1.6768934892788225e-5 1.388988290283657e-5 0.08096145167655777 0.00020039961670426099 0.0001748841992635919 6.6763334866581e-12 7.3877808500191e8 1.040022101324322e8
25200 658844.516467281 26.117581952798623 0.017299109233424922 1.6965592647931636e-5 1.402531821971499e-5 0.08359633225336438 0.0002047665464891854 0.0002227898752655555 4.323442500209551e-12 7.387780850019048e8 1.0400221012745094e8
25400 664067.9904254171 26.144579785311137 0.017528017116690303 1.7248337744554026e-5 1.396311567185309e-5 0.08341638437923393 0.00020523584658316274 0.00023032901427927355 5.228807025268975e-12 7.38778085001905e8 1.0400221013206661e8
25600 669309.4811463064 26.205868724798012 0.017529604016531433 1.726913680842103e-5 1.404635195266171e-5 0.07756274008170294 0.00021896143348021369 0.00014106258248780534 4.385103240356965e-12 7.387780850019089e8 1.0400221013606279e8
25800 674538.226201208 26.108973937497463 0.017700636065180596 1.7399008799564105e-5 1.4071422986558737e-5 0.08529587861448817 0.00021098523742546504 0.0001792333809831903 6.272839295309694e-12 7.387780850019047e8 1.0400221013148485e8
26000 679762.8859673302 26.125453271205153 0.017802729207958924 1.7405732665190433e-5 1.4390219846280433e-5 0.08362496840163658 0.0002138962979531811 0.00019867123295867414 4.525095787629058e-12 7.387780850019029e8 1.0400221012950544e8
26200 684985.9432905605 26.132725001735505 0.018078000718374374 1.7529664613221565e-5 1.4529805206294122e-5 0.08989047698378272 0.0002556361132096674 0.00018671746442922021 6.4657071525088686e-12 7.3877808500191e8 1.0400221013657911e8
26400 690225.5845429081 26.22799925377816 0.018105549857436058 1.7527320838643464e-5 1.4646772302891894e-5 0.07944570498875692 0.0001729149111742989 0.00022599306365178595 6.251546735948059e-12 7.387780850019016e8 1.040022101395436e8
26600 695456.8576247493 26.111955266669597 0.018301767719643314 1.7680231180314028e-5 1.4575139947630858e-5 0.09019220855043386 0.0001790336949566984 0.00022268862734686756 7.085425542021378e-12 7.387780850019028e8 1.0400221013170935e8
26800 700681.0385793967 26.135635566998673 0.01829681619137483 1.791202605319757e-5 1.4639306570051224e-5 0.08560867644519021 0.00020782101368992112 0.00021259943262681713 6.493541401794861e-12 7.387780850019042e8 1.04002210127074e8
27000 705904.1434080657 26.12316365280266 0.01853823512068389 1.8190397111602235e-5 1.461125998750303e-5 0.08610931311704917 0.0002552140074301157 0.000253491539891737 7.291076209763409e-12 7.387780850019048e8 1.0400221013236289e8
27200 711141.1227686827 26.25225118679384 0.01846669984311293 1.8299716494076823e-5 1.461266694906471e-5 0.08348373693479516 0.00021512359179209906 0.0001853422433646095 7.876906845880817e-12 7.387780850019065e8 1.0400221013496247e8
27400 716375.3790044712 26.117296367422274 0.018731518309844326 1.836646210089041e-5 1.4588722568587095e-5 0.08725405449513346 0.00022179598521243626 0.00017575311595774412 8.747401502552107e-12 7.387780850019042e8 1.0400221013029803e8
27600 721598.9129712681 26.145603950377485 0.01876744228585107 1.8421010168910732e-5 1.4830250772864543e-5 0.08655827714937914 0.0002193870573019563 0.00021525984170812917 7.620907708419173e-12 7.387780850019118e8 1.0400221013036e8
27800 726822.5388547692 26.11593221950476 0.01900997051783666 1.8522225749624706e-5 1.5043250538768481e-5 0.0904763811849989 0.0002600370886125525 0.00016938082901063467 6.903089097252375e-12 7.387780850019069e8 1.0400221013736744e8
28000 732056.263125895 26.24704249300972 0.019084516514463065 1.852603314868686e-5 1.5158836806998604e-5 0.09068291587755084 0.00019035908947443933 0.00020759129472175397 6.384949731941357e-12 7.387780850019101e8 1.04002210138759e8
28200 737293.7367239835 26.124973124264926 0.019313800750256977 1.863646599157849e-5 1.5071775501754713e-5 0.08946772578929085 0.0001855550389624483 0.00023303464432877785 6.5075054305652055e-12 7.387780850019075e8 1.0400221013152614e8
28400 742516.8187309006 26.133504430089893 0.01935554966339395 1.8859367979752528e-5 1.5092296442979255e-5 0.08437026905812672 0.00022409099555220635 0.00022396940400648546 6.333604070902061e-12 7.387780850019051e8 1.0400221012773821e8
28600 747741.0679337464 26.111034708169683 0.019613246845524297 1.9114193444247746e-5 1.5149701507640755e-5 0.09757681684823183 0.00027897462550641183 0.00022850930592765994 5.307483434145594e-12 7.387780850019069e8 1.0400221013090475e8
28800 752971.8797265397 26.22321685763169 0.019673067339954168 1.9299744261291597e-5 1.5076521403913363e-5 0.0905426107965468 0.00019793830315004146 0.0002310503334807673 6.130886346959889e-12 7.387780850019022e8 1.0400221013276197e8
29000 758211.8777688909 26.134986965928512 0.01988671751318767 1.9331834238752926e-5 1.5087140317773386e-5 0.0890579416827677 0.00023251218739162027 0.00018200132451284823 5.2176361851435355e-12 7.387780850019002e8 1.0400221013187107e8
29200 763434.9800922992 26.123751462909723 0.019883449968918086 1.9385134653194893e-5 1.5306867872880632e-5 0.08704148376818921 0.00021565223159503155 0.00023390205386404628 5.872879664986412e-12 7.387780850019027e8 1.040022101337993e8
29400 768659.6790286768 26.108500695392827 0.01996526372979694 1.9501492800138013e-5 1.5591068624e-5 0.08546940472842834 0.0002553387557313602 0.000208542179534206 4.136699939151138e-12 7.38778085001904e8 1.0400221013612688e8
29600 773888.0309215075 26.2015200255089 0.02001610921680923 1.9617994488588544e-5 1.5643476532988446e-5 0.08943522452318575 0.00027154713545631676 0.00019433501877769155 5.807148316644187e-12 7.387780850019017e8 1.0400221013431378e8
29800 779117.6227734257 26.14757400205124 0.020129847860715155 1.9636179989314797e-5 1.566786740706839e-5 0.08856354700037627 0.00020475676225184536 0.00025097955263653215 6.733579495472307e-12 7.387780850019053e8 1.0400221013124985e8
30000 784341.2333376716 26.116236382069587 0.02023973513581742 1.984266996176862e-5 1.5607157942439134e-5 0.08920333570313232 0.0002424094042570435 0.00022002241521653103 7.2572784357146484e-12 7.387780850019101e8 1.0400221013109197e8
30200 789566.2171281726 26.10836794876795 0.02027940394362216 2.0080097645052462e-5 1.5740630511237122e-5 0.08496947650201037 0.000234596683593713 0.0002563355434670733 7.561661334296298e-12 7.387780850019039e8 1.0400221013125496e8
30400 794792.5364431182 26.181649919917266 0.020446674573832285 2.0387253088771816e-5 1.5546037866956397e-5 0.09178533012163825 0.0001937389207518625 0.00028282058730096094 8.35302777090509e-12 7.38778085001905e8 1.0400221013027088e8
30600 800035.161777644 26.162229643516326 0.020548977128163934 2.030841988681799e-5 1.5673920858247034e-5 0.09143257794494275 0.00024983562228253486 0.00018442542643209991 8.128251705930303e-12 7.387780850019083e8 1.0400221013156132e8
30800 805259.7432102327 26.11126594770209 0.020726268245029836 2.036639427742069e-5 1.5729714121195234e-5 0.09133122502862534 0.00021826605591462184 0.00024056252087784058 9.452366707678257e-12 7.387780850019073e8 1.0400221013492073e8
31000 810484.8317067131 26.110619996426017 0.020656564873959792 2.0445342995543817e-5 1.609002174428066e-5 0.08685139208319015 0.00027099120466864135 0.00024115139602133573 7.214802440879493e-12 7.387780850019081e8 1.0400221013521911e8
31200 815709.6238655588 26.16440203471603 0.020855216842081237 2.0619687121777384e-5 1.6132006598459867e-5 0.09317093428217049 0.00028939749472507714 0.00021815296562688324 6.713397319533595e-12 7.387780850019071e8 1.0400221013312736e8
31400 820952.318382947 26.17912803256785 0.020887078074231076 2.0551970461956218e-5 1.625583930979992e-5 0.09236842817153956 0.00021478602429214622 0.0002534635885941272 7.089813470996101e-12 7.387780850019004e8 1.0400221013244563e8
31600 826178.3361954351 26.10864346401109 0.02118543901790369 2.0743576480323684e-5 1.6086400871899614e-5 0.09982967922042008 0.00025464889907572674 0.00022157433567245033 5.697764062761217e-12 7.387780850019062e8 1.0400221013194263e8
31800 831403.3579398249 26.11525371481112 0.020990586173564748 2.100481611350868e-5 1.6247802975504124e-5 0.08987260200410674 0.0002671221646544518 0.0002855903947405203 4.921475867254047e-12 7.387780850019063e8 1.0400221012956016e8
32000 836627.0933953774 26.149438590865135 0.021149883458605474 2.1402533964247536e-5 1.6081784699689105e-5 0.09335600230770069 0.00025518099115873216 0.0002990260641134723 5.09137218877796e-12 7.38778085001906e8 1.0400221012931748e8
32200 841869.0481494622 26.1982609170635 0.02111954674292041 2.1321761202782845e-5 1.625148583014554e-5 0.09444692767647211 0.00025691248744963424 0.00019081616282959346 5.544381822972017e-12 7.387780850018995e8 1.0400221013297148e8
32400 847096.9672947213 26.108391681847365 0.02144013200413092 2.1344576005748728e-5 1.6219125730037857e-5 0.10101996193225204 0.00024113475125742134 0.0002621815970553776 4.712640504987824e-12 7.387780850019002e8 1.0400221013473095e8
32600 852321.7447100341 26.12222665844595 0.021256366493779943 2.141107995768121e-5 1.660247650215049e-5 0.09251791473252524 0.0003021352763850488 0.0002912967008927743 6.424908219533162e-12 7.387780850019113e8 1.0400221013310021e8
32800 857544.8876815027 26.136736931436605 0.021414846176934177 2.1579693779699405e-5 1.67475750365781e-5 0.09724905769871839 0.0003190876343322768 0.00023051636094795214 5.802976720991516e-12 7.387780850019083e8 1.0400221013383545e8
33000 862785.2903844086 26.219593440903942 0.021403626163066413 2.1476066164835806e-5 1.6957367019673863e-5 0.09344325574966206 0.00023091223807452516 0.000252427983075898 7.0734984924958446e-12 7.387780850019088e8 1.0400221013506253e8
33200 868015.5710500662 26.11050977859115 0.021772670122363565 2.1599005105749148e-5 1.6770709893341448e-5 0.0991554667652963 0.0002646156370557373 0.0002575654396278493 7.802105292259364e-12 7.387780850019026e8 1.0400221013003954e8
33400 873239.9349869795 26.131562665734727 0.02156542063771303 2.1866170231006277e-5 1.6880324176620875e-5 0.09795337437935814 0.0003140141589757714 0.0003128092121031656 6.903747669489418e-12 7.387780850019122e8 1.0400221012498432e8
33600 878462.9521982506 26.126309910434955 0.02171950995157773 2.221398997400602e-5 1.6842080452372272e-5 0.09573901829753595 0.00030744920072589554 0.00029668435438087726 9.363461370131505e-12 7.387780850019077e8 1.0400221012993905e8
33800 883700.9850605885 26.243081469206675 0.021690565083647705 2.226509421014033e-5 1.6897672486063883e-5 0.09683444998518098 0.000250528298987196 0.00025149533399592555 7.517207708295834e-12 7.387780850019114e8 1.0400221013774924e8
34000 888934.0845802737 26.1150028807826 0.02208024475102191 2.2270059133093504e-5 1.6850872476627196e-5 0.0975784885831672 0.00026885038379997894 0.0002685916693362933 8.559710329448767e-12 7.387780850019064e8 1.0400221013501392e8
34200 894157.865426356 26.1432927014545 0.02194654852339565 2.232887289576731e-5 1.712396677638599e-5 0.10036112577108725 0.00031121102755073127 0.00033128278226630947 7.174292650311274e-12 7.38778085001913e8 1.0400221012836188e8
34400 899381.2353736418 26.118237600747324 0.02209775851709259 2.2464072408243352e-5 1.7391959308700236e-5 0.1085437697256566 0.00032605134007734904 0.00028881030534642915 8.349643015919352e-12 7.387780850019072e8 1.0400221013159443e8
34600 904616.1238247047 26.25624663943624 0.022125174257904966 2.2440230337975973e-5 1.7563469965220404e-5 0.0986937035486335 0.0002563120296624629 0.0002528564621443463 5.947653937635837e-12 7.387780850019058e8 1.040022101374493e8
34800 909840.7132680934 26.121979705828508 0.02243956316060326 2.245259473736518e-5 1.7480847454581165e-5 0.1000542430774658 0.00026887941477377053 0.00027902325844875175 4.182251504622372e-12 7.387780850019016e8 1.040022101315929e8
35000 915063.8882379375 26.137409596522804 0.022356581342917438 2.268649871759759e-5 1.7448629400951984e-5 0.09820867281086976 0.0003317782202395536 0.00031807451241910867 5.932786286493735e-12 7.387780850019033e8 1.0400221012331338e8
35200 920287.9321576754 26.11242250024675 0.022460343699181325 2.2982763581380615e-5 1.7547209866160047e-5 0.10654487659303413 0.00032859569137722033 0.00032566454007634804 4.319981167056715e-12 7.38778085001905e8 1.040022101280719e8
35400 925519.6918947628 26.231193906750736 0.022498112629845846 2.3213956425174996e-5 1.7433337767106406e-5 0.10578802604140947 0.00025219720344016316 0.0002970200345179877 4.775889284875436e-12 7.387780850019028e8 1.0400221013750593e8
35600 930758.8972923853 26.131189359762068 0.022734385048316125 2.3168197439635963e-5 1.745358390254599e-5 0.09696829313725175 0.00028499321695085733 0.0002546413702200767 5.277512653997563e-12 7.387780850019017e8 1.0400221013524123e8
35800 935981.9274426778 26.126816352688504 0.02274728402850091 2.3182935204984975e-5 1.7642897248978923e-5 0.09901806078778463 0.0002762376907195982 0.00032722481265115566 5.693967700127327e-12 7.387780850019109e8 1.0400221012834948e8
36000 941206.4854617862 26.10909162671486 0.022699380507532355 2.328578538468178e-5 1.80535999190683e-5 0.10141539487267437 0.00030954678319999873 0.0003114668977644286 6.4432831507283586e-12 7.387780850019077e8 1.0400221013073994e8
36200 946435.6314238743 26.208758764077317 0.022809954870378815 2.338988064802546e-5 1.815126508563831e-5 0.10233313792014087 0.0003312119311022488 0.00023447806071008603 6.323346425419267e-12 7.387780850019023e8 1.040022101356292e8
36400 951676.8337848879 26.1427245165088 0.022927608274092473 2.3295666407403693e-5 1.8259489791438987e-5 0.10065747018052207 0.0002526191555591861 0.00029879892156525756 6.145700393385023e-12 7.387780850019091e8 1.0400221013113125e8
36600 956900.1943709241 26.118616982240226 0.023083576018785894 2.348857235285797e-5 1.810528194638749e-5 0.10156354290666059 0.0003394359916799178 0.00025810615583774475 8.45586459150117e-12 7.387780850019064e8 1.0400221012525034e8
36800 962125.0867069837 26.10807408499773 0.022981751504224626 2.377640802117437e-5 1.8277740225886993e-5 0.09963578611314006 0.00035413204310354163 0.00032188766771859556 8.320068527786054e-12 7.387780850019023e8 1.0400221012784976e8
37000 967352.0670177005 26.18844846830035 0.0231984343356817 2.412186098817206e-5 1.804723267337221e-5 0.10425030802070978 0.0002698668468452403 0.0003473594703673477 8.187431313463738e-12 7.387780850019037e8 1.0400221013291627e8
37200 972594.452339812 26.156562693614873 0.023219103004784847 2.405718294300283e-5 1.816474471110605e-5 0.1042055910857016 0.00030108757209990067 0.00024018675714598814 7.813500123523565e-12 7.387780850019048e8 1.0400221013308708e8
37400 977818.6180497471 26.112794881666574 0.02350918005398616 2.4049241977272478e-5 1.81826753540639e-5 0.1042347030579549 0.0002661700450346284 0.0003304763603416694 8.058476551751752e-12 7.387780850019078e8 1.0400221013256706e8
37600 983043.6791889217 26.109444093750444 0.023267804336153646 2.4095428247763544e-5 1.8660117193081517e-5 0.10183874554059003 0.0003436659314342838 0.00034608077120986194 7.899041765080533e-12 7.387780850019059e8 1.0400221013333614e8
37800 988268.9613691963 26.170382328922717 0.023467780357718723 2.4269197530914878e-5 1.8742080773968e-5 0.10416968985009589 0.00036131537254777135 0.00025918868361601843 8.023749310199838e-12 7.38778085001903e8 1.0400221013063858e8
38000 993511.7151302578 26.172643069652082 0.023345253510094074 2.4125518345216826e-5 1.9023853465514147e-5 0.11247393699159147 0.0002507863821642198 0.00028774953675214654 6.822781573416565e-12 7.387780850019035e8 1.040022101262293e8
38200 998737.1451245071 26.10929142220438 0.023778535187928013 2.4271675207454464e-5 1.876122739721675e-5 0.11035164970780897 0.0003310559445527106 0.0002578724325442705 4.924251825811355e-12 7.387780850019093e8 1.0400221012734973e8
38400 1.0039622015178392e6 26.113219795502904 0.023474862645447698 2.455297683207784e-5 1.891444657426462e-5 0.10066584816559043 0.0003547660222483623 0.00032538741634544066 5.775437297648851e-12 7.387780850019106e8 1.0400221013115796e8
38600 1.0091862551659284e6 26.154580551632836 0.023608053243411458 2.5017676605549455e-5 1.8698073400136524e-5 0.10578535739296058 0.00034968105411259387 0.00037098889379932887 5.435564247525573e-12 7.38778085001906e8 1.0400221013141096e8
38800 1.014428566059398e6 26.1909701383859 0.023492666580113286 2.4948276196154745e-5 1.8909102090288515e-5 0.1108054855485534 0.00029748107326765805 0.0002724653215032402 5.585982912248076e-12 7.387780850019e8 1.0400221013070104e8
39000 1.0196557297271148e6 26.108191661546364 0.024055017455185887 2.4919545845006398e-5 1.8791422990268544e-5 0.11208935103240947 0.0003027394726079491 0.0003391581600277749 6.698561256885421e-12 7.387780850019066e8 1.0400221013255514e8
39200 1.0248806120754165e6 26.11937260197811 0.023800620204166685 2.492356456854066e-5 1.923256802098567e-5 0.11152711541217286 0.0003171667134857503 0.0003763890386262025 7.356011623781356e-12 7.387780850019115e8 1.0400221013272724e8
39400 1.0301039090869733e6 26.141069318143522 0.023892556039596797 2.5141886957920282e-5 1.9404588477952006e-5 0.10846620391748729 0.00038859367620083796 0.000323895546185643 4.701759704670268e-12 7.387780850019094e8 1.0400221012911117e8
39600 1.035344964456413e6 26.211503032032752 0.023735168489818013 2.499952729362684e-5 1.9749423357324356e-5 0.11283073732556659 0.0002911283512548532 0.0002901401061893294 6.8518046987467566e-12 7.387780850019046e8 1.0400221012717272e8
39800 1.0405628714573819e6 26.10951073750194 0.02430336869781317 2.508699304196564e-5 1.949859388716305e-5 0.11534685080368945 0.00032836251148268825 0.00032250980097370263 7.531952834370577e-12 7.387780850019047e8 1.0400221012837942e8
40000 1.0457873988713716e6 26.128011080777526 0.024025198406911148 2.532272367914685e-5 1.956893252171909e-5 0.1138924621118349 0.0003824288719464393 0.00033230575324111333 8.703843841106691e-12 7.387780850019069e8 1.0400221012856424e8
40200 1.0510103968180025e6 26.129616382394353 0.023996910471614914 2.5789495130387804e-5 1.9489537704393454e-5 0.11949965050735045 0.0003868332717129608 0.0003774355710969568 8.66371688154727e-12 7.387780850019083e8 1.040022101294048e8
40400 1.0562493357578963e6 26.234659631105572 0.023863151316788567 2.5852358041378e-5 1.9601897218033573e-5 0.10890757484412461 0.00028106366211744227 0.0002918016325243987 8.52961702423338e-12 7.38778085001906e8 1.040022101334893e8
40600 1.0614814030739707e6 26.113179038478172 0.02437209168428855 2.5806196409199444e-5 1.9515362237387233e-5 0.11827024130798236 0.0003490686125962039 0.0003099425095245689 8.015496098240837e-12 7.38778085001903e8 1.0400221013355835e8
40800 1.0667054065471864e6 26.138863882821592 0.02419979783364664 2.5778966283895176e-5 1.983550373409432e-5 0.11086076733045047 0.00033036674767619734 0.0003660630494182193 8.576623933839636e-12 7.387780850019042e8 1.0400221012788089e8
41000 1.0719285875791549e6 26.12072263506643 0.02411855608902054 2.5925206207006765e-5 2.02018890977372e-5 0.11706042014702689 0.0003932910552392199 0.00033925673754726937 6.002011035096268e-12 7.387780850019041e8 1.040022101271516e8
41200 1.0771646330964556e6 26.259536219787766 0.024108476940907973 2.587564772648906e-5 2.046195435490375e-5 0.11242392369786103 0.0003017814089232031 0.00029039811384612424 6.732970699043877e-12 7.387780850019102e8 1.0400221013258016e8
41400 1.0823998118092406e6 26.119181740902235 0.024625310543304295 2.585418022827534e-5 2.034156779000423e-5 0.11020589767758793 0.00029073645518296054 0.0003801631814190909 6.3078010574983454e-12 7.387780850019073e8 1.0400221013049363e8
41600 1.0876231566285691e6 26.141856837490668 0.024684075288283366 2.6022351741409907e-5 2.0271071187747862e-5 0.1141189625413972 0.00035842330287221 0.00029607973659961234 5.096947079342704e-12 7.387780850019113e8 1.0400221012233639e8
41800 1.0928469580260962e6 26.114201509638196 0.02451295231969029 2.6423636849598136e-5 2.0372591800957422e-5 0.11146180269861361 0.0003787109275699141 0.0003368303567648778 6.221210295052135e-12 7.387780850019075e8 1.0400221012575658e8
42000 1.0980797858732054e6 26.23993732192529 0.024601169771557418 2.6675685854480432e-5 2.0254401686853914e-5 0.1134966229328711 0.0003081938291447095 0.00031659239656606913 6.314685434720468e-12 7.387780850019083e8 1.040022101385124e8
42200 1.1033180543107353e6 26.127544349539892 0.02488592381498923 2.6599774961124763e-5 2.0292250193434358e-5 0.10989363741282432 0.0003765729753794078 0.0002972471383017039 4.998542220167428e-12 7.387780850019048e8 1.0400221013783038e8
42400 1.1085410835395835e6 26.1304282272364 0.02500737913063642 2.655753399820929e-5 2.045415499217942e-5 0.11077602312434465 0.00028775394662036713 0.0003938642445528856 5.946346844046181e-12 7.387780850019039e8 1.040022101250262e8
42600 1.1137654623790109e6 26.109995414950006 0.024604628479080543 2.667015922996843e-5 2.0997165846864415e-5 0.10890535880025709 0.00034921426498479846 0.00042327663109277547 4.864919061943723e-12 7.387780850019068e8 1.0400221012287901e8
42800 1.1189955082061666e6 26.216718763357616 0.024750827201330747 2.6815219216044724e-5 2.1064255167788e-5 0.11158223112943233 0.00033540540139241626 0.00033206773825736335 6.047163436871503e-12 7.387780850019054e8 1.0400221013230202e8
43000 1.124236072130449e6 26.138226802788996 0.02494482044007643 2.667003850879164e-5 2.1229575875016265e-5 0.11482431182230357 0.00028281308586936005 0.0003815154345617744 6.468213173027155e-12 7.387780850019125e8 1.0400221013252045e8
43200 1.129459260628674e6 26.12136067965023 0.02525855734222888 2.6811765556129264e-5 2.1021574864625436e-5 0.11491439747624099 0.00037417236557663047 0.0002969115058691421 7.813289533564045e-12 7.38778085001908e8 1.0400221012426843e8
43400 1.1346840426494346e6 26.108126408172968 0.02478459633593485 2.71653097692169e-5 2.1258052216547172e-5 0.11084812967965263 0.00042281377462239506 0.00036982206040359067 8.661339129458874e-12 7.387780850019029e8 1.0400221012605982e8
43600 1.1399117587043894e6 26.195622926881892 0.025019161611707776 2.758826650507145e-5 2.0985280136438714e-5 0.1105636248303199 0.00034898108361636204 0.00036097639565681183 8.525899154220765e-12 7.387780850019047e8 1.0400221013572155e8
43800 1.1451538051789512e6 26.151226294105868 0.025097916663951392 2.7506208478557497e-5 2.116106934802662e-5 0.12706329260981875 0.00037419238666913657 0.00028018896137105287 8.523046617496359e-12 7.38778085001902e8 1.0400221013509314e8
44000 1.1503776214299724e6 26.11464265651823 0.025598218553624135 2.7415082770926022e-5 2.117901186779089e-5 0.11793539803147723 0.0002855057812567777 0.0003736747026065468 8.520070598477508e-12 7.387780850019041e8 1.0400221012740588e8
44200 1.1556026370062046e6 26.108655847710175 0.02506225716245845 2.7462480433077763e-5 2.178483266721222e-5 0.10814598137221765 0.0003757361554720673 0.000431929812965956 6.9746619239035535e-12 7.387780850019065e8 1.040022101266514e8
44400 1.160828487984318e6 26.176754424195504 0.025344009076345268 2.770762172506334e-5 2.180562015479638e-5 0.11258861669739417 0.0003958391138292605 0.0003703720028764568 6.426206219465476e-12 7.38778085001913e8 1.0400221012954526e8
44600 1.1660712018256178e6 26.166471442262562 0.02532248346969118 2.7543452403984717e-5 2.213167191066785e-5 0.12419141907230369 0.0002897855833748908 0.0003854001060026313 6.020495090179579e-12 7.387780850019052e8 1.0400221012765819e8
44800 1.1712848277154078e6 26.110229222126577 0.025917363300766705 2.7627720158225288e-5 2.189629551372022e-5 0.12596035521710292 0.000383875238188891 0.00026982773153516604 5.364637549159285e-12 7.387780850019034e8 1.0400221012696336e8
45000 1.176509901084448e6 26.1116021290919 0.02529921412223035 2.7975386461997433e-5 2.2091976216854748e-5 0.12337976518028881 0.0004699525629453388 0.0003651047347773273 5.92708504195328e-12 7.387780850019132e8 1.040022101312757e8
45200 1.1817343262317684e6 26.159823781278494 0.02550622260302331 2.8501732025469382e-5 2.1783845399800438e-5 0.12219457486753527 0.0004274833273111567 0.0004260071238719326 4.0035984696907884e-12 7.387780850019101e8 1.0400221013245624e8
45400 1.186976881616072e6 26.18431018996102 0.025524318337001948 2.850025969645057e-5 2.194087554662604e-5 0.12443538677325705 0.0003830979674742663 0.00031371759097396923 4.186317805295283e-12 7.387780850019113e8 1.040022101290147e8
45600 1.1922033860892851e6 26.108296605382595 0.026238017919664094 2.8456130509841358e-5 2.1822694652016256e-5 0.12452606872102479 0.0003075582561247181 0.00039990977043716236 5.1512266414089475e-12 7.387780850019081e8 1.0400221012958686e8
45800 1.1974283441554143e6 26.116879641541257 0.025742913468980794 2.8435691382615812e-5 2.2390610126107986e-5 0.1282036284374044 0.00037296888878568524 0.0004886195494272778 6.0970703855964436e-12 7.387780850019014e8 1.0400221013190863e8
46000 1.2026518391790763e6 26.14546654654637 0.02588473232038717 2.8707592659743464e-5 2.2486840419574574e-5 0.11548903428592894 0.0004276477178879745 0.00046105152155143103 6.023590762584521e-12 7.387780850019075e8 1.0400221012783994e8
46200 1.2078934174069404e6 26.204096586924255 0.025869691294933776 2.8582599694247133e-5 2.282918337413156e-5 0.12465869707921229 0.00034017559716947865 0.0003733668635187426 5.41950197697674e-12 7.387780850019083e8 1.0400221012346697e8
46400 1.2131219553091275e6 26.10873427711625 0.026527230752421832 2.8625372532031462e-5 2.2623724283926485e-5 0.12536940310110367 0.00039214889644864637 0.0003396382244021945 7.5750854869886e-12 7.387780850019096e8 1.0400221012714526e8
46600 1.2183466241223307e6 26.124530788995067 0.026149200374182426 2.886883953246239e-5 2.272442202916568e-5 0.1331524248853384 0.0004802019867075104 0.0003589101112704274 7.839582647237188e-12 7.387780850019097e8 1.040022101325775e8
46800 1.2235696574536187e6 26.13339592446367 0.026169274379133693 2.9399652500005894e-5 2.2571104485660878e-5 0.11705886341769656 0.0004755608659892385 0.0004336252775827554 1.0146327630192404e-11 7.387780850019106e8 1.0400221013211115e8
47000 1.2288094452589108e6 26.22605258310169 0.026272685165684505 2.9489432584856477e-5 2.2644429883312065e-5 0.1318265263835201 0.0003745764471378976 0.0003346762058249464 7.876508639411908e-12 7.387780850019115e8 1.0400221013063592e8
47200 1.234040476739489e6 26.11153062796957 0.026807601130570305 2.9537749915728306e-5 2.253377419935822e-5 0.12462328845958837 0.00037216467478529136 0.00037197436504582404 7.706237084869213e-12 7.387780850019081e8 1.0400221013064703e8
47400 1.2392646868844626e6 26.134557266725547 0.026618068138454944 2.9445489140619264e-5 2.2959916788454704e-5 0.12739009010874724 0.0003363777108502247 0.0004737483238425183 7.12348824136396e-12 7.387780850019071e8 1.0400221012753429e8
47600 1.2444877314120939e6 26.123626585018258 0.026452386875832554 2.963506355462562e-5 2.3312944260770113e-5 0.11775213806686224 0.0004450140188045626 0.0004979526348243557 7.234613212707779e-12 7.387780850019168e8 1.0400221012427616e8
47800 1.2497249149555198e6 26.250141815156997 0.026631284291412448 2.964194031770454e-5 2.3487895982338535e-5 0.12641059529050835 0.0004002596294556682 0.00036957854850072636 5.7391315886276274e-12 7.387780850019088e8 1.0400221012851706e8
48000 1.254958890222528e6 26.116670312882935 0.02703776370731745 2.9633650438480426e-5 2.3495881706771238e-5 0.12521061157167424 0.0003924354205047109 0.00040670064586922905 6.7983722826540354e-12 7.387780850019064e8 1.0400221013215394e8
48200 1.2601824675959656e6 26.146666697146102 0.02716260619497703 2.9738413000056997e-5 2.3493972506546376e-5 0.12797628169391828 0.0005045901624362789 0.0003506585619033331 6.194469199101468e-12 7.387780850019028e8 1.040022101274328e8
48400 1.265405998300688e6 26.116215727511225 0.026875470702356 3.0233226145938984e-5 2.3522636783787385e-5 0.11615896242619783 0.0005462710758116496 0.0004168491489332793 5.218679562670247e-12 7.387780850019118e8 1.0400221012583278e8
48600 1.2706399361552284e6 26.248880977557135 0.02717636356783607 3.0515023622775402e-5 2.3311268757590524e-5 0.13729402638273314 0.00040557788945908 0.00034012561212427503 3.909200563108923e-12 7.387780850019078e8 1.040022101347865e8
48800 1.2758771522259838e6 26.12417334942098 0.027301494694385583 3.059787471834015e-5 2.3313293344169094e-5 0.1239125320189487 0.0004149124813399574 0.00039380545074380047 4.8428588064569286e-12 7.387780850019016e8 1.0400221013667077e8
49000 1.2811002402356712e6 26.134364220425738 0.027549032304109992 3.0421562483075056e-5 2.356059197891322e-5 0.13032638370896166 0.0003523144254456781 0.0005012730597710041 6.907910889405062e-12 7.387780850019102e8 1.0400221012399518e8
49200 1.2863244039572296e6 26.111091381582867 0.027102885963521856 3.050580756112398e-5 2.417718482901556e-5 0.11707842793839518 0.0004177992818766574 0.000560308421233835 6.9063513271707545e-12 7.387780850019093e8 1.040022101184465e8
49400 1.291555383976798e6 26.224836477581757 0.027543106611921882 3.070174170481956e-5 2.4080514602858576e-5 0.14145374646795972 0.0004192756449442614 0.00043487398659292076 7.397198233727997e-12 7.387780850019047e8 1.0400221013074237e8
49570 1.296e6 15.19611591892317 0.027458061761539712 3.059569947629284e-5 2.4381082046420818e-5 0.1382437993906933 0.0003654970226493748 0.00043990600328225327 7.138475067278608e-12 7.387780850019163e8 1.0400221013737851e8
