#timestep time dt l2_h l2_h_vcon1 l2_h_vcon2 linf_h linf_h_vcon1 linf_h_vcon2 dsdu_ut mass entropy 
0 0.0 100.0 0.0 0.0 0.0 0.0 0.0 0.0 -3.081754323691344e-12 9507.350780127865 7.387780849071515e8
50 1416.0287986059493 28.30902364633376 8.333756181363357e-6 7.895111122966844e-10 1.4821940161075363e-9 5.043149030825589e-5 8.964995787397179e-9 1.386844050710323e-8 -2.7442848707200198e-12 9507.350780127801 7.387780849071565e8
100 2831.117402279817 28.297114671700967 7.879227463108336e-6 1.0881699387794184e-9 1.3428354032598686e-9 7.068539298415999e-5 1.06731609661459e-8 1.1940649274899684e-8 -3.127849594158241e-12 9507.350780127841 7.387780849071512e8
150 4245.9725433954145 28.299424492191942 7.593336056586436e-6 1.3965150608522628e-9 1.3788364576787907e-9 6.287531027737714e-5 1.419848144612601e-8 1.408223448962076e-8 -3.793424904717083e-12 9507.350780127823 7.387780849071535e8
200 5661.308012465367 28.316049920483028 7.510073120515361e-6 1.710765155352097e-9 1.4684435817912327e-9 5.771495921180758e-5 1.7613439151631383e-8 1.3262151293824687e-8 -3.855921304125519e-12 9507.350780127785 7.387780849071493e8
250 7077.840062042643 28.34699369138753 7.398110375760691e-6 2.0059743170347524e-9 1.5118791593162229e-9 5.487546786753228e-5 2.0075222317839092e-8 1.2983500663477088e-8 -3.2492604492083785e-12 9507.350780127854 7.387780849071474e8
300 8496.282566298109 28.39215888409919 7.299814902840257e-6 2.285085316742039e-9 1.5961788190050685e-9 5.335558171282173e-5 2.2536883026447185e-8 1.6531535140806852e-8 -4.268708256134262e-12 9507.350780127808 7.387780849071525e8
350 9917.341866824203 28.451341987931286 7.338959633941064e-6 2.5370271247897966e-9 1.6695665539803722e-9 5.6964396662806394e-5 2.394357484503118e-8 2.0452945614923834e-8 -3.898035467129603e-12 9507.350780127827 7.387780849071498e8
400 11341.143232737211 28.467515873243567 7.305078241510178e-6 2.7656656825539977e-9 1.743376649239348e-9 6.125357595010428e-5 2.7309506822614793e-8 2.5164636763275183e-8 -2.0271064050246397e-12 9507.35078012786 7.387780849071492e8
450 12762.868028764511 28.40502539879256 7.312606125379517e-6 2.9681418587206614e-9 1.8266626320448983e-9 5.876505611013272e-5 3.1900537378337646e-8 2.8897472748035113e-8 -3.835760187178706e-12 9507.350780127805 7.387780849071534e8
500 14181.822942569159 28.35648923782012 7.3282459695987275e-6 3.148319851323428e-9 1.9056998692929965e-9 5.951852290309034e-5 3.553507818554458e-8 3.184247188148248e-8 -4.872190159889103e-12 9507.350780127832 7.38778084907151e8
550 15598.712016777494 28.32213713318204 7.307443384823284e-6 3.3005534849870644e-9 1.9716766678625953e-9 5.386003158491803e-5 3.835443596056365e-8 3.4156780043259616e-8 -3.988020556850527e-12 9507.35078012781 7.387780849071563e8
600 17014.247982364686 28.302090356159688 7.34002078424609e-6 3.432427220092324e-9 2.0462961987389047e-9 5.588442809312255e-5 3.8885802772226086e-8 3.424284958364332e-8 -4.594902531225209e-12 9507.350780127828 7.38778084907149e8
650 18429.147025355185 28.296368967049673 7.354367491345165e-6 3.5428715675816497e-9 2.1017670828601268e-9 5.6438957471982576e-5 3.8315998845961374e-8 3.367697271050574e-8 -3.99012549921906e-12 9507.350780127783 7.387780849071503e8
700 19844.123883215994 28.304897736936272 7.3952907719309085e-6 3.6388291017133227e-9 2.148763798623996e-9 5.79582429054426e-5 3.767659484399388e-8 3.284065683284432e-8 -3.1594811633115713e-12 9507.350780127803 7.38778084907151e8
750 21259.887201473193 28.32751067053045 7.400756508057766e-6 3.7233116769713386e-9 2.1958261541236755e-9 5.7610227031545946e-5 3.974625950586841e-8 3.0108488452418314e-8 -3.3041095614034403e-12 9507.350780127801 7.387780849071515e8
800 22676.115195710012 28.313068638695167 7.409203973831508e-6 3.799342576981229e-9 2.2231401028199326e-9 5.778970262326766e-5 4.055341340514218e-8 2.583237618258849e-8 -5.048969901443586e-12 9507.350780127852 7.387780849071448e8
850 24091.334659702687 28.298353730627895 7.44699865422237e-6 3.869086808460745e-9 2.2503034958939216e-9 5.8915078170684865e-5 3.801008571779896e-8 2.195638945656775e-8 -3.696455886155405e-12 9507.350780127857 7.387780849071509e8
900 25506.179523840754 28.297827554382753 7.467848339546049e-6 3.9358765720544806e-9 2.274235708794355e-9 6.015499366185395e-5 3.246159302472407e-8 2.3748026933834154e-8 -3.709600528540442e-12 9507.350780127827 7.387780849071513e8
950 26921.362535241882 28.311605084648512 7.495887605826426e-6 3.998511827938392e-9 2.2892832780379432e-9 5.9028519444837e-5 3.1913011011575065e-8 2.569887530556869e-8 -4.047054187264799e-12 9507.350780127845 7.387780849071481e8
1000 28337.59983385022 28.339708150643016 7.512422020195595e-6 4.0578546854350756e-9 2.3161554799977456e-9 6.184537687659031e-5 3.4909531043680886e-8 2.7492190385336457e-8 -4.689668013028195e-12 9507.350780127807 7.387780849071524e8
1050 29755.606165702502 28.38206014237957 7.53965926605799e-6 4.115285199140814e-9 2.334389095675966e-9 5.8956040447810665e-5 3.7349639658845746e-8 2.9183865712933965e-8 -3.969818883754732e-12 9507.350780127801 7.387780849071531e8
1100 31176.08979683693 28.438479347386473 7.544797235175601e-6 4.165880391417828e-9 2.358331530705578e-9 5.78046010559774e-5 3.896284939131078e-8 3.079503974046105e-8 -2.290207210310437e-12 9507.350780127868 7.387780849071463e8
1150 32599.610136078743 28.481566991551816 7.551093413813019e-6 4.213756385252602e-9 2.3872369421668622e-9 5.774952160209068e-5 3.9561667664056444e-8 3.259106340358642e-8 -3.8991326587669295e-12 9507.35078012788 7.387780849071506e8
1200 34021.96803129709 28.41634111093726 7.562879459167241e-6 4.2499183466557605e-9 2.4101301431511185e-9 5.73793063267658e-5 3.9665991102832976e-8 3.382091090520234e-8 -2.373827697117139e-12 9507.350780127801 7.387780849071515e8
1250 35441.41766475241 28.3650102566752 7.547683579218942e-6 4.276159349516549e-9 2.435638785166491e-9 5.835871706949547e-5 4.534441358505781e-8 3.461646003177776e-8 -4.042623900990509e-12 9507.350780127794 7.387780849071498e8
1300 36858.66069610312 28.327826691520894 7.5381516852904595e-6 4.287448830627068e-9 2.4657471815210316e-9 5.6439069339830894e-5 4.9263849777325674e-8 3.4612327726168957e-8 -5.150534088645619e-12 9507.35078012784 7.387780849071523e8
1350 38274.40855780818 28.30493262077732 7.543783340236958e-6 4.2822641865675155e-9 2.492377083128093e-9 5.7895269037544494e-5 5.032507979785272e-8 3.40494354378329e-8 -4.050219737247854e-12 9507.350780127825 7.387780849071527e8
1400 39689.377149080035 28.296367702485256 7.514691957160796e-6 4.2618675134794295e-9 2.518640646083707e-9 6.072395171941025e-5 4.836454076118102e-8 3.2620444623265854e-8 -2.3132215819025458e-12 9507.350780127817 7.387780849071511e8
1450 41104.281871773615 28.30207523047909 7.518327524666091e-6 4.230423394619576e-9 2.5484774765163903e-9 6.185869460750837e-5 4.569090564232603e-8 3.0540366569020705e-8 -3.7045837013674165e-12 9507.350780127847 7.387780849071513e8
1500 42519.83294102698 28.32190695854648 7.5449786605622984e-6 4.191762812203014e-9 2.5808027407254012e-9 6.196449703566032e-5 4.100025091657855e-8 2.8310730149083696e-8 -3.847513021376454e-12 9507.350780127857 7.387780849071513e8
1550 43908.11628686143 28.318154574374752 7.532978951810152e-6 4.15049781590437e-9 2.6079308934356303e-9 6.0595803006435744e-5 3.780246529694331e-8 2.592576914262068e-8 -3.860385811268238e-12 9507.35078012783 7.387780849071511e8
1600 45323.511797445324 28.300363392294653 7.572148272361891e-6 4.112836991110605e-9 2.6356477753960237e-9 5.8183048395221704e-5 3.789921138031005e-8 2.3813478383649667e-8 -4.267924287148437e-12 9507.350780127837 7.38778084907151e8
1650 46738.377867307485 28.29672382985862 7.594865255289489e-6 4.084785214402834e-9 2.6629403477879664e-9 6.0014313476131065e-5 3.3589612868922814e-8 2.446723535278264e-8 -3.3114639371276055e-12 9507.350780127805 7.387780849071491e8
1700 48153.42588903017 28.307370643269838 7.619965998045832e-6 4.0669135624317684e-9 2.683106163838482e-9 5.967470337964187e-5 2.9271320201029738e-8 2.813758585070575e-8 -2.794387093781132e-12 9507.350780127848 7.387780849071474e8
1750 49569.371660617995 28.33234642077631 7.639201099934283e-6 4.062565397762893e-9 2.7019467434521805e-9 6.000219104862481e-5 3.0645974868903636e-8 3.153486609515366e-8 -3.8020255901110214e-12 9507.350780127823 7.387780849071499e8
1800 50986.93065560431 28.37159659018609 7.654102125131055e-6 4.069352266583977e-9 2.715370399921829e-9 5.975914382361225e-5 3.534423276274623e-8 3.4744607900830116e-8 -2.5265377242139795e-12 9507.350780127805 7.38778084907157e8
1850 52406.813007967874 28.424963037164908 7.656673239418037e-6 4.086084387028319e-9 2.7259020605143785e-9 5.8648729009291856e-5 3.93151278754722e-8 3.742496093930847e-8 -1.6750133938158993e-12 9507.350780127792 7.387780849071509e8
1900 53829.71814454695 28.49217643818757 7.650559188739192e-6 4.1086464594336115e-9 2.7362219238178486e-9 5.90415238548303e-5 4.2078073136941896e-8 3.870780059325729e-8 -2.365001824050533e-12 9507.35078012781 7.387780849071476e8
1950 55252.80105783851 28.42941839482573 7.647803872940639e-6 4.132020178150548e-9 2.7445257542750246e-9 5.751882008553366e-5 4.3584781062033784e-8 3.8849454757350355e-8 -2.373940410606859e-12 9507.350780127837 7.387780849071463e8
2000 56672.826720816105 28.375025781120918 7.626767421895353e-6 4.150916067948459e-9 2.7494056720014932e-9 5.607086950476514e-5 4.382019669346704e-8 3.8040326444388484e-8 -3.3850431117715464e-12 9507.350780127772 7.387780849071497e8
2050 58090.491434146614 28.33473501782071 7.603696714498017e-6 4.1629902443295925e-9 2.7488994092377634e-9 5.582613812293857e-5 4.59492173199294e-8 4.1401327866008586e-8 -3.849213056686375e-12 9507.350780127823 7.387780849071538e8
2100 59506.504961130675 28.308711673508437 7.577132536008264e-6 4.168330018381662e-9 2.742242617719118e-9 5.8542083479551366e-5 4.7132521135972993e-8 4.190289265570968e-8 -2.6396427198135665e-12 9507.35078012785 7.387780849071503e8
2150 60921.5826595053 28.297017231769868 7.555248690393197e-6 4.166203047845758e-9 2.730276804980152e-9 6.065864226911799e-5 4.493925975790347e-8 3.9405277207915645e-8 -2.730483570551985e-12 9507.350780127848 7.387780849071453e8
2200 62336.44044847374 28.2996155885558 7.5401331399197965e-6 4.158862321331912e-9 2.715260296096083e-9 6.047095985195483e-5 3.968137213261613e-8 3.4439113227868745e-8 -2.587911296247114e-12 9507.350780127821 7.387780849071488e8
2250 63751.79006553013 28.316378162463476 7.529550159073963e-6 4.150281718946487e-9 2.6984298735472344e-9 6.0072733049310045e-5 3.6354691174134146e-8 2.9185918792862253e-8 -3.337106136385569e-12 9507.35078012782 7.387780849071497e8
2300 65168.10655902092 28.323357225956023 7.5133355333397785e-6 4.1465327857845445e-9 2.6791314351586933e-9 6.0858229062432656e-5 3.877787346784345e-8 2.856377326332371e-8 -2.737975786976954e-12 9507.350780127863 7.387780849071434e8
2350 66583.69129513897 28.302777839074793 7.5048447998427284e-6 4.149522206904612e-9 2.6582935373966322e-9 6.011648974890704e-5 3.9572504328955205e-8 2.955818750871586e-8 -3.5774601150506107e-12 9507.350780127783 7.387780849071522e8
2400 67998.60615326304 28.296312658609963 7.5162283113903255e-6 4.160264585566224e-9 2.6391552116244328e-9 6.13179931860941e-5 3.650489927009559e-8 2.8771628635126945e-8 -2.8847770905606693e-12 9507.350780127897 7.387780849071578e8
2450 69413.56110746988 28.304114281924225 7.537646933904228e-6 4.178771046354307e-9 2.618784419502396e-9 6.346892087094602e-5 3.0529943906287826e-8 2.871105408974728e-8 -1.825833615332441e-12 9507.350780127796 7.387780849071488e8
2500 70829.27144904163 28.32624396124295 7.551448877338517e-6 4.2022476382422344e-9 2.5998783928786204e-9 6.362058729791897e-5 3.040867024850513e-8 2.8325341350221578e-8 -3.2181228092329302e-12 9507.3507801278 7.387780849071492e8
2550 72246.4531050879 28.362666894380922 7.570659126203699e-6 4.2302121470509624e-9 2.5826911358746e-9 6.0290076362434775e-5 3.533364217878088e-8 2.5429020722445017e-8 -4.484620159004072e-12 9507.350780127805 7.387780849071465e8
2600 73665.81768560433 28.413246113038532 7.586619142998018e-6 4.2593470240533394e-9 2.568483734577988e-9 5.8941061979567166e-5 3.946003740429305e-8 2.3137300964037877e-8 -3.084048079103166e-12 9507.350780127841 7.387780849071472e8
2650 75088.06719125746 28.477735062660607 7.586583574934351e-6 4.286094889965192e-9 2.5584136817757172e-9 5.82509028390632e-5 4.21727312516218e-8 2.4143401139431475e-8 -2.0177181311299477e-12 9507.350780127803 7.387780849071475e8
2700 76511.65336994584 28.441883944806758 7.587606301695283e-6 4.308914521430892e-9 2.5520746351699206e-9 5.686027907358948e-5 4.32796539717728e-8 2.4498136685924266e-8 -2.380415453596466e-12 9507.35078012782 7.387780849071535e8
2750 77932.23184216543 28.384718518891862 7.61022629434363e-6 4.325080462249505e-9 2.5509997238137927e-9 5.463561024043884e-5 4.2655374954403413e-8 2.3959307537957386e-8 -3.4308761020160797e-12 9507.35078012782 7.387780849071531e8
2800 79350.30945911493 28.341608988680477 7.6274714523207346e-6 4.331892659976463e-9 2.5549826098373362e-9 5.438980861072196e-5 4.3069552035923664e-8 2.391211190166942e-8 -1.9536928306670818e-12 9507.350780127817 7.387780849071542e8
2850 80766.59424288022 28.312742490680694 7.609662970225838e-6 4.3272079057472796e-9 2.5636773954576266e-9 5.821127342642285e-5 4.3251427328527825e-8 2.3178169827886563e-8 -1.7679596655363951e-12 9507.350780127808 7.387780849071513e8
2900 82181.8008505187 28.298200633336638 7.595436999191358e-6 4.313291954815509e-9 2.577079600605207e-9 6.178887997521088e-5 4.069269277096055e-8 2.4642756890624895e-8 -4.141246768655067e-12 9507.350780127837 7.387780849071488e8
2950 83596.645475513 28.29796625387594 7.595491733952413e-6 4.293931343305818e-9 2.5953857397998687e-9 6.212292464624625e-5 3.605036213993884e-8 2.3834401507993874e-8 -3.7034474728128695e-12 9507.35078012782 7.387780849071567e8
3000 85011.84105239621 28.31192880646507 7.585396477986726e-6 4.2728497171866654e-9 2.6183251519119193e-9 6.24541130491707e-5 3.612640744887763e-8 2.341171811970355e-8 -2.5182567526677406e-12 9507.350780127808 7.387780849071492e8
3050 86400.0 0.2864994022384053 7.5755616211685015e-6 4.2557648413862114e-9 2.6425828876645966e-9 6.286859206738882e-5 3.8828001425184056e-8 2.446716693138562e-8 -4.563925705400699e-12 9507.350780127805 7.387780849071506e8
3100 87815.82474334618 28.30607647561831 7.56069724024792e-6 4.246432048394874e-9 2.667908484892189e-9 6.144611643321696e-5 4.1374839498953264e-8 2.4650092050881867e-8 -4.18163409399074e-12 9507.350780127823 7.387780849071473e8
3150 89230.82562733053 28.296511137946382 7.5550829621456834e-6 4.248211999945118e-9 2.6915174323220136e-9 6.098813446442364e-5 3.9864754219909315e-8 2.551738548239868e-8 -3.943761247940177e-12 9507.350780127792 7.387780849071542e8
3200 90645.71086203583 28.301186922841005 7.567379028351257e-6 4.260219159787118e-9 2.71265640921209e-9 6.243069265110535e-5 3.4358314249249844e-8 2.7155678206103318e-8 -4.11280085125366e-12 9507.35078012783 7.387780849071555e8
3250 92061.19496859728 28.320185397792258 7.574690607977438e-6 4.281340987748768e-9 2.7317997750345926e-9 6.205839736139751e-5 2.9934818013277464e-8 2.8232810385560303e-8 -2.553207985365442e-12 9507.35078012783 7.387780849071547e8
3300 93477.99414763623 28.35349322125785 7.5819820422845415e-6 4.309980112329679e-9 2.7487467664165394e-9 6.189300165715395e-5 3.311969615227284e-8 3.310070292514289e-8 -4.0657694126938e-12 9507.350780127827 7.387780849071492e8
3350 94896.82139156757 28.400996339228648 7.584397642975581e-6 4.3424399760965695e-9 2.7639121268258586e-9 6.033010731698596e-5 3.838355094876178e-8 3.764888687612933e-8 -4.76087039281035e-12 9507.350780127847 7.387780849071534e8
3400 96318.38127205486 28.46247283616019 7.584052538778998e-6 4.374687793668012e-9 2.7779520035231874e-9 5.931663054070668e-5 4.2587948223538064e-8 4.140253487619483e-8 -5.0398580567841646e-12 9507.35078012781 7.387780849071498e8
3450 97742.21220889596 28.456218796978124 7.5918547245634e-6 4.403245251412593e-9 2.7915347222863038e-9 5.935609942753217e-5 4.5315598939943413e-8 4.359558878480607e-8 -3.4213038311268894e-12 9507.350780127827 7.38778084907154e8
3500 99163.4303063059 28.396017998256667 7.602381663018055e-6 4.425977667151373e-9 2.803434214349135e-9 5.9016286741098156e-5 4.624273847175786e-8 4.329553490028948e-8 -3.2116749275619716e-12 9507.350780127834 7.387780849071583e8
3550 100581.99425524811 28.349817390930077 7.606166904078652e-6 4.441458753557948e-9 2.811060951593239e-9 5.669604342983803e-5 4.654842411522253e-8 4.1078768206470606e-8 -2.109211601349583e-12 9507.350780127796 7.387780849071512e8
3600 101998.6099141722 28.31782819599878 7.595254288037255e-6 4.449872466861272e-9 2.8110691587701544e-9 6.016425822963356e-5 4.386607965756184e-8 3.871081025175194e-8 -4.372332874645195e-12 9507.350780127772 7.387780849071494e8
3650 103413.99093756382 28.300154458117834 7.580986039674422e-6 4.45123446103724e-9 2.803156615469607e-9 6.147123076516436e-5 3.847514615240577e-8 3.566414426281472e-8 -4.178125856709852e-12 9507.35078012784 7.387780849071491e8
3700 104828.8536021251 28.29680008729177 7.571166120635285e-6 4.448976594341174e-9 2.788436272716952e-9 6.238217019927106e-5 4.1402533457191026e-8 3.492105912772381e-8 -4.677660556424795e-12 9507.350780127852 7.387780849071497e8
3750 106243.91195102023 28.307674553582462 7.564514212626033e-6 4.44684314517924e-9 2.7702024385407776e-9 6.306227669483633e-5 4.2655163873250856e-8 3.268901829778237e-8 -3.4640181755157243e-12 9507.350780127803 7.387780849071529e8
3800 107659.87318718935 28.33259717810517 7.553440161116229e-6 4.447791408223724e-9 2.752572098712757e-9 6.233243811948341e-5 4.164978636977956e-8 3.0087799501865575e-8 -4.092853195947676e-12 9507.35078012784 7.387780849071443e8
3850 109075.94210281817 28.30965976845752 7.554961052552279e-6 4.455577860078735e-9 2.73569723952501e-9 6.195390483298979e-5 4.1130172712122715e-8 2.9898827247354376e-8 -4.0316777699219475e-12 9507.350780127805 7.387780849071529e8
3900 110491.05059161621 28.29728228349373 7.558962354883317e-6 4.471666573522923e-9 2.720306970527561e-9 6.281501850935456e-5 3.997947148337566e-8 3.0864415495601705e-8 -3.718948808290825e-12 9507.350780127863 7.387780849071544e8
3950 111905.90205821287 28.299118820618094 7.5522539949826305e-6 4.495816200805331e-9 2.707232242683491e-9 6.302723522821907e-5 3.4170738905103804e-8 2.984484864798631e-8 -3.83402186278523e-12 9507.350780127828 7.387780849071445e8
4000 113321.21013155185 28.315269235442294 7.5447197463749275e-6 4.527514693497197e-9 2.6950271982010094e-9 6.167231049403199e-5 2.92625652598133e-8 2.885948047204323e-8 -4.411417413912848e-12 9507.350780127827 7.387780849071524e8
4050 114737.69105851447 28.345739464444843 7.5500735668331365e-6 4.564314914236308e-9 2.6849601578763214e-9 6.001937799737789e-5 3.233596718166254e-8 2.714957419991393e-8 -5.1926257568131125e-12 9507.35078012776 7.387780849071511e8
4100 116156.05887274935 28.39043599271886 7.557352531052651e-6 4.604041999173834e-9 2.6780582788587637e-9 5.911658718105173e-5 3.7412004660897225e-8 2.3672394239282468e-8 -2.740795060060593e-12 9507.350780127808 7.387780849071522e8
4150 117577.02025186588 28.449158966130433 7.557167473511253e-6 4.643847324015506e-9 2.671686767809661e-9 5.867822301297565e-5 4.148784160662444e-8 2.4911728874199568e-8 -3.4151921754709135e-12 9507.350780127852 7.38778084907146e8
4200 119000.79303500947 28.4698221316792 7.55919542060563e-6 4.680228589437651e-9 2.66631310878973e-9 5.7026960348594e-5 4.422674554360739e-8 2.5686296811766596e-8 -4.491483596885008e-12 9507.35078012784 7.387780849071547e8
4250 120422.62153354276 28.406874466321092 7.5672107641992414e-6 4.708478372466768e-9 2.6641180751915456e-9 5.539244057217729e-5 4.65762717283269e-8 2.564018161677062e-8 -3.571153424375267e-12 9507.350780127817 7.387780849071481e8
4300 121841.65703040744 28.357871553847225 7.570315831950221e-6 4.72521699958986e-9 2.664849696018857e-9 5.530660018848721e-5 4.7665729419055225e-8 2.443733607138121e-8 -4.2731919078187585e-12 9507.350780127832 7.387780849071567e8
4350 123258.6031863396 28.32304686094364 7.564655050725924e-6 4.7281900262525425e-9 2.6701308203019636e-9 5.753642426498118e-5 4.581633206157676e-8 2.197380971624696e-8 -2.662873664034543e-12 9507.350780127845 7.387780849071543e8
4400 124674.17252984163 28.30252512670511 7.560101493046551e-6 4.71748690268722e-9 2.679526037646589e-9 5.982878656141111e-5 4.1256684124579834e-8 2.4243929364065053e-8 -4.539305824673701e-12 9507.350780127852 7.387780849071453e8
4450 126089.08121222093 28.296329660964968 7.561218710070781e-6 4.695977958735399e-9 2.6927825440484366e-9 6.150833360152319e-5 4.2347137074738583e-8 2.4923632435669418e-8 -2.8702674423468343e-12 9507.350780127803 7.387780849071466e8
4500 127504.04409403708 28.30438831231453 7.5581344030304645e-6 4.668046052815883e-9 2.7111323939083114e-9 6.139403149063583e-5 4.3944763578052104e-8 2.2788488485137037e-8 -5.392359803959874e-12 9507.350780127834 7.387780849071541e8
4550 128919.77009452769 28.326538041365218 7.558008740551622e-6 4.639014020579954e-9 2.732255604083104e-9 5.992656497255666e-5 4.3274426236861174e-8 2.2270897487297603e-8 -2.6076435754580913e-12 9507.350780127834 7.387780849071566e8
4600 130308.00458517246 28.314239403543873 7.5597152018937386e-6 4.614894421997664e-9 2.7543626766303474e-9 5.9845573332495405e-5 4.024294811277862e-8 2.346537877895294e-8 -3.839539319725759e-12 9507.350780127781 7.387780849071417e8
4650 131723.2636070387 28.298778378788963 7.56047910030445e-6 4.599279168477403e-9 2.776932180209177e-9 6.158534688438522e-5 3.88839493381532e-8 2.518546809993083e-8 -4.200426376200399e-12 9507.350780127814 7.387780849071473e8
4700 133138.11048425734 28.297497485705605 7.564626140391624e-6 4.595293090913635e-9 2.796906619201186e-9 6.25645991476631e-5 3.353066566069707e-8 2.6315681578292782e-8 -3.777557908491161e-12 9507.350780127783 7.387780849071475e8
4750 134553.25765570535 28.3105165052119 7.571144357493097e-6 4.602546716618631e-9 2.8143937564748627e-9 6.255133007471159e-5 3.1363892039060204e-8 2.7914366984571615e-8 -3.972680992750599e-12 9507.350780127765 7.387780849071498e8
4800 135969.42119928316 28.33786232075248 7.575538742489801e-6 4.619319505957039e-9 2.829628611788951e-9 6.199093240866205e-5 3.251980235097207e-8 2.8265601237191518e-8 -3.889856918881878e-12 9507.35078012778 7.387780849071523e8
4850 137387.31605949654 28.37946368873839 7.577731205554178e-6 4.6428010259450965e-9 2.842825102624778e-9 6.0722488115061424e-5 3.755794153459391e-8 3.2611476697905206e-8 -3.0992830661436295e-12 9507.350780127803 7.387780849071525e8
4900 138807.65097845998 28.43514464254058 7.582794812913892e-6 4.669533909672192e-9 2.8542859543188676e-9 6.0068885431974195e-5 4.172911488575792e-8 3.672054650974421e-8 -3.3950738944363293e-12 9507.35078012778 7.387780849071499e8
4950 140231.05113840837 28.485400252771917 7.58639692883083e-6 4.696425756340175e-9 2.8648828362003256e-9 5.926937365074991e-5 4.457882707420424e-8 3.9929409466343824e-8 -2.837894979426681e-12 9507.350780127807 7.387780849071465e8
5000 141653.58225974024 28.419448127883996 7.592359729479308e-6 4.719818916262385e-9 2.8722533099301354e-9 5.795462857349776e-5 4.704282391410075e-8 4.157384554670518e-8 -2.4010797130318924e-12 9507.350780127803 7.387780849071536e8
5050 143073.1683581938 28.367374452908763 7.5917965977092115e-6 4.7371595680714645e-9 2.87524136721814e-9 5.669791198670282e-5 4.785257468054027e-8 4.130162324644804e-8 -2.717794568261274e-12 9507.350780127805 7.38778084907151e8
5100 144490.51042092376 28.329437545086048 7.582430373156318e-6 4.746871988137661e-9 2.8728080473704076e-9 5.7647926041681785e-5 4.596375435816924e-8 3.8962965992483944e-8 -2.631521605191177e-12 9507.350780127828 7.387780849071492e8
5150 145906.3194993522 28.305785232600638 7.577182504801359e-6 4.749619717741944e-9 2.862834786803707e-9 6.011543655404239e-5 4.1282506579864986e-8 3.44684817910057e-8 -2.509385172007639e-12 9507.350780127776 7.387780849071494e8
5200 147321.31138316827 28.296462432097474 7.572310810908316e-6 4.747795576886357e-9 2.846813015932819e-9 6.127868437033612e-5 3.8065503499273845e-8 3.446930293971029e-8 -2.4802194198353643e-12 9507.350780127825 7.387780849071501e8
5250 148736.2016200933 28.30141741087063 7.573745137205742e-6 4.743493633939878e-9 2.8252970352154047e-9 6.109877267590491e-5 4.0002871543043383e-8 3.5513821022847836e-8 -2.8771154449409613e-12 9507.350780127832 7.387780849071547e8
5300 150151.7008137513 28.320506669195595 7.567227116408539e-6 4.740475165352768e-9 2.8018718152622244e-9 6.0096186643932015e-5 4.0205173301721686e-8 3.521843544573855e-8 -2.3070828845813077e-12 9507.350780127808 7.387780849071506e8
5350 151568.0355853175 28.318983739959226 7.560122211463107e-6 4.742034063031018e-9 2.7786714295062483e-9 5.949237038294086e-5 4.096363029337802e-8 3.363722067550867e-8 -2.739232626144705e-12 9507.3507801278 7.387780849071513e8
5400 152983.4607160195 28.300727098529038 7.563484495035285e-6 4.7511581902866e-9 2.7570793236460124e-9 6.040912671778642e-5 4.128963887461978e-8 3.4081974964461637e-8 -3.0175933063752774e-12 9507.350780127834 7.387780849071511e8
5450 154398.33296794002 28.296616081346357 7.571992745117532e-6 4.7686119938173e-9 2.7382948848184353e-9 6.237242996576242e-5 3.7367570870916467e-8 3.5074469606488634e-8 -3.077073004612985e-12 9507.350780127808 7.387780849071513e8
5500 155813.36350950992 28.306788428508202 7.576861591940102e-6 4.7926724178840155e-9 2.7232315729658e-9 6.379922319865727e-5 3.211213150944303e-8 3.345827931378054e-8 -2.8785488925066175e-12 9507.350780127827 7.387780849071515e8
5550 157229.26806715745 28.331289853373484 7.575975873904319e-6 4.820800569195755e-9 2.713121433060849e-9 6.318651230685646e-5 3.50921818825789e-8 2.9510200116877883e-8 -4.1199240566358505e-12 9507.350780127814 7.38778084907149e8
5600 158646.76220366367 28.370069095001096 7.5809512856812975e-6 4.852039207638849e-9 2.7069056072123197e-9 6.0308087995508686e-5 3.594720421329356e-8 2.6029654376369393e-8 -1.6753065446118807e-12 9507.350780127876 7.387780849071463e8
5650 160066.5563136158 28.42297158613161 7.596843907018488e-6 4.885223781375024e-9 2.702468476888379e-9 6.0300141285551945e-5 3.937149739563495e-8 2.5199382358565003e-8 -3.1331350431830936e-12 9507.350780127825 7.38778084907151e8
5700 161489.35026871777 28.48973182572456 7.607706804491008e-6 4.916402452356533e-9 2.700263499138969e-9 6.10601882726769e-5 4.2462765470485664e-8 2.61657469302623e-8 -2.4949827332277627e-12 9507.350780127885 7.387780849071497e8
5750 162912.53549637314 28.431458694046157 7.604748392735661e-6 4.941597261510422e-9 2.7004650331081517e-9 5.898239942325745e-5 4.496583855262415e-8 2.6535971003882608e-8 -3.3383270795374854e-12 9507.350780127803 7.387780849071528e8
5800 164332.65140503136 28.376603033334817 7.596072894731115e-6 4.957735963891956e-9 2.70226273684107e-9 5.5667178457952105e-5 4.567205547090225e-8 2.5819211213473636e-8 -4.8333793875688795e-12 9507.35078012783 7.387780849071497e8
5850 165750.38300873875 28.33584186896384 7.595236758629866e-6 4.961846409771671e-9 2.7068246031658106e-9 5.849265244251001e-5 4.4143439514865435e-8 2.377348889970321e-8 -3.63947502923332e-12 9507.350780127807 7.387780849071541e8
5900 167166.4397952812 28.3093443432761 7.599966601334497e-6 4.95252554950886e-9 2.7162478646258396e-9 6.0643172218988184e-5 4.0112949295512124e-8 2.3134524962387104e-8 -2.9519079049201075e-12 9507.350780127808 7.387780849071538e8
5950 168581.53701942464 28.297175278820635 7.600963965268531e-6 4.931582728292486e-9 2.729826025472769e-9 6.177464092615992e-5 4.031690001293775e-8 2.501601337190351e-8 -4.321133669340181e-12 9507.350780127885 7.38778084907149e8
6000 169996.39065918082 28.29930171480123 7.5907099088481484e-6 4.903438156512403e-9 2.746819911631588e-9 6.156685640235082e-5 4.007031176311848e-8 2.4641421264570695e-8 -2.094095071161373e-12 9507.35078012776 7.387780849071534e8
6050 171411.71266402776 28.31559806517532 7.57472853568688e-6 4.872962167824777e-9 2.7672961062991886e-9 6.0903914800292114e-5 3.930614442260172e-8 2.4882638782752764e-8 -4.09846350391583e-12 9507.350780127794 7.38778084907145e8
6100 172800.0 0.30729463673196733 7.5690011465720145e-6 4.8461117129078e-9 2.7892103583826395e-9 6.0306118484731996e-5 4.1441855058721444e-8 2.43760449325503e-8 -3.3500047714087534e-12 9507.350780127781 7.387780849071488e8
6150 174215.63978833423 28.30351479706223 7.575763814773874e-6 4.826869911713088e-9 2.8115496985467067e-9 5.886128474230645e-5 4.175398887751314e-8 2.5448333926259004e-8 -5.381632159974358e-12 9507.350780127808 7.387780849071537e8
6200 175630.57236794874 28.296298218740347 7.584770177146072e-6 4.818589944942728e-9 2.832811345098063e-9 6.0273018107182e-5 3.7637644972887685e-8 2.6153004983875405e-8 -4.0542453557703035e-12 9507.350780127821 7.387780849071509e8
6250 177045.50730520673 28.303342622734124 7.587860643277516e-6 4.821496287345894e-9 2.851922160657014e-9 6.503106010313786e-5 3.3697535872789786e-8 2.6138617548188137e-8 -3.504005379928229e-12 9507.350780127801 7.38778084907153e8
6300 178461.15972533415 28.324714203084053 7.584640735340802e-6 4.833856294683073e-9 2.868666605578896e-9 6.648106955253752e-5 3.188486327743156e-8 2.6032197675274205e-8 -1.664220658388337e-12 9507.350780127788 7.387780849071535e8
6350 179878.24564324494 28.360383378514143 7.582253040829135e-6 4.8536139813482255e-9 2.8829762444097347e-9 6.307891771939467e-5 3.623667554908394e-8 2.8610428928765863e-8 -4.618065512322872e-12 9507.350780127805 7.387780849071479e8
6400 181297.47702668546 28.410218761701344 7.590177771262993e-6 4.877887078736054e-9 2.8950658554950852e-9 5.89655492149177e-5 4.009161552742668e-8 3.315293369346439e-8 -3.691035109150856e-12 9507.350780127827 7.38778084907149e8
6450 182719.55652362297 28.473979801949675 7.6033292447730526e-6 4.902875904444983e-9 2.90594772594244e-9 5.761133706982946e-5 4.431896988288386e-8 3.711035997944201e-8 -3.4692321914690664e-12 9507.3507801278 7.387780849071487e8
6500 184143.2315557816 28.445294911192573 7.613185123791608e-6 4.925368901762049e-9 2.9151093076948233e-9 5.589204374700785e-5 4.723588725719097e-8 3.99214707472173e-8 -3.684694436913857e-12 9507.350780127848 7.387780849071528e8
6550 185563.9618658739 28.387393124833103 7.614158636351204e-6 4.943010116985212e-9 2.9205798902377313e-9 5.4385554449254414e-5 4.7799137037340955e-8 4.121975312465498e-8 -3.718176326030068e-12 9507.350780127796 7.387780849071494e8
6600 186982.15414642924 28.34353424584775 7.606394839133933e-6 4.953838421543841e-9 2.9205663827883187e-9 5.511886502063135e-5 4.576555961977036e-8 4.051981529473725e-8 -3.5673135079080685e-12 9507.35078012784 7.387780849071547e8
6650 188398.51591967288 28.313911206202853 7.594358892887178e-6 4.957034571593778e-9 2.9137867916299152e-9 5.788939279227634e-5 4.114114426911897e-8 3.758389288677222e-8 -2.859686254105923e-12 9507.35078012781 7.387780849071509e8
6700 189813.76162228457 28.298611016898754 7.5862971566778465e-6 4.95395312155911e-9 2.90036806916465e-9 5.926190988247981e-5 4.072894096984747e-8 3.621982472279406e-8 -5.12721268646474e-12 9507.350780127823 7.387780849071517e8
6750 191228.6074889235 28.297621593506506 7.587179517797198e-6 4.947642272803378e-9 2.8819236408823767e-9 5.919957948208321e-5 3.952345173363625e-8 3.8307767763479106e-8 -4.553755167580934e-12 9507.350780127865 7.387780849071525e8
6800 192643.76674253884 28.310837218637086 7.581067377297399e-6 4.942003582203667e-9 2.8608087263773804e-9 5.887486668143538e-5 3.6549702792099126e-8 3.8825337722592224e-8 -3.035345082739281e-12 9507.350780127803 7.387780849071462e8
6850 194059.92059215004 28.330731323345347 7.573806719426779e-6 4.940470135296912e-9 2.839042278798444e-9 6.0042550330763333e-5 3.72349145405515e-8 3.7447606154872304e-8 -4.005572272752947e-12 9507.35078012778 7.387780849071552e8
6900 195475.7846158688 28.30663503225336 7.575650658614335e-6 4.946068478042389e-9 2.8180522738899283e-9 6.0338139064697316e-5 3.724039959740466e-8 3.445538018786998e-8 -4.379648961285802e-12 9507.350780127817 7.38778084907144e8
6950 196890.80148945126 28.296600588226244 7.5808670254303154e-6 4.959821335279212e-9 2.798601486898193e-9 6.0953844240430044e-5 3.5452114660605716e-8 3.2717026421380524e-8 -4.777432335902828e-12 9507.350780127845 7.38778084907147e8
7000 198305.6791371062 28.300802997293676 7.584319393401002e-6 4.981195377097399e-9 2.781713527103054e-9 6.16882184658607e-5 3.499796194517124e-8 3.339383630729387e-8 -4.9162747748557256e-12 9507.350780127845 7.387780849071504e8
7050 199721.13194393215 28.319326887283065 7.5824529342401935e-6 5.008592918401713e-9 2.7686273315880495e-9 6.166142406982544e-5 3.472705772944451e-8 3.1650670473393205e-8 -4.529412404096178e-12 9507.350780127796 7.387780849071516e8
7100 201137.87613162395 28.352162144991993 7.581889713842326e-6 5.039556256869396e-9 2.759732108943176e-9 6.004898250466795e-5 3.588693908707086e-8 2.7686531789417046e-8 -4.449613167828441e-12 9507.350780127801 7.387780849071536e8
7150 202556.62488030994 28.39919815712388 7.593197699700771e-6 5.072131496323806e-9 2.754368254396089e-9 5.8122303016716614e-5 3.98923004074625e-8 2.5838133604905167e-8 -3.8069356864636314e-12 9507.350780127832 7.38778084907157e8
7200 203978.08312785148 28.460216708742497 7.606128645493572e-6 5.1042023462393554e-9 2.7518355455245994e-9 5.766213234892348e-5 4.3637113922301296e-8 2.700005380384951e-8 -3.9281834539484945e-12 9507.35078012783 7.387780849071473e8
7250 205401.92292728001 28.458448205274337 7.612223771329973e-6 5.132437943116784e-9 2.7515595475891447e-9 5.697285860151169e-5 4.7033518968397914e-8 2.7570433047685583e-8 -2.79911986381552e-12 9507.350780127812 7.387780849071498e8
7300 206823.24084491 28.397788763530073 7.612485150343266e-6 5.153234696334816e-9 2.7535806984526132e-9 5.5597330629097996e-5 4.8141769792842126e-8 2.7179857087222814e-8 -4.80083988852171e-12 9507.35078012781 7.387780849071491e8
7350 208241.8814384784 28.351120590703616 7.607793667803153e-6 5.16289524927413e-9 2.7588846338758123e-9 5.379681761041866e-5 4.653146751243398e-8 2.5570472489411245e-8 -4.561183249790946e-12 9507.350780127803 7.387780849071572e8
7400 209658.5502153756 28.318658591182658 7.6010413897559285e-6 5.159349131461676e-9 2.768304893173707e-9 5.7075434597209096e-5 4.230212330424976e-8 2.281625643973939e-8 -4.111052954589294e-12 9507.35078012784 7.387780849071547e8
7450 211073.96065653156 28.300510237774077 7.594522364165795e-6 5.143400031720532e-9 2.7815520128496937e-9 5.9954812059004325e-5 4.0861413225234955e-8 2.3002288296325446e-8 -3.763145418826851e-12 9507.350780127847 7.387780849071493e8
7500 212488.829030908 28.296682657253445 7.589887470421116e-6 5.118318078303998e-9 2.798374216091695e-9 6.035085971234366e-5 4.110629830966772e-8 2.3125928672040885e-8 -3.798083728958852e-12 9507.35078012782 7.387780849071503e8
7550 213903.86953038478 28.307088371812952 7.588514982732531e-6 5.089136473655356e-9 2.8187798256116963e-9 5.893366051168414e-5 4.059756811281012e-8 2.3410858668304613e-8 -2.7626645880543545e-12 9507.350780127792 7.387780849071503e8
7600 215319.78965597154 28.331549634640915 7.5861572223408456e-6 5.0614086348750656e-9 2.8418411902536433e-9 5.7990765299109626e-5 3.98747927177201e-8 2.373878793537898e-8 -3.192596434452726e-12 9507.350780127812 7.387780849071518e8
7650 216707.90240494598 28.310706939246234 7.584749568546857e-6 5.0403279962689715e-9 2.8648901730588524e-9 5.958014617135632e-5 3.784774560422477e-8 2.6299882993630064e-8 -2.981740365759814e-12 9507.350780127765 7.387780849071549e8
7700 218123.0442395681 28.297582196498013 7.58740055391227e-6 5.0280637365008385e-9 2.8875224842262707e-9 6.11044088145718e-5 3.670221726537193e-8 2.7912215899705828e-8 -3.729059998031077e-12 9507.350780127834 7.387780849071478e8
7750 219537.89147009715 28.29866366086064 7.589656660129922e-6 5.0264337473916645e-9 2.908090627335215e-9 6.224424305401044e-5 3.718109684025528e-8 2.62658939320648e-8 -2.7056980895386038e-12 9507.350780127817 7.387780849071513e8
7800 220953.15745724627 28.314056028618 7.595197785173241e-6 5.035097569157193e-9 2.9241435795412246e-9 6.266175228120119e-5 3.7220768217549605e-8 2.5913370560459725e-8 -4.653558535552902e-12 9507.35078012782 7.387780849071493e8
7850 222369.5584278917 28.343770330844286 7.6027749372600835e-6 5.0517890592910135e-9 2.9368117686974773e-9 6.215462531145022e-5 3.649433927277457e-8 2.9783298867089303e-8 -3.641977220843755e-12 9507.350780127827 7.387780849071515e8
7900 223787.8086584526 28.387718475586208 7.610536927098074e-6 5.073235707563407e-9 2.9485628547168064e-9 6.047114061402681e-5 4.062641928426203e-8 3.411965525390581e-8 -2.545678437084005e-12 9507.350780127801 7.387780849071511e8
7950 225208.6153503472 28.445706429087082 7.618543845517297e-6 5.096241470590736e-9 2.9589301718648547e-9 5.8651216477301205e-5 4.5185410024739525e-8 3.793167656709895e-8 -3.1875642916462786e-12 9507.350780127823 7.387780849071506e8
8000 226632.32765215734 28.473533490806656 7.619745468676061e-6 5.118159268055637e-9 2.9678253199388283e-9 5.8136282859777566e-5 4.861655905630258e-8 4.068797707784677e-8 -3.1318192148959882e-12 9507.350780127827 7.387780849071552e8
8050 228054.3232114915 28.409857005154567 7.616305491870467e-6 5.136241730064293e-9 2.97434334871583e-9 5.669171650879434e-5 4.962995531210268e-8 4.186754364726708e-8 -3.785972891829848e-12 9507.35078012786 7.387780849071552e8
8100 229473.48890615156 28.36010973754318 7.618957662133933e-6 5.148340097644407e-9 2.9754378210193e-9 5.519574506251956e-5 4.787385293747448e-8 4.107299889088978e-8 -2.5513988261673852e-12 9507.350780127828 7.38778084907155e8
8150 230890.5277744275 28.324531131604644 7.619212834845674e-6 5.153788804140978e-9 2.9710193284317467e-9 5.704088061975199e-5 4.33450562664639e-8 3.8142926955808676e-8 -2.5996430714489057e-12 9507.350780127812 7.387780849071531e8
8200 232306.15201023346 28.303251483093323 7.608887666620622e-6 5.153303977925641e-9 2.960708768525459e-9 5.9180432799621485e-5 4.158089753070193e-8 3.5929784036881074e-8 -2.6244773710438216e-12 9507.35078012785 7.38778084907154e8
8250 233721.07769884527 28.29629930606779 7.600116923732603e-6 5.148736992746532e-9 2.9441619889359065e-9 5.990319596094196e-5 4.1926759369870226e-8 3.957702243706507e-8 -2.1725226010106895e-12 9507.350780127854 7.387780849071449e8
8300 235136.01988752084 28.303607371785223 7.592625236662451e-6 5.14326047423098e-9 2.9250463529759746e-9 5.933463944529649e-5 4.0609657331325266e-8 4.1761420349617495e-8 -1.7194842499129008e-12 9507.350780127761 7.387780849071518e8
8350 236551.68792272755 28.325017356291028 7.588693576169629e-6 5.140736084586135e-9 2.904239291533635e-9 5.9546583997871494e-5 3.82911786445117e-8 4.183162136128793e-8 -2.309010739938391e-12 9507.350780127801 7.387780849071451e8
8400 237967.97067169825 28.314991415350587 7.588025232619906e-6 5.1448290740503326e-9 2.881562141675768e-9 6.051667241990799e-5 3.8522553674757987e-8 3.977412957323345e-8 -3.2421721826149328e-12 9507.350780127823 7.387780849071547e8
8450 239383.2554335846 28.29906413150461 7.588729830493002e-6 5.1568758579851976e-9 2.8594086516730106e-9 6.117548946349416e-5 3.642846663209909e-8 3.596384179349599e-8 -2.989219181005539e-12 9507.35078012779 7.387780849071518e8
8500 240798.1045851832 28.297311472274448 7.5925543797319285e-6 5.17600290078075e-9 2.8395864843117085e-9 6.207302021721262e-5 3.548674015751985e-8 3.3455116510427985e-8 -2.579127301865648e-12 9507.350780127814 7.387780849071505e8
8550 242213.23036603956 28.309856220131635 7.598093706060343e-6 5.200551626607826e-9 2.8231147027336214e-9 6.265967022045515e-5 3.580498220134842e-8 3.2536507377223245e-8 -2.9251510147170974e-12 9507.350780127837 7.387780849071528e8
8600 243629.3488083997 28.336728409357455 7.6050291125911805e-6 5.228502497997512e-9 2.8104015014691036e-9 6.205447516549611e-5 3.538960891003029e-8 2.948569188809813e-8 -3.65651367141608e-12 9507.350780127827 7.387780849071563e8
8650 245047.17497349737 28.377860144373628 7.614950435728783e-6 5.257945970925448e-9 2.801812993497721e-9 5.9985917005178635e-5 3.975814427681357e-8 2.7228873822338073e-8 -2.4749558673801708e-12 9507.350780127785 7.387780849071528e8
8700 246467.41789353013 28.43307904696447 7.625530787756067e-6 5.2866207976064565e-9 2.7973342648503516e-9 5.6906371128206956e-5 4.3820400752458966e-8 2.806434243329825e-8 -3.01314447382614e-12 9507.350780127783 7.387780849071515e8
8750 247890.73353736734 28.487816407620073 7.632244666193017e-6 5.311917978725383e-9 2.796062520186658e-9 5.6742226206552004e-5 4.776410617024496e-8 2.8317992478710252e-8 -2.481192426214577e-12 9507.350780127883 7.38778084907146e8
8800 249313.37395236644 28.421410703877825 7.633988208802323e-6 5.330893434691996e-9 2.7974446757398325e-9 5.5579216677870136e-5 4.946477721867737e-8 2.7519654333119092e-8 -3.0422045720584754e-12 9507.350780127847 7.387780849071516e8
8850 250733.0463804338 28.368872913608268 7.631860032664846e-6 5.340678442138932e-9 2.8020710155816077e-9 5.37619566784997e-5 4.842007789163105e-8 2.5413564197496186e-8 -3.5299495843327465e-12 9507.35078012783 7.387780849071485e8
8900 252150.45137996637 28.330465152685147 7.6283194690013295e-6 5.339266195577809e-9 2.810935508618065e-9 5.6677410611882806e-5 4.448786139477079e-8 2.2204979022166782e-8 -4.434091730581619e-12 9507.350780127812 7.387780849071572e8
8950 253566.29975652133 28.306338777565358 7.625222707160673e-6 5.326631096980276e-9 2.8240031980229833e-9 5.9016953400714556e-5 3.988432775714479e-8 2.1106370901025073e-8 -4.999363522014533e-12 9507.350780127807 7.387780849071527e8
9000 254981.3072242492 28.296542002053286 7.619626943957798e-6 5.305030731784774e-9 2.8412213785867315e-9 5.9970139318465954e-5 4.040112600023349e-8 2.2120462878083558e-8 -3.5927173576208915e-12 9507.350780127823 7.387780849071455e8
9050 256396.1894153495 28.30102620837754 7.611594044137748e-6 5.278533806025963e-9 2.861984544623114e-9 5.961238912277622e-5 3.9415588459768e-8 2.307923180344673e-8 -2.997100988855698e-12 9507.35078012784 7.387780849071525e8
9100 257811.65716993337 28.319650871983313 7.604410233853051e-6 5.251762856168479e-9 2.884864402831781e-9 5.940633286627417e-5 3.9964832637684466e-8 2.3811867533307662e-8 -2.143494689539219e-12 9507.3507801278 7.387780849071501e8
9150 259200.0 0.32585249954718165 7.600588803354262e-6 5.229684446013318e-9 2.9083175796927124e-9 5.934224168413493e-5 4.007526108185111e-8 2.561919144883351e-8 -3.771543650691483e-12 9507.350780127803 7.387780849071512e8
9200 260615.47400042904 28.30133974711613 7.60140995685847e-6 5.214941462344929e-9 2.9314648621124603e-9 5.93341458170471e-5 3.742600082623504e-8 2.8343039998324215e-8 -3.031790898558125e-12 9507.350780127776 7.387780849071522e8
9250 262030.3577373104 28.296476635594814 7.607647048554719e-6 5.209801688204713e-9 2.952181852621144e-9 6.124582023403491e-5 3.689867503209321e-8 2.8241646771176576e-8 -3.7926562513646816e-12 9507.350780127847 7.387780849071517e8
9300 263445.3620109816 28.305891871265274 7.614713382424647e-6 5.2142598681551666e-9 2.9699066618302737e-9 6.396035928446508e-5 3.74648564949176e-8 2.6122850327325864e-8 -3.949552471828137e-12 9507.350780127828 7.387780849071529e8
9350 264861.20242283214 28.32963614417926 7.6161270057838445e-6 5.226817238055773e-9 2.984332904859587e-9 6.508426054097072e-5 3.5895203476243864e-8 2.7307389652460323e-8 -4.243112003776566e-12 9507.350780127827 7.387780849071538e8
9400 266278.5946667222 28.36766346760106 7.61681409112137e-6 5.245164352506531e-9 2.9954636682878713e-9 6.324035780380655e-5 3.881718885212493e-8 3.222005176724274e-8 -4.074393071537872e-12 9507.350780127847 7.387780849071537e8
9450 267698.2495411419 28.419824917103043 7.622253425471461e-6 5.2665824392312576e-9 3.0042415996468303e-9 5.9193586366745876e-5 4.2847903392040365e-8 3.695098908101935e-8 -4.27365137682144e-12 9507.350780127843 7.38778084907154e8
9500 269120.8676146385 28.485861067883118 7.63190410371398e-6 5.2879414991056725e-9 3.0113736966545574e-9 5.4395776032833965e-5 4.7475883668823826e-8 4.0817524318836895e-8 -2.4773037061225167e-12 9507.350780127807 7.387780849071537e8
9550 270544.2012011595 28.434746237676723 7.643289948563544e-6 5.306296185201242e-9 3.016860180285329e-9 5.2828624575340655e-5 5.021716337205717e-8 4.3114621955941956e-8 -2.8648390075255745e-12 9507.350780127843 7.387780849071493e8
9600 271964.4627218887 28.3791522423838 7.64425539996472e-6 5.319520459817056e-9 3.019767384812863e-9 5.3251148528943304e-5 5.021361992874063e-8 4.3380400896464444e-8 -4.155514238415405e-12 9507.350780127852 7.387780849071443e8
9650 273382.3026904636 28.337640752648994 7.634049243966127e-6 5.326282255736732e-9 3.017887991180409e-9 5.62244376851595e-5 4.716044915697992e-8 4.1370424613829115e-8 -3.995944482692599e-12 9507.350780127805 7.387780849071512e8
9700 274798.43014272826 28.31038663110443 7.620583661954199e-6 5.327178128406285e-9 3.0094042915967686e-9 5.847623924637446e-5 4.121277613622354e-8 3.702776939229491e-8 -2.9672134874583787e-12 9507.35078012785 7.387780849071553e8
9750 276213.5601575287 28.297460039997482 7.61296945309114e-6 5.323676471239547e-9 2.9943230313115918e-9 5.96719614804897e-5 4.1157616759157634e-8 3.7898258975488375e-8 -3.1798576563533913e-12 9507.350780127828 7.387780849071577e8
9800 277628.40879570355 28.29883304682921 7.614513282331373e-6 5.317971023214553e-9 2.9748785193751105e-9 5.951798948444775e-5 4.154486951679637e-8 4.147083557115572e-8 -5.586143727521914e-12 9507.350780127766 7.387780849071511e8
9850 279043.6883346326 28.314384857775384 7.616332902028164e-6 5.313344672209412e-9 2.9534498338735324e-9 5.855540848642704e-5 4.012746052106664e-8 4.310657597539347e-8 -4.312400886607972e-12 9507.350780127852 7.387780849071484e8
9900 280459.9675841504 28.325778841008045 7.611645685292136e-6 5.313333089161164e-9 2.931517278297208e-9 5.8527463352220366e-5 4.0495398423434636e-8 4.253409355281512e-8 -3.4547445594782766e-12 9507.350780127876 7.387780849071524e8
9950 281875.64279288915 28.30399570005366 7.607520124046497e-6 5.320215523038055e-9 2.9106852419589158e-9 5.887586667085998e-5 3.8183487066634214e-8 3.962031316917525e-8 -4.314452224259526e-12 9507.350780127863 7.387780849071494e8
10000 283290.58746400813 28.296309491173833 7.611243108130556e-6 5.334618690606725e-9 2.892016638343302e-9 5.9833935665665194e-5 3.647324484101766e-8 3.4511767110778635e-8 -3.939336944335193e-12 9507.350780127845 7.387780849071548e8
10050 284705.51090256334 28.302880494086015 7.617188825689488e-6 5.35583275683618e-9 2.87598850325388e-9 6.137742730061291e-5 3.7369990990576696e-8 3.154163785712427e-8 -4.419948700342839e-12 9507.350780127812 7.38778084907149e8
10100 286121.1281232041 28.32377798465894 7.623786315782108e-6 5.381580508389789e-9 2.8631598729539247e-9 6.230281178432051e-5 3.6702298755741936e-8 2.90150581339077e-8 -4.680545160257252e-12 9507.350780127788 7.387780849071453e8
10150 287538.15518867254 28.35897564020686 7.630381930264274e-6 5.409844680007441e-9 2.8542659231618933e-9 6.096085849094379e-5 3.7268172936588684e-8 2.483987865398163e-8 -4.5038376893479835e-12 9507.350780127828 7.38778084907148e8
10200 288957.3042829133 28.408345552172108 7.635087712918724e-6 5.4392748972062975e-9 2.848174120862634e-9 5.736774892284302e-5 4.1575471898536165e-8 2.5143486265255532e-8 -4.3304312160548515e-12 9507.350780127801 7.387780849071513e8
10250 290379.27845057537 28.471650912547876 7.638449818346154e-6 5.467543712796525e-9 2.843165889758689e-9 5.4922286835790146e-5 4.637309258814781e-8 2.5581171347877074e-8 -3.1678729338933524e-12 9507.350780127803 7.387780849071554e8
10300 291802.99973535974 28.447447329497653 7.64090833994942e-6 5.490893923775148e-9 2.84028071382642e-9 5.334480465535307e-5 4.998853764259792e-8 2.532558504575455e-8 -2.4707146334559426e-12 9507.350780127828 7.387780849071538e8
10350 293223.82597860374 28.389085535231285 7.640840093451857e-6 5.5055694262744656e-9 2.840541277500922e-9 5.208432958170306e-5 5.088130961006243e-8 2.414815244988766e-8 -4.133784465576627e-12 9507.350780127808 7.387780849071512e8
10400 294642.0909649573 28.34475836403041 7.64044465140963e-6 5.50893013327068e-9 2.845190185556289e-9 5.488908982442808e-5 4.868695796522715e-8 2.193364598279679e-8 -3.071012799913039e-12 9507.35078012782 7.387780849071543e8
10450 296058.50189623877 28.314662382879153 7.639808161170422e-6 5.499990303584424e-9 2.855428446627539e-9 5.7698547152540414e-5 4.349719812113406e-8 2.1229915686538092e-8 -2.2849584948751217e-12 9507.35078012784 7.387780849071528e8
10500 297473.7730639821 28.298887989963237 7.635793096476732e-6 5.480035371196474e-9 2.870757699622221e-9 5.946628925812547e-5 4.219580726494421e-8 2.3079450961471792e-8 -2.90253173860594e-12 9507.350780127834 7.387780849071455e8
10550 298888.6207216699 28.297426284397687 7.62859755672465e-6 5.452775600221267e-9 2.890270188081577e-9 6.0057948303438025e-5 4.234647274503622e-8 2.3254573849884608e-8 -2.4418681165178223e-12 9507.350780127848 7.387780849071536e8
10600 300303.75826607225 28.31017457585226 7.62062129698627e-6 5.423477854616968e-9 2.9127225352327596e-9 5.965398258922505e-5 4.063612935034655e-8 2.4051721309037433e-8 -2.4689203112777636e-12 9507.350780127785 7.387780849071516e8
10650 301719.8787838086 28.331766064930555 7.617497209707606e-6 5.397025134612804e-9 2.9368366697652443e-9 5.8903595572701306e-5 4.044175755391066e-8 2.4353554894940288e-8 -5.5495604226376056e-12 9507.350780127803 7.387780849071524e8
10700 303107.8097814413 28.307558493441395 7.617641869717501e-6 5.377564645500842e-9 2.9612962344149207e-9 6.007383422002022e-5 3.8521829781590355e-8 2.6244919071327644e-8 -4.241184148419483e-12 9507.35078012783 7.387780849071512e8
10750 304522.8537852718 28.29677573880667 7.621267152126218e-6 5.366759711846576e-9 2.9848418590034974e-9 6.127680831014004e-5 3.845028606619394e-8 2.7945433314635615e-8 -1.43818201083808e-12 9507.350780127803 7.387780849071516e8
10800 305937.7209487758 28.300222816497293 7.625414025143015e-6 5.365873359906517e-9 3.0051933673622947e-9 6.210372680470755e-5 3.6728134394925505e-8 2.7003766667199613e-8 -3.4149622016628005e-12 9507.350780127805 7.387780849071466e8
10850 307353.1254292942 28.317989226135616 7.623949957667527e-6 5.374174782927443e-9 3.0213692001022218e-9 6.235555224520795e-5 3.637414716650689e-8 2.7715597150645976e-8 -2.6168999614079385e-12 9507.350780127881 7.387780849071487e8
10900 308769.78347085504 28.35006999390749 7.622690345468908e-6 5.389431820307745e-9 3.033325087479641e-9 6.178686726343585e-5 3.527131919867088e-8 2.8761806590907324e-8 -4.829645244695006e-12 9507.35078012781 7.387780849071506e8
10950 310188.4085412744 28.396359985962437 7.628560050733269e-6 5.408425431574319e-9 3.043156066832555e-9 6.009345042912173e-5 4.000156644812236e-8 3.379661783417531e-8 -3.6011112819636225e-12 9507.350780127796 7.387780849071466e8
11000 311609.70615019643 28.45664687456195 7.638827247767421e-6 5.428014474890075e-9 3.0512144338185026e-9 5.699113376067544e-5 4.35860939007604e-8 3.8211419670780566e-8 -9.171058727141027e-13 9507.350780127812 7.387780849071501e8
11050 313033.54506541 28.46203744284613 7.648238041013035e-6 5.4455925654724386e-9 3.056837603011468e-9 5.414468660092098e-5 4.791870100717688e-8 4.156997981258348e-8 -4.037620235689957e-12 9507.350780127837 7.387780849071487e8
11100 314455.0238706849 28.400646726452216 7.64929443055173e-6 5.459089916030758e-9 3.0595265557602933e-9 5.3468548685486894e-5 4.9717875150179225e-8 4.329154480037234e-8 -2.7458212201977347e-12 9507.35078012781 7.387780849071536e8
11150 315873.78839294415 28.35323278022625 7.646040585364784e-6 5.467073804413389e-9 3.0567358561447503e-9 5.4654757150274236e-5 4.855670848735727e-8 4.2791702827005285e-8 -3.912132550468113e-12 9507.350780127834 7.387780849071505e8
11200 317290.54356688063 28.32001640645764 7.642466561496547e-6 5.469361219861855e-9 3.0468716663205456e-9 5.748291459894972e-5 4.438231393510961e-8 3.9850907546101766e-8 -3.6205391629603237e-12 9507.35078012783 7.387780849071536e8
11250 318706.00258490373 28.30111056666007 7.634136470240128e-6 5.466877870060599e-9 3.0308872676891966e-9 6.005062596159405e-5 4.111631596304122e-8 3.4643033608450224e-8 -3.785571813679592e-12 9507.35078012781 7.387780849071499e8
11300 320120.8816929265 28.296527535898157 7.62610423776743e-6 5.461626340179666e-9 3.0101118789211184e-9 6.071405869079172e-5 4.1530947847423505e-8 3.7034024458204584e-8 -2.1313924674540155e-12 9507.350780127837 7.387780849071515e8
11350 321535.8953099975 28.30618471459839 7.622063761533479e-6 5.4567614199883345e-9 2.987062960256125e-9 5.950099694018718e-5 4.020054081288471e-8 3.7994723284251464e-8 -2.68058715131499e-12 9507.350780127817 7.387780849071515e8
11400 322951.75140295917 28.329909040868614 7.617899330194379e-6 5.455548450675195e-9 2.964929228804367e-9 5.874224075341772e-5 4.03997073850082e-8 3.7244961892390904e-8 -3.3972372276572864e-12 9507.350780127748 7.387780849071547e8
11450 324367.9117518596 28.311381686123752 7.615232648445528e-6 5.4603088814098476e-9 2.9449693874335696e-9 5.968484447294031e-5 3.9342226615390885e-8 3.47646669784929e-8 -4.131419875360224e-12 9507.350780127848 7.387780849071488e8
11500 325783.07544240623 28.297789946033756 7.616239524127787e-6 5.471883376525377e-9 2.9275240036638963e-9 6.070846097827598e-5 3.884224841765871e-8 3.076045118621806e-8 -3.186591748923937e-12 9507.350780127825 7.387780849071523e8
11550 327197.921038828 28.29839939981725 7.616841290147847e-6 5.489719630930876e-9 2.914189918687497e-9 6.176113174660713e-5 3.7745777975439765e-8 2.759674949670554e-8 -2.832687185449417e-12 9507.350780127754 7.387780849071497e8
11600 328613.16172770783 28.313317766495278 7.6200876486958945e-6 5.512315346489275e-9 2.904889862576021e-9 6.226327013791888e-5 3.696549777387759e-8 2.7340548269805254e-8 -3.066550207224498e-12 9507.350780127803 7.387780849071524e8
11650 330029.51371666475 28.342559253879944 7.62679015805288e-6 5.538456832559833e-9 2.897877429974539e-9 6.174698023642122e-5 3.5181257490579654e-8 2.5853367613404288e-8 -1.3056783296680041e-12 9507.350780127785 7.387780849071554e8
11700 331447.6914266424 28.386039148557145 7.633419093557565e-6 5.567008786923778e-9 2.892559606446989e-9 6.008361765452719e-5 3.817653765336715e-8 2.4841391915719768e-8 -3.2590593436108708e-12 9507.350780127828 7.387780849071511e8
11750 332868.40237864695 28.443567043013594 7.640156081375863e-6 5.595853310493477e-9 2.888035013632696e-9 5.7314000514452346e-5 4.281910642722764e-8 2.5666369141141843e-8 -2.688127827361336e-12 9507.350780127808 7.387780849071544e8
11800 334292.0673928942 28.475873544257066 7.647352726939204e-6 5.622194026324354e-9 2.884378096159103e-9 5.524151265490218e-5 4.762742467079306e-8 2.5993096008924965e-8 -2.1118304550114796e-12 9507.35078012777 7.38778084907154e8
11850 335714.1683956018 28.411741817922657 7.650864411736976e-6 5.642588498026447e-9 2.8833939563578524e-9 5.53597938051098e-5 5.0121652939161265e-8 2.5334615821881457e-8 -2.296222186030432e-12 9507.350780127766 7.387780849071488e8
11900 337133.4165034908 28.361529431803817 7.649898291817703e-6 5.653801867164462e-9 2.885783370601624e-9 5.449478203445324e-5 4.972939676717303e-8 2.3406688892668726e-8 -1.7683277193520846e-12 9507.350780127834 7.387780849071542e8
11950 338550.51435778313 28.325479579736665 7.646410052375887e-6 5.653729886751574e-9 2.892566517514302e-9 5.585535564023303e-5 4.6197418890336905e-8 2.1498655022877955e-8 -3.2938734535280844e-12 9507.35078012787 7.387780849071506e8
12000 339966.17393586185 28.30372604082278 7.642969511682464e-6 5.642216556200732e-9 2.904492430282775e-9 5.804430429634522e-5 4.135011105743658e-8 2.222404082985463e-8 -3.449187377613557e-12 9507.350780127801 7.387780849071512e8
12050 341381.1112747586 28.2963005894876 7.640449991385044e-6 5.621821302831389e-9 2.9210547636096293e-9 5.882537925572251e-5 4.2369272978959316e-8 2.336561838456319e-8 -3.0129263457032524e-12 9507.350780127827 7.387780849071506e8
12100 342796.0415318347 28.3031390818628 7.633884519778611e-6 5.597230024211149e-9 2.941443251939544e-9 5.852156505170569e-5 4.149839627487495e-8 2.3717353914154415e-8 -3.044571794649372e-12 9507.35078012778 7.387780849071473e8
12150 344211.6743143935 28.324086148247147 7.624311035886118e-6 5.573335321533112e-9 2.964381300252454e-9 6.0171061022629146e-5 4.07783621592106e-8 2.4495402151103463e-8 -3.1656734653497884e-12 9507.350780127781 7.387780849071506e8
12200 345600.0 0.34261679369956255 7.617605039028905e-6 5.554601069490525e-9 2.9886335654513663e-9 6.089769408390566e-5 4.050236454555822e-8 2.477529105482379e-8 -2.9129013796602e-12 9507.350780127803 7.387780849071488e8
12250 347015.3274439636 28.29955240519684 7.616421012997858e-6 5.543291830518545e-9 3.0135865371467083e-9 6.143489076748665e-5 3.957030866863498e-8 2.7723197640328046e-8 -3.3360139402771126e-12 9507.350780127776 7.387780849071493e8
12300 348430.18184272683 28.2970470344081 7.61926234214174e-6 5.541609505084806e-9 3.036041224305713e-9 6.248941690500942e-5 3.904903841944751e-8 2.7644238398405463e-8 -2.4377281093582473e-12 9507.350780127834 7.387780849071506e8
12350 349845.2751075845 28.30883486535802 7.6217494035487545e-6 5.549599448321265e-9 3.054298658716404e-9 6.349921727633046e-5 3.682878527144773e-8 2.740396992662042e-8 -4.237940105815137e-12 9507.350780127803 7.387780849071513e8
12400 351261.32318731205 28.33495094924716 7.62203101532409e-6 5.565497220642127e-9 3.0684460049196154e-9 6.358916130011494e-5 3.5538917558808336e-8 2.664771198146454e-8 -4.378682161925994e-12 9507.35078012783 7.387780849071462e8
12450 352679.0413180943 28.375332716332327 7.624001753501207e-6 5.586761569829122e-9 3.0800612249538456e-9 6.226259347386076e-5 3.770185480478361e-8 2.8554288112811466e-8 -4.235854307988382e-12 9507.350780127825 7.387780849071531e8
12500 354099.1389827601 28.42981349356577 7.628982683793782e-6 5.610844802269623e-9 3.0898006725845818e-9 5.954602170277212e-5 4.218045135395698e-8 3.3362351832544324e-8 -3.226716794037246e-12 9507.350780127792 7.387780849071488e8
12550 355522.3042206369 28.49170357185889 7.636791963034673e-6 5.63512664789912e-9 3.0968675009066382e-9 5.682606706614024e-5 4.714159551610919e-8 3.774130298908607e-8 -4.620514099216327e-12 9507.350780127781 7.387780849071493e8
12600 356945.120638895 28.424574753140583 7.643251563979972e-6 5.6572350168091425e-9 3.1004659834697303e-9 5.557807116929325e-5 4.995101454685624e-8 4.1011335320806364e-8 -2.4022379578094846e-12 9507.35078012777 7.387780849071511e8
12650 358364.93245235615 28.371296758167343 7.644491652098338e-6 5.6753809814505775e-9 3.0988193041044988e-9 5.4344879117707023e-5 4.9949997471543384e-8 4.2403841771232464e-8 -4.80312048206106e-12 9507.350780127837 7.38778084907154e8
12700 359782.4395220515 28.332137788620795 7.64015590487894e-6 5.688339895888078e-9 3.0899442499959397e-9 5.565535593632376e-5 4.684154314427147e-8 4.1387715116192325e-8 -3.876459568545367e-12 9507.350780127808 7.387780849071491e8
12750 361198.35224911117 28.307254851052747 7.631002215621885e-6 5.69586375959732e-9 3.072818075016672e-9 5.76536035623576e-5 4.1468097233821055e-8 3.7901776425708356e-8 -4.938771047285957e-12 9507.350780127801 7.38778084907153e8
12800 362613.38621598313 28.29670143718263 7.621741159715853e-6 5.698935191188813e-9 3.049172050389774e-9 5.895624917684472e-5 4.3010070865934225e-8 3.6496143940301096e-8 -3.6848983262837965e-12 9507.350780127837 7.387780849071503e8
12850 364028.2571791281 28.300433908497453 7.618700279523064e-6 5.699769925319693e-9 3.02271511394507e-9 5.954211792413844e-5 4.26430728506233e-8 3.825427166703754e-8 -4.86265522085638e-12 9507.350780127801 7.387780849071478e8
12900 365443.6763458761 28.318316496282506 7.6213803752102235e-6 5.701517162764861e-9 2.996280044157813e-9 5.917979024161468e-5 4.018409954786861e-8 3.836910963950224e-8 -2.700844948197784e-12 9507.350780127728 7.387780849071528e8
12950 366860.0104522737 28.321205782257138 7.623978246158654e-6 5.70717289124069e-9 2.9723634800147553e-9 5.826897654515051e-5 4.0365047720980485e-8 3.6721720386712065e-8 -4.979987331280633e-12 9507.350780127828 7.387780849071467e8
13000 368275.5160095329 28.301742946987385 7.6226879260480966e-6 5.71857926168522e-9 2.95255121413693e-9 5.876040904695401e-5 3.90396871219334e-8 3.3350344152971445e-8 -4.08878402359268e-12 9507.350780127812 7.387780849071504e8
13050 369690.4079385948 28.296409730093206 7.622572698712846e-6 5.736280827115449e-9 2.9364333912113195e-9 5.9322718243493e-5 3.907053516827297e-8 2.8511786209772794e-8 -5.142405794820063e-12 9507.350780127848 7.387780849071479e8
13100 371105.3968032685 28.30535159390017 7.629059616119516e-6 5.759474942449881e-9 2.9236401106828483e-9 5.985769143990183e-5 3.669133671890812e-8 2.7688886572452276e-8 -3.252230724865294e-12 9507.350780127834 7.387780849071574e8
13150 372521.1981201402 28.32862233386966 7.640589790162543e-6 5.786320365529858e-9 2.9143877749518267e-9 6.024936669746239e-5 3.585359001356814e-8 2.7648642986211058e-8 -3.79014257302918e-12 9507.350780127807 7.387780849071492e8
13200 373938.52765802346 28.366179252241178 7.652113507508486e-6 5.814922852526042e-9 2.908929117526366e-9 5.976508418825688e-5 3.763509437426649e-8 2.4856356528601964e-8 -4.239632722615118e-12 9507.350780127828 7.387780849071488e8
13250 375358.0964604587 28.417876941980552 7.659457993011314e-6 5.843556598835941e-9 2.906665420188766e-9 5.7537973816579324e-5 4.2060078420114166e-8 2.5288589833305508e-8 -3.786161226259594e-12 9507.350780127883 7.387780849071472e8
13300 376780.60552360513 28.483459764403165 7.663538041778619e-6 5.870285947091169e-9 2.906367763342612e-9 5.6936921282613184e-5 4.7176627049339004e-8 2.578596525193433e-8 -3.735007997768194e-12 9507.350780127768 7.387780849071492e8
13350 378204.02205925516 28.436821659359744 7.668350185918649e-6 5.892341935644308e-9 2.9081733038108477e-9 5.597958033831674e-5 5.070374431426217e-8 2.557442305151092e-8 -3.186901292233816e-12 9507.350780127808 7.387780849071479e8
13400 379624.37562757364 28.38076636168033 7.672605193378532e-6 5.906516085166001e-9 2.9124627203143487e-9 5.486999452841701e-5 5.1391581268322994e-8 2.4291036043733172e-8 -3.891780945330605e-12 9507.350780127857 7.387780849071423e8
13450 381042.2843678932 28.338785913710353 7.671461189457763e-6 5.910184132698004e-9 2.9202940985378447e-9 5.478224193211645e-5 4.8829183418863664e-8 2.1788388315790996e-8 -2.6592969850167966e-12 9507.350780127786 7.387780849071523e8
13500 382458.45702584763 28.31105876596915 7.662014173593408e-6 5.902393465673945e-9 2.9324438536470623e-9 5.710956111215637e-5 4.3123553006285675e-8 2.1324311594295153e-8 -2.7883058300852292e-12 9507.350780127832 7.387780849071472e8
13550 383873.60856316536 28.29765842869769 7.648035528266253e-6 5.884659524245124e-9 2.948733721812037e-9 5.876213344890857e-5 4.307507492362639e-8 2.3914304647654205e-8 -2.77944956505855e-12 9507.350780127792 7.387780849071468e8
13600 385288.4550857961 28.298560121810212 7.638770097785007e-6 5.860794712785839e-9 2.968388206116869e-9 5.9374841384851607e-5 4.310259221762536e-8 2.381871172518757e-8 -3.168104822155643e-12 9507.350780127817 7.387780849071491e8
13650 386703.7090698104 28.31364605282961 7.635395304785085e-6 5.835882332181985e-9 2.990681173239112e-9 5.897308483326924e-5 4.089112781713311e-8 2.4543412247002294e-8 -3.7433140666121705e-12 9507.350780127827 7.38778084907151e8
13700 388119.9688652885 28.326737097680862 7.63227748742418e-6 5.814866461550417e-9 3.014589096943096e-9 5.783116330349003e-5 3.990366340134166e-8 2.479578797842663e-8 -4.234506532247184e-12 9507.35078012784 7.387780849071527e8
13750 389507.72674901364 28.3047953391123 7.627235833772403e-6 5.801642931493868e-9 3.037497523434829e-9 5.912945812269754e-5 3.904219439410106e-8 2.582936814432557e-8 -4.107985998996397e-12 9507.350780127857 7.387780849071519e8
13800 390922.69233126496 28.29635984934015 7.622194279209857e-6 5.797555617669539e-9 3.058678728792597e-9 6.048655950507964e-5 3.9625779435503716e-8 2.6759072790927263e-8 -3.1014396987749645e-12 9507.350780127814 7.387780849071475e8
13850 392337.5990382594 28.302175348242606 7.622479734534366e-6 5.8027087495199835e-9 3.077151853173265e-9 6.140258187770087e-5 3.717391036661688e-8 2.7242592237630703e-8 -2.553409960281204e-12 9507.3507801278 7.387780849071466e8
13900 393753.16169763944 28.32231601986053 7.6300896345932e-6 5.815777576688482e-9 3.0922819171838118e-9 6.164338742564723e-5 3.680918853055104e-8 2.77208844212673e-8 -1.9041103819152524e-12 9507.350780127837 7.387780849071517e8
13950 395170.09643736336 28.356760728809764 7.641851069841309e-6 5.834947568033911e-9 3.10399299811717e-9 6.102077554714924e-5 3.7795004126373044e-8 3.0410596275551316e-8 -3.937513426730802e-12 9507.350780127843 7.387780849071535e8
14000 396589.11577460053 28.405387104215016 7.651665381773588e-6 5.857498721727831e-9 3.113089842348141e-9 5.931304053774511e-5 4.294255528947133e-8 3.468339333442816e-8 -3.994650311668381e-12 9507.350780127845 7.387780849071442e8
14050 398010.9233744835 28.467964292807682 7.654535547798172e-6 5.8806210920407456e-9 3.1195431427162706e-9 5.614178758150956e-5 4.808047215920652e-8 3.834209144973344e-8 -2.213197094473038e-12 9507.350780127825 7.387780849071479e8
14100 399434.7024879176 28.450914350453658 7.654600387622834e-6 5.9021094897652685e-9 3.122728730673902e-9 5.449773834698135e-5 5.246307599460209e-8 4.0867282918855e-8 -3.025473199771259e-12 9507.350780127814 7.387780849071417e8
14150 400855.683444264 28.391818955782732 7.655917512925738e-6 5.920251898893572e-9 3.1207562621412035e-9 5.4035751418268774e-5 5.387852797245074e-8 4.173253417838474e-8 -1.4458513142744994e-12 9507.350780127847 7.387780849071499e8
14200 402274.0660947403 28.346744702166674 7.65623477690092e-6 5.933840436708202e-9 3.111445008032445e-9 5.527746907318942e-5 5.181796941533534e-8 4.049928222643606e-8 -2.6930081300208035e-12 9507.35078012778 7.3877808490715e8
14250 403690.5571173384 28.315893979084407 7.652870850860746e-6 5.942428676191777e-9 3.0938457753842902e-9 5.804110378448968e-5 4.639535616801638e-8 3.705176358781426e-8 -3.0597179988773385e-12 9507.350780127776 7.387780849071498e8
14300 405105.8705604286 28.299362607898434 7.645147110663446e-6 5.946514004325737e-9 3.069197770490574e-9 5.976502825433272e-5 4.2049325632564916e-8 3.816976185122556e-8 -3.2091583775452035e-12 9507.350780127785 7.387780849071525e8
14350 406520.7226967987 28.297146782056036 7.634555622659168e-6 5.947680982200544e-9 3.0410488111480963e-9 6.023511696184869e-5 4.23585613529287e-8 4.0844125193117975e-8 -3.8994818372609595e-12 9507.350780127857 7.3877808490715e8
14400 407935.8271904103 28.309148649484047 7.624321735792013e-6 5.948555465536341e-9 3.013239203497017e-9 5.9726705330831464e-5 4.057738284268808e-8 4.1805994915877775e-8 -2.513808518385534e-12 9507.350780127803 7.387780849071499e8
14450 409351.888347592 28.333449079365852 7.619242004403565e-6 5.952127468069667e-9 2.9885334270522732e-9 5.861757608727203e-5 3.975267331979282e-8 4.079413490343242e-8 -3.339802645095054e-12 9507.350780127841 7.38778084907151e8
14500 410767.8578344419 28.308155927377143 7.618493982858408e-6 5.960745704208647e-9 2.9688732074814252e-9 5.942992811469594e-5 3.853064445280552e-8 3.777588852837965e-8 -3.256966127274177e-12 9507.350780127823 7.387780849071544e8
14550 412182.919808718 28.296905477414192 7.619944764479278e-6 5.975483151158226e-9 2.954452209254224e-9 6.053972538211383e-5 3.935467288163075e-8 3.298806802720655e-8 -2.9116933590739843e-12 9507.350780127825 7.387780849071518e8
14600 413597.781430302 28.29988034182771 7.622360576551622e-6 5.99624912213696e-9 2.944802820214441e-9 6.148616671453055e-5 3.73643397888479e-8 3.1496137475883756e-8 -1.928264093049947e-12 9507.35078012778 7.387780849071494e8
14650 415013.1567076443 28.317173063218007 7.627172558982126e-6 6.022026885368714e-9 2.93918373641087e-9 6.181122785164916e-5 3.678669197038076e-8 2.9435963999624448e-8 -2.847480172881572e-12 9507.350780127821 7.387780849071481e8
14700 416429.76189201337 28.34878187416091 7.634198784257323e-6 6.0513225063698814e-9 2.93641770352518e-9 6.125616891949903e-5 3.660221942203279e-8 2.6188733903698136e-8 -3.251074155235108e-12 9507.350780127785 7.387780849071509e8
14750 417848.3106239166 28.394605055795946 7.643961817674167e-6 6.082377111929818e-9 2.9355055550128338e-9 5.966329626971856e-5 4.200612696569905e-8 2.5327581615330885e-8 -4.6531797129324616e-12 9507.350780127786 7.387780849071468e8
14800 419269.5087626854 28.45443394699865 7.652776954795948e-6 6.11297365382821e-9 2.9359895867361847e-9 5.672316274285549e-5 4.7033925754114136e-8 2.6101997618876993e-8 -2.4248893010281207e-12 9507.350780127823 7.387780849071587e8
14850 420693.33698258654 28.464301364500773 7.65916718934779e-6 6.140193216184813e-9 2.938104375818215e-9 5.509261745828553e-5 5.1916391297091025e-8 2.623957989777992e-8 -3.882756686949821e-12 9507.350780127845 7.387780849071465e8
14900 422114.9173814258 28.40245382239712 7.663536445109792e-6 6.160664716295804e-9 2.9427571457882583e-9 5.475607395055704e-5 5.405573183514534e-8 2.5385111818154726e-8 -3.852894073456813e-12 9507.350780127808 7.387780849071451e8
14950 423533.76040454075 28.35457381845476 7.662987948986778e-6 6.171668060901653e-9 2.951134823305948e-9 5.521093953575473e-5 5.2869391753418427e-8 2.3334181392664632e-8 -6.983641672626757e-13 9507.35078012777 7.387780849071509e8
15000 424950.5706205682 28.320885856228916 7.659025816276616e-6 6.171942857948631e-9 2.963032007363101e-9 5.801479255751474e-5 4.819772309039294e-8 2.076989508159599e-8 -2.19122059635209e-12 9507.350780127877 7.38778084907149e8
15050 426366.0610341465 28.30150633930488 7.65464632951789e-6 6.16213467664253e-9 2.9778636839809624e-9 5.9935230183327803e-5 4.2268339106588115e-8 2.34662279607889e-8 -3.982446144898207e-12 9507.35078012782 7.387780849071501e8
15100 427780.94786982995 28.296450769139017 7.649098927585568e-6 6.144979733387437e-9 2.9960487532751334e-9 6.0765227772208164e-5 4.304376208241756e-8 2.4329412262602546e-8 -3.5643135582113963e-12 9507.350780127841 7.387780849071524e8
15150 429195.9456821168 28.30563960315361 7.642828282465604e-6 6.124898036038942e-9 3.0171538450641703e-9 6.046985663488158e-5 4.168879852439744e-8 2.424080589036315e-8 -3.343625810088197e-12 9507.35078012784 7.387780849071478e8
15200 430611.7627228153 28.328902713418202 7.6387622118044e-6 6.10669279475325e-9 3.0397752467626617e-9 5.95012893427338e-5 4.044135026859408e-8 2.4899575762349357e-8 -3.109447860600861e-12 9507.350780127803 7.387780849071515e8
15250 432000.0 0.35906477516982704 7.637281371738304e-6 6.094643492903809e-9 3.0627010371786406e-9 6.0806028841398074e-5 3.7952355980142016e-8 2.478410321415936e-8 -2.9664228178829314e-12 9507.35078012781 7.38778084907146e8
