#timestep time dt l2_h l2_h_vcon1 l2_h_vcon2 linf_h linf_h_vcon1 linf_h_vcon2 dsdu_ut mass entropy 
0 0.0 100.0 0.0 0.0 0.0 0.0 0.0 0.0 -1.6386197586435212e-13 9507.350780127921 7.387780641008914e8
50 1639.4565905352897 32.75307286777874 0.04148581277370281 1.0967098217127211e-5 2.064659267463534e-5 0.17976066080700548 7.212347694662835e-5 0.00010729675025844543 -2.0699291108196173e-5 9507.350780127894 7.38778064086883e8
100 3275.546510881263 32.69485865003488 0.04134209419977815 1.1408396106766675e-5 1.6054887056102877e-5 0.2525074216121084 7.349020808100626e-5 8.381316988848031e-5 -2.4248278074640014e-5 9507.350780127941 7.387780640446063e8
150 4909.220868990339 32.656171099052585 0.040890062280066204 1.3204923674882016e-5 1.8506405685119452e-5 0.3202612095683435 0.00010153413333080508 9.048562380847835e-5 -2.362249879667929e-5 9507.350780127917 7.387780640073264e8
200 6541.466284454262 32.63737956677001 0.03792606588355277 1.5524618140831275e-5 1.825492313386409e-5 0.31070411636483186 0.00011703721936207057 9.18585819170703e-5 -2.3572502600847446e-5 9507.350780127923 7.387780639677374e8
250 8173.288194850579 32.63884954071105 0.03698310816983441 1.7840968170647306e-5 1.9038269598830527e-5 0.2737257827375288 0.0001330643663198794 0.00010217355251604388 -2.1928194563487826e-5 9507.350780127903 7.387780639311136e8
300 9805.701401246377 32.6606275428503 0.03778937074225333 2.0201088475593434e-5 2.0091357006242485e-5 0.257875842893327 0.0001465569152540036 0.00011446248386437485 -2.2151833980939136e-5 9507.350780127916 7.387780638950565e8
350 11439.365569223331 32.668100783757986 0.03849518648654132 2.2438427336690964e-5 2.1051472518783086e-5 0.2709714428976895 0.00015531770372911868 0.00012404531859028234 -2.1984773334288823e-5 9507.350780127897 7.387780638590642e8
400 13072.016726949889 32.64184832436279 0.03911641318207792 2.4578010781338896e-5 2.20681927462893e-5 0.3254339707239069 0.00016014162808741794 0.0001304962331162285 -2.2128087851259317e-5 9507.350780127903 7.387780638230215e8
450 14703.87305305711 32.63591126744185 0.039444914520347436 2.6639524450211998e-5 2.293348622160088e-5 0.3612618744264182 0.0001677430581797923 0.0001359001880907873 -2.2020571566847755e-5 9507.35078012789 7.387780637870036e8
500 16335.950226049148 32.6502521479122 0.039764716264051626 2.8599173532398437e-5 2.386088943828519e-5 0.3625383057299132 0.0001813578556673079 0.0001468998350733497 -2.2088554223610343e-5 9507.35078012785 7.387780637510262e8
550 17969.256480283908 32.68461461382895 0.0398814281028924 3.047695557641965e-5 2.4660340338181886e-5 0.34221142883529865 0.00019201348664754647 0.00015356426364349085 -2.213643022546384e-5 9507.350780127894 7.387780637149066e8
600 19604.782164322718 32.73854632003756 0.04009094940362754 3.227632492160866e-5 2.5340260981599492e-5 0.3231515975523962 0.00020000617047877256 0.00015428870369851855 -2.2249353390452735e-5 9507.35078012787 7.38778063678621e8
650 21243.490013275896 32.81139808110916 0.04008359148405233 3.401793818076733e-5 2.5897494324197687e-5 0.31586402772290967 0.0002059981741939776 0.0001571504806551216 -2.233818264780898e-5 9507.350780127894 7.387780636420764e8
700 22883.51729569582 32.76592085948642 0.04015540157693923 3.5683134456087035e-5 2.6263613255992153e-5 0.3128142512100567 0.00021121307916804888 0.00017286697483859248 -2.2383288396334038e-5 9507.350780127868 7.387780636054089e8
750 24520.161934636228 32.70426306670799 0.03999516600021001 3.7275441343296034e-5 2.6586587625337576e-5 0.3261955257344198 0.00023323082915083226 0.00018775111055263638 -2.24378022113902e-5 9507.350780127901 7.387780635687193e8
800 26154.213906617846 32.66193207953816 0.0398292229252821 3.878103879178202e-5 2.6760416118930476e-5 0.36117321868232466 0.00025621827214328263 0.00019453290491833197 -2.2404869311045706e-5 9507.350780127905 7.387780635320752e8
850 27786.653798187705 32.6394549610223 0.039645770496964265 4.0208868292658726e-5 2.690760778209345e-5 0.38620349953180266 0.0002708635529654613 0.0002023974005356255 -2.2392755920456467e-5 9507.350780127937 7.387780634955155e8
900 29418.483756392423 32.63717044213683 0.03940594788004579 4.157035314877671e-5 2.6986504767782116e-5 0.39923966428500535 0.0002747263562913327 0.00020939012046072847 -2.2357022764209418e-5 9507.350780127927 7.387780634589974e8
950 31050.717589550724 32.65520768044385 0.039247669756936485 4.2871939693098796e-5 2.7039495970702296e-5 0.4021011985860241 0.000267103836688265 0.00021431366782997952 -2.2290221940770055e-5 9507.35078012791 7.387780634225591e8
1000 32684.266849381765 32.67523983863995 0.039185602744994955 4.410387299755174e-5 2.714230615504538e-5 0.40015862267182456 0.0002505265091555797 0.00021798836229658392 -2.22514355025227e-5 9507.35078012785 7.387780633861841e8
1050 34317.17959143548 32.645241572096545 0.039225988365426984 4.5254117200014685e-5 2.7260729216387903e-5 0.3978642209751797 0.00023862416944342435 0.00021961903300793395 -2.226097893116245e-5 9507.350780127934 7.387780633498538e8
1100 35949.10975375044 32.63554813521869 0.03935845966890353 4.6318536283864714e-5 2.7398357784977197e-5 0.39543209186672357 0.00024087775616721263 0.00021986830782605438 -2.2313683623768476e-5 9507.350780127877 7.387780633134745e8
1150 37581.0734635349 32.64615925388681 0.039424308298442554 4.732930812619891e-5 2.7588788845241137e-5 0.390116695167535 0.00024308186913779561 0.00022043891572531837 -2.2302556966589556e-5 9507.350780127896 7.387780632770597e8
1200 39214.081340082186 32.67686019488918 0.03959795036797282 4.8285815058951825e-5 2.7826495391724618e-5 0.3801944172294043 0.00023757184420147848 0.00022023754913713667 -2.2305097607217757e-5 9507.350780127927 7.387780632406532e8
1250 40849.128141185414 32.72723768621592 0.03984802339375239 4.915726941132915e-5 2.8125944110871556e-5 0.36671440576265013 0.00022858698635874752 0.0002208087257963287 -2.2374302297249366e-5 9507.350780127907 7.387780632041246e8
1300 42487.18291946385 32.79667851694949 0.039973715741130615 4.995842772982442e-5 2.8485943521954992e-5 0.3516666355428697 0.00021931605658120912 0.00022392378379954003 -2.24138616714069e-5 9507.350780127897 7.387780631674367e8
1350 44118.42124195272 32.77972453309604 0.040021884688124065 5.0709532690135016e-5 2.8838704748704575e-5 0.3360790109645677 0.0002469747294578939 0.00022909902219159228 -2.240574566049926e-5 9507.350780127881 7.387780631308787e8
1400 45755.6666722952 32.71453536853104 0.040036764700072155 5.140417225061981e-5 2.921656527118415e-5 0.32345350790728844 0.0002760490235308444 0.00023506782273097215 -2.2339008767126704e-5 9507.350780127936 7.38778063094238e8
1450 47390.13917218131 32.66853558240879 0.04011986944785099 5.203693370892216e-5 2.966275521730522e-5 0.351254244375923 0.0003012095850418728 0.00023979512091765187 -2.2266284070998746e-5 9507.35078012789 7.387780630577904e8
1500 49022.81373693708 32.64230239306158 0.040118324021497856 5.263196194390315e-5 3.0159113832098523e-5 0.37663165253934494 0.00032583247750483935 0.0002444694542026449 -2.2240756921904085e-5 9507.350780127901 7.387780630214628e8
1550 50654.689123168566 32.63621064321452 0.039881531047196384 5.319766442943215e-5 3.065240160278207e-5 0.3931927929409085 0.00033540521033481596 0.00024765399931103715 -2.218499064414655e-5 9507.350780127897 7.387780629852045e8
1600 52286.777512027154 32.65042695958361 0.03967573045208102 5.372728492731792e-5 3.112215994465208e-5 0.4039787110730231 0.0003263207514245803 0.0002467455963784948 -2.2084452244622123e-5 9507.350780127932 7.38778062949074e8
1650 53920.09242323724 32.6831498490278 0.039604049694612065 5.4234784632077806e-5 3.161459657259004e-5 0.4126110236209115 0.00030031684861997476 0.0002416720650708637 -2.2007110508600498e-5 9507.350780127885 7.387780629130746e8
1700 55553.30399804711 32.64935387001908 0.03954971217630825 5.4742634593649316e-5 3.2116381276649984e-5 0.41879365787940515 0.00026368298408530055 0.00023312958194321443 -2.1970225222172195e-5 9507.350780127934 7.387780628771651e8
1750 57185.3423512414 32.63583862824433 0.03953024324039772 5.526475499214372e-5 3.2552962835768386e-5 0.41955341523407697 0.0002584657100347387 0.00022948932555177937 -2.1965148417323564e-5 9507.350780127936 7.387780628413193e8
1800 58817.223278923295 32.64263896697161 0.039526530836227126 5.579846849796946e-5 3.29126065860772e-5 0.41121055475719004 0.00025298530813600006 0.0002390204320254774 -2.197754737788497e-5 9507.350780127917 7.387780628054656e8
1850 60449.95904285486 32.66958405657839 0.03940767329545533 5.634361928390122e-5 3.3217186886745226e-5 0.39203850772992155 0.0002425722451446788 0.00024398570784561757 -2.1970122007490846e-5 9507.35078012792 7.387780627695819e8
1900 62084.54827858086 32.71630408269643 0.039244276767639454 5.690884268035567e-5 3.343689005501811e-5 0.3666613519844759 0.00023372083673756094 0.00023854272319986936 -2.1937997920378842e-5 9507.350780127874 7.387780627336907e8
1950 63721.96596922937 32.782225053094315 0.03916967589731065 5.7504113240921635e-5 3.354404923632376e-5 0.34501768034920133 0.00023426245275481872 0.00022774229281861957 -2.1923942493553725e-5 9507.350780127921 7.387780626977884e8
2000 65362.333125650504 32.79334106289186 0.039096928478199205 5.813094077430794e-5 3.3551351550210225e-5 0.3303324130024521 0.0002393368365716242 0.0002220846793403175 -2.1932523539778942e-5 9507.350780127888 7.387780626618152e8
2050 67000.1731175443 32.72474749358157 0.038897319049536076 5.87809752082948e-5 3.348259377803743e-5 0.31338367988882965 0.00024884315634765564 0.00022811285942880843 -2.1896319807634126e-5 9507.350780127876 7.387780626259167e8
2100 68635.06686533961 32.67522681001991 0.038599173817905966 5.9452519100736143e-5 3.336219052104082e-5 0.3065614848894711 0.00026019004658928147 0.0002318939941047815 -2.1782084933807846e-5 9507.350780127896 7.387780625902009e8
2150 70267.98430590866 32.6453868695236 0.03833574788476101 6.0136720231068465e-5 3.322997408710888e-5 0.31628298792224996 0.00026939087040178666 0.00024293857352081227 -2.1651366339593297e-5 9507.350780127914 7.387780625547403e8
2200 71899.92080842944 32.63563907243755 0.03814700725374259 6.0827211713915536e-5 3.311449823156598e-5 0.33386404181942453 0.0002941024818025051 0.0002535257831584037 -2.1547837330656667e-5 9507.350780127943 7.387780625195003e8
2250 73531.88710576741 32.64618971847206 0.038056548356728725 6.15232208813662e-5 3.302818688322911e-5 0.3497935717552991 0.00031699545271424157 0.0002606394924367095 -2.147337085353071e-5 9507.350780127941 7.387780624843963e8
2300 75164.89894607916 32.67703751911042 0.03803436466006268 6.22209501706566e-5 3.2980659263209825e-5 0.3425224506408995 0.00032486276084742194 0.0002697421931432409 -2.1452931830035185e-5 9507.350780127905 7.387780624493552e8
2350 76798.38175666714 32.654033928213146 0.03799797009194382 6.291035454663328e-5 3.2976860169790705e-5 0.31592958687633654 0.00032440863053462277 0.00027424480529414375 -2.145377067522101e-5 9507.350780127877 7.387780624143076e8
2400 78430.56108565489 32.6368681625359 0.03803456900178536 6.357643946001177e-5 3.301179797882565e-5 0.29822610017936313 0.0003152115599882599 0.000276424922280194 -2.1431463992662914e-5 9507.350780127881 7.387780623793075e8
2450 80062.40039817878 32.64002150873192 0.03830103243714673 6.421137782745025e-5 3.307822142592019e-5 0.3001096514446999 0.0002981361413353367 0.00027874794978610673 -2.1431207320237995e-5 9507.350780127927 7.387780623443485e8
2500 81694.91309064817 32.66336046659543 0.0387199152251507 6.48074560743188e-5 3.31711890976213e-5 0.30082601714229895 0.00027569889990242125 0.00028007573492139226 -2.1522452044734495e-5 9507.350780127925 7.387780623092958e8
2550 83329.10069062698 32.7065477023969 0.03901887508082798 6.535621091535239e-5 3.327986258417329e-5 0.2873847175087576 0.00027738714824843136 0.0002819134586754535 -2.1663381603240173e-5 9507.350780127945 7.387780622740097e8
2600 84965.94269603485 32.76904402876749 0.039094540520702555 6.58528673624736e-5 3.3390634603736284e-5 0.28177624174372795 0.0002859975291247263 0.0002872412790138057 -2.1740043772197234e-5 9507.350780127905 7.387780622384691e8
2650 86596.87325904412 32.80811224460195 0.03912081191241239 6.629595037756663e-5 3.3504466162050004e-5 0.2656024184773287 0.0002942305542695811 0.00029417914781615373 -2.1710707479448395e-5 9507.350780127916 7.38778062203032e8
2700 88235.36358216226 32.736035136676186 0.03929219337272917 6.669486253932197e-5 3.363637933597701e-5 0.2464145801777704 0.0003009265623361568 0.0003009853711616328 -2.163314016342505e-5 9507.350780127908 7.387780621675192e8
2750 89870.730115245 32.682904532648905 0.03954630602261344 6.70597845625434e-5 3.38030064335033e-5 0.24865192734068842 0.00030611956756976255 0.00030696959418785585 -2.158436280036936e-5 9507.350780127852 7.387780621321888e8
2800 91503.93732881322 32.649361377218746 0.03968746080784506 6.74057578957219e-5 3.40137268269101e-5 0.27146206637371506 0.0003134339675131548 0.000310866035298174 -2.157332994955013e-5 9507.350780127917 7.387780620969509e8
2850 93135.97678967906 32.63585115399944 0.03961748827624643 6.77450212540007e-5 3.4266708608225984e-5 0.2764399948105165 0.00031819859286774665 0.00031108111332733834 -2.1552423217538485e-5 9507.350780127901 7.387780620617484e8
2900 94767.85716351772 32.642615693872465 0.03941961559501872 6.808609543125041e-5 3.456291616795843e-5 0.27908484575368675 0.00032760423353861423 0.00030778346527704503 -2.1478970723735166e-5 9507.350780127905 7.387780620266305e8
2950 96400.59403218872 32.66969447279683 0.03928865446975955 6.843760914086521e-5 3.4899347195285474e-5 0.29279307631577467 0.000344436212036614 0.0002999379612026454 -2.1380840525514334e-5 9507.350780127905 7.387780619916458e8
3000 98034.23850542346 32.65951581031222 0.03938450626303977 6.880813071394075e-5 3.5261667942413415e-5 0.3172733095273088 0.0003450470638660663 0.0002860539635938242 -2.1319926884805162e-5 9507.350780127894 7.387780619567682e8
3050 99666.59522712142 32.638554934449516 0.03967798660586679 6.91996622870854e-5 3.562490837626593e-5 0.3412390981236513 0.0003325728335651368 0.00026568889959044384 -2.1338273228645697e-5 9507.35078012792 7.387780619219645e8
3100 101298.4220728098 32.637915532736535 0.03999067595801586 6.960822421242842e-5 3.5958840379852726e-5 0.3524329598267286 0.0003291741748590038 0.00024085145809243924 -2.14157246186235e-5 9507.35078012788 7.38778061887087e8
3150 102930.7335200511 32.65750123112041 0.04017665984001847 7.003090773393014e-5 3.623702352104561e-5 0.34603906759389247 0.0003325547292342135 0.00024660535945583706 -2.149780106884872e-5 9507.350780127876 7.387780618520583e8
3200 104564.53398750837 32.69701097635461 0.04022920281962816 7.046955710659151e-5 3.643571260166887e-5 0.32750576814191845 0.00033583190478270186 0.00024169064031309695 -2.1554688653678256e-5 9507.350780127888 7.387780618168839e8
3250 106200.8077467997 32.755944694800284 0.040216714907753026 7.092864111204233e-5 3.653174608601589e-5 0.31292988034010705 0.0003391693513278282 0.00023552457949735373 -2.1572857060581826e-5 9507.350780127887 7.387780617815976e8
3300 107840.48847085697 32.82332797029196 0.04020140280380715 7.141306856928828e-5 3.651476794019997e-5 0.30019975563504886 0.0003434379895584927 0.00026168199233850276 -2.154686588099009e-5 9507.3507801279 7.387780617462411e8
3350 109479.65470185665 32.74789561922682 0.04022008203882302 7.192371301604127e-5 3.639152811192946e-5 0.286077760214539 0.00034843863316147416 0.0002826329241477632 -2.1497664682945414e-5 9507.350780127894 7.387780617109661e8
3400 111115.52554592829 32.69126566007867 0.0401879336102483 7.246124488986905e-5 3.618381224696339e-5 0.2781107835739931 0.0003550970139652998 0.00029671792639313077 -2.1458662923633035e-5 9507.350780127865 7.387780616758287e8
3450 112749.05921356501 32.65411535391519 0.04000776137550653 7.30195297584908e-5 3.5924956896156805e-5 0.3076577098065627 0.0003614883711220429 0.000313003305848214 -2.1415704046586368e-5 9507.350780127954 7.387780616408083e8
3500 114381.2427395751 32.63692418932505 0.03970615870944496 7.358933463128337e-5 3.564506003772014e-5 0.3314302596388643 0.00036465985768563414 0.0003296782594800485 -2.1347787954639224e-5 9507.35078012789 7.387780616059085e8
3550 116013.08207278776 32.639972956672146 0.03939565263081782 7.416660850912585e-5 3.536961702834223e-5 0.34287558583491773 0.00036303375264534754 0.0003418426965874355 -2.1259837676476965e-5 9507.35078012786 7.38778061571142e8
3600 117645.59207831566 32.66334085962915 0.039208678609861145 7.474508490676306e-5 3.511500773841201e-5 0.34598583257456994 0.000354635547547999 0.0003502418202557811 -2.1195455874461894e-5 9507.350780127907 7.387780615364913e8
3650 119279.27891645407 32.665438229788634 0.03919813568850295 7.531401530291774e-5 3.4895312938547685e-5 0.3461068461040213 0.0003382300330984078 0.000355559227437241 -2.1181898115047785e-5 9507.35078012787 7.387780615018846e8
3700 120911.83851995345 32.64081793416121 0.03931086902734837 7.585995258764222e-5 3.472645653288094e-5 0.34543588054430074 0.0003342290841601425 0.00035830272779480143 -2.121729089219591e-5 9507.350780127907 7.387780614672779e8
3750 122543.68510570933 32.63651798002565 0.03946897072497904 7.637223077467043e-5 3.46109131653505e-5 0.34252640307613547 0.00033812334566629687 0.00035919265075967655 -2.1283446713046385e-5 9507.350780127883 7.387780614326084e8
3800 124175.83396726039 32.65247641313981 0.03962959516085412 7.684384955388775e-5 3.453938759944986e-5 0.33542960020554347 0.00034113197263174744 0.0003588515500091427 -2.1356565183351505e-5 9507.350780127923 7.387780613978072e8
3850 125809.29209633406 32.68842783215998 0.03978804019425746 7.727133795470332e-5 3.4507822495391795e-5 0.32499709930857534 0.0003440263911103081 0.00035815227211133394 -2.141858096563749e-5 9507.350780127914 7.387780613628706e8
3900 127445.04809294423 32.7439063946804 0.039945195707741854 7.76553223526067e-5 3.4521218757545346e-5 0.321129326891878 0.0003483704502882379 0.0003587512641196611 -2.1459983050203624e-5 9507.3507801279 7.387780613277938e8
3950 129084.06219997282 32.81824782709012 0.04008455076986547 7.800005740092327e-5 3.458450129246328e-5 0.31490820312592405 0.00035521736491328504 0.00036170574296434665 -2.1472322877995343e-5 9507.350780127903 7.387780612926099e8
4000 130714.68915812038 32.760619045929495 0.040176734387360635 7.830868804481845e-5 3.46978645685965e-5 0.30462989422312603 0.00036368859734758896 0.0003660846063580081 -2.1445679306359823e-5 9507.350780127868 7.387780612576125e8
4050 132351.1055140782 32.70041244871037 0.040180913852694226 7.85923560023591e-5 3.487120500115343e-5 0.28726460416351074 0.0003719926112074612 0.0003702257524813568 -2.1382848133281653e-5 9507.350780127932 7.387780612225624e8
4100 133985.0028335552 32.65957253013578 0.04008928077384833 7.886066356093955e-5 3.511126213693799e-5 0.29726591024405025 0.00037838284080116136 0.00037245957752551906 -2.129575129412939e-5 9507.35078012787 7.387780611876965e8
4150 135617.3633935452 32.63861363178841 0.03993977650648458 7.912083728562386e-5 3.5409862190728344e-5 0.3216087591767973 0.0003811528223215399 0.00037127184718988016 -2.1210433671450766e-5 9507.350780127847 7.38778061153003e8
4200 137249.1901482906 32.63785281730738 0.039777809827180856 7.937804391386469e-5 3.575967308230758e-5 0.33767564525760463 0.0003793636107064513 0.0003658678950574368 -2.1132261299974886e-5 9507.350780127903 7.387780611184605e8
4250 138881.4968788862 32.65740950825546 0.039658269116730524 7.963514650520556e-5 3.615320762437239e-5 0.34762658043723604 0.0003718963365836325 0.00035533472242155195 -2.1077541744552828e-5 9507.350780127876 7.387780610840124e8
4300 140515.10949194542 32.672248971501034 0.03961882738179409 7.989655241371012e-5 3.656497389695362e-5 0.3532240647061826 0.00037270122701116293 0.00033829189992695685 -2.1064965661463336e-5 9507.350780127881 7.387780610495968e8
4350 142147.9129135356 32.64383095149889 0.039675720556721736 8.016430692918674e-5 3.695853595528953e-5 0.35442138499274733 0.0003771798861407216 0.0003151479737819596 -2.110078715632722e-5 9507.35078012791 7.38778061015174e8
4400 143779.8130511586 32.63572540356997 0.03980392180617325 8.043792460275836e-5 3.730564231728948e-5 0.35049816786818155 0.0003798347977030936 0.0002877226078090711 -2.1172154849297515e-5 9507.35078012788 7.38778060980689e8
4450 145411.82587501674 32.64791170840832 0.03994744519509055 8.071914806928648e-5 3.758894177341816e-5 0.3416106803238108 0.000381272176189551 0.0002516426229023927 -2.1252891857823205e-5 9507.350780127881 7.38778060946072e8
4500 147044.96100997526 32.68016142368087 0.0400737869061188 8.101447638664168e-5 3.7788005038464354e-5 0.32927118670636446 0.0003823045319572005 0.0002369370787597691 -2.1322726669947224e-5 9507.350780127903 7.387780609113059e8
4550 148680.21145298748 32.732042810195786 0.0401817680387232 8.133245728996768e-5 3.787527177673475e-5 0.3155458066269148 0.0003838476573615468 0.00025447396945749157 -2.137177335556012e-5 9507.35078012788 7.387780608763908e8
4600 150318.54353258497 32.80292541923411 0.040237444705733344 8.168182320797049e-5 3.78415799716127e-5 0.31279437824719025 0.000386153109530607 0.0002656422504814515 -2.1388804464812262e-5 9507.350780127954 7.387780608413612e8
4650 151958.78308080722 32.77368808570353 0.04018713725477717 8.206794899794965e-5 3.7703318660548145e-5 0.30302326848550365 0.0003883716757764333 0.00029101204625753274 -2.1356688835261773e-5 9507.35078012791 7.387780608062916e8
4700 153595.7648441329 32.710005858510804 0.040042715966409195 8.24908546300196e-5 3.748414928880725e-5 0.2856785026183388 0.0003906651467628919 0.0003138239496747186 -2.127276078332e-5 9507.350780127863 7.387780607713937e8
4750 155230.05055363566 32.66556998072012 0.03986842888243418 8.294825657953589e-5 3.72156952261576e-5 0.27077164230786366 0.00039537224466268395 0.000328526507705984 -2.1155975958299727e-5 9507.35078012789 7.387780607367328e8
4800 156862.6175150479 32.640936026435604 0.039689678881164606 8.3430524330031e-5 3.6937411026985744e-5 0.29319291394358515 0.00039771713977676537 0.00033852680267476565 -2.105021520966052e-5 9507.350780127916 7.387780607022752e8
4850 158494.46577262433 32.63646155953973 0.039492464491788316 8.392890597725734e-5 3.6675825330583495e-5 0.30831217775130426 0.0003958141320519193 0.00035876348046370854 -2.0966649791978927e-5 9507.350780127894 7.387780606679949e8
4900 160126.6081279479 32.65230258371427 0.039328173539115246 8.443243021247064e-5 3.644656138136e-5 0.3157813768164033 0.00038764365411037005 0.0003739183959686754 -2.0907641035922513e-5 9507.35078012787 7.387780606338282e8
4950 161760.0336024557 32.6796073902095 0.039269839580809575 8.492981768053545e-5 3.626378744202468e-5 0.3171142450541993 0.00037292872325811466 0.0003848840336830861 -2.088499031405111e-5 9507.350780127908 7.38778060599701e8
5000 163393.1120456204 32.64754010073363 0.039347156253603466 8.540827173667077e-5 3.613919053461835e-5 0.3143629495521054 0.00036564183117560045 0.00039206101869859733 -2.0914194694446847e-5 9507.350780127887 7.387780605655807e8
5050 165025.104059034 32.63576378534437 0.039530490400377635 8.585414472364088e-5 3.607359632607407e-5 0.30844668834879485 0.00037238930303673534 0.0003958789629501247 -2.0995224475705837e-5 9507.350780127905 7.387780605313869e8
5100 166657.0253643386 32.64429054086541 0.03975159694479928 8.625691978697476e-5 3.6061149339030866e-5 0.313268547460666 0.00037698056868107344 0.0003970482853841162 -2.1100334444949536e-5 9507.350780127937 7.387780604970402e8
5150 168289.88706480942 32.67292881093664 0.039952121736626205 8.661048276423842e-5 3.610225065580202e-5 0.32164792075582227 0.00038014147297515954 0.00039641568252613 -2.119380353701762e-5 9507.350780127905 7.387780604625051e8
5200 169924.68559939525 32.72128780135151 0.04012364164682635 8.691298274137985e-5 3.619946151483762e-5 0.32543298073596816 0.00038277108874662513 0.0003949743653177684 -2.1254696960997067e-5 9507.350780127921 7.387780604278022e8
5250 171562.39278046752 32.78877695140659 0.040275551158374556 8.716939748948057e-5 3.6352455022585576e-5 0.3243274678011403 0.00038582123907060506 0.0003937563422953261 -2.1280420938128967e-5 9507.350780127905 7.38778060392968e8
5300 173193.55500708346 32.78767799021944 0.040384725067622085 8.73878126494367e-5 3.655697338516921e-5 0.3175379129597786 0.0003897110402731885 0.00039325019528568816 -2.1272130555503764e-5 9507.350780127934 7.387780603582559e8
5350 174831.14676944312 32.72046286003304 0.040407468876280606 8.757885492474525e-5 3.6812797483502886e-5 0.3040545945316353 0.0003939090640823206 0.0003930516379899718 -2.122561540940224e-5 9507.350780127874 7.38778060323452e8
5400 176465.86250052246 32.672369056321756 0.040331506504933515 8.77520392308526e-5 3.712007337985903e-5 0.2844451954786109 0.0003972780988963365 0.0003921706576657247 -2.1138895008932055e-5 9507.35078012792 7.387780602888227e8
5450 178098.67414380264 32.643987197779026 0.04020407399298125 8.791551181828303e-5 3.7475731542456355e-5 0.26385375474092143 0.0003980996071009102 0.0003890195234903526 -2.1042566580942603e-5 9507.350780127905 7.387780602543871e8
5500 179730.57817990953 32.6357120018762 0.04004768730555065 8.807808121366336e-5 3.787141108989099e-5 0.2789525060497908 0.0003947499959620071 0.00038210717142017625 -2.0961133755042728e-5 9507.350780127887 7.38778060220112e8
5550 181362.58578166898 32.64773963535148 0.03989796318403594 8.824513274939492e-5 3.829622564240208e-5 0.2955607556543782 0.0003861874031521051 0.00037028220671009304 -2.090980044052557e-5 9507.35078012792 7.387780601859509e8
5600 182995.71274877962 32.68006196685686 0.03981488853701768 8.841848600233727e-5 3.873256120227362e-5 0.31436648689373214 0.0003907329513374025 0.0003586111698251626 -2.0900197534355453e-5 9507.35078012791 7.38778060151819e8
5650 184629.09301887496 32.65199534269586 0.03984811172185411 8.859879038488628e-5 3.915659697916973e-5 0.32909956208959557 0.00039900493712119456 0.000338943707726691 -2.093456092881277e-5 9507.350780127937 7.38778060117662e8
5700 186261.21111298742 32.63642661707163 0.039999719801000366 8.878648612482181e-5 3.9540879893351225e-5 0.33268622914988555 0.00040550482716661396 0.00031073218784294365 -2.1008233041389882e-5 9507.350780127941 7.38778060083444e8
5750 187893.0690616365 32.64117449343948 0.040220241456019004 8.898368280940067e-5 3.985844302244842e-5 0.32470893248409993 0.00041044714563209794 0.0002745578845045893 -2.110492409168949e-5 9507.35078012792 7.387780600490762e8
5800 189525.67961678302 32.666085145968516 0.04044437310747054 8.919450383170808e-5 4.008882664779755e-5 0.3307221279969781 0.00041404414301104975 0.00023959672625478712 -2.1200431781249112e-5 9507.350780127887 7.387780600145403e8
5850 191160.042693138 32.71080333592058 0.040625323712112506 8.9423014297557e-5 4.0218647845096796e-5 0.32907175958462176 0.00041653510086137047 0.0002505943523603005 -2.12703306005197e-5 9507.350780127901 7.3877805997983e8
5900 192797.13534687308 32.77477418103122 0.04073761335004019 8.967462068140944e-5 4.024179185892322e-5 0.32236996838400955 0.00041819475828774877 0.0002687050990662354 -2.1299738103327482e-5 9507.350780127885 7.387780599449737e8
5950 194437.4275270051 32.80193198554127 0.04077104058240685 8.995504355339435e-5 4.016072823684729e-5 0.31358257021474856 0.0004193588665880599 0.0003033586440229774 -2.1289844089181864e-5 9507.350780127925 7.387780599100416e8
6000 196075.6457502965 32.73131066227928 0.040715679138378987 9.026610548710102e-5 3.9987316071075896e-5 0.30239709322881936 0.00041981629891296723 0.000330254130848473 -2.1245393626804187e-5 9507.35078012788 7.387780598752055e8
6050 197710.8141523914 32.679680089682414 0.04056350372707159 9.060953750656995e-5 3.974452350007294e-5 0.2853183562988306 0.00042313646894476253 0.00034846564383111955 -2.1173043641142084e-5 9507.350780127917 7.387780598405144e8
6100 199343.89907109257 32.64766712427334 0.04035355746914018 9.097884778796824e-5 3.946388862140386e-5 0.2823052522105627 0.00042322695484608985 0.00035747821229498156 -2.108637694881224e-5 9507.350780127927 7.38778059806007e8
6150 200975.89320531502 32.63570331257326 0.040119783217456524 9.136813176810918e-5 3.9171880593397715e-5 0.3017926362592789 0.0004192000416006758 0.0003645332109165622 -2.1002195467052585e-5 9507.35078012789 7.38778059771665e8
6200 202607.8058114672 32.644022546579755 0.039924080308738764 9.177136025140432e-5 3.889198989392419e-5 0.31509831997800575 0.0004107725553141872 0.0003887255841603654 -2.0933418999225216e-5 9507.350780127852 7.387780597374474e8
6250 204240.65267631083 32.67265513065993 0.03984233575190676 9.217886828786753e-5 3.864286928529138e-5 0.32313250914012315 0.00040409642478633767 0.0004048973208536921 -2.0902957074619e-5 9507.350780127885 7.387780597032996e8
6300 205874.2351684651 32.656952536909834 0.03989269696034382 9.257934755504554e-5 3.843569080558278e-5 0.32643305400961253 0.0003881706451744904 0.00041377439210565914 -2.0922848273844864e-5 9507.350780127894 7.387780596691427e8
6350 207506.50767294923 32.637717211487576 0.04002733879818154 9.296004749722285e-5 3.827705651051171e-5 0.3254531390402917 0.0003933312860995297 0.00041868536514910737 -2.0991164373698612e-5 9507.350780127897 7.387780596349412e8
6400 209138.336719857 32.638805164276555 0.040188952002173435 9.330994896001195e-5 3.8166662415456045e-5 0.3205614754474482 0.0004023161171161638 0.0004248655321601458 -2.1087547022572882e-5 9507.350780127827 7.387780596006129e8
6450 210770.73631193265 32.660098267340196 0.040346087108401284 9.362177838273303e-5 3.8103106276967354e-5 0.3259966234152216 0.0004096010674330408 0.00042873533459186763 -2.1180898656243198e-5 9507.350780127956 7.387780595661074e8
6500 212404.70937267793 32.701276209593836 0.04048984868600784 9.389125829992332e-5 3.808792014248165e-5 0.32868945643417646 0.00041545110230467586 0.0004306119745294268 -2.1247260248395234e-5 9507.350780127907 7.387780595314419e8
6550 214041.23772845423 32.761819789526385 0.0406175215994233 9.411883028377733e-5 3.812125427548776e-5 0.3294228977158582 0.00042009569490475407 0.00043080232400971585 -2.1276538057772613e-5 9507.350780127965 7.387780594966366e8
6600 215681.17427708226 32.81677394030993 0.04071435348463876 9.430956323927067e-5 3.82030635464428e-5 0.32577002048628856 0.00042376604261373796 0.00042964538511780503 -2.1268126195530195e-5 9507.350780127874 7.387780594617485e8
6650 217310.81352943616 32.743144420033595 0.040741642683540094 9.446842601172925e-5 3.833442021107834e-5 0.31438354167562466 0.00042640142185634833 0.0004272573749432018 -2.1216038755608438e-5 9507.350780127867 7.387780594271319e8
6700 218946.4818701506 32.687895971121364 0.04066243623676956 9.460722101399734e-5 3.852341564032557e-5 0.2935227683831272 0.00042761263940349625 0.00042355653260139903 -2.1127237761372246e-5 9507.350780127907 7.387780593924948e8
6750 220579.8830476009 32.65216183878997 0.04050934670234387 9.473522549080464e-5 3.876967621748512e-5 0.2786271309946642 0.0004266699879588165 0.00041800335400121735 -2.102174659176969e-5 9507.350780127934 7.387780593580685e8
6800 222212.00552361563 32.636409937402725 0.04031985549998435 9.486137800786962e-5 3.90666049258003e-5 0.301534682091642 0.00042261841534141364 0.00040987305163064924 -2.093199491294231e-5 9507.350780127917 7.387780593238392e8
6850 223843.8561549695 32.64091161263942 0.0401301491768651 9.499255168777276e-5 3.9406681688382326e-5 0.31703364063287154 0.0004228816666269619 0.0004062700771028105 -2.0869013657962148e-5 9507.350780127937 7.387780592897358e8
6900 225476.4502596426 32.66573695311767 0.04000539268456832 9.513165715465808e-5 3.977569887086642e-5 0.32709361425690986 0.00041686374079696886 0.00039699699042183845 -2.0844887487470174e-5 9507.350780127927 7.38778059255684e8
6950 227110.12438511464 32.66275095793491 0.03999339733496854 9.528038947130928e-5 4.015049997516834e-5 0.3325135979159768 0.00040381940670142225 0.0003796105038790243 -2.086737379331808e-5 9507.350780127896 7.387780592216161e8
7000 228742.590224277 32.6397249648556 0.0400880613313412 9.543971667772225e-5 4.0503356511677576e-5 0.3329022298394193 0.00041264287487485785 0.00035369711460264686 -2.0937342754060465e-5 9507.350780127874 7.387780591875106e8
7050 230374.42293610366 32.637023096898695 0.0402466010522768 9.561047437801253e-5 4.080400114904446e-5 0.32819540758760013 0.00041661576628493346 0.00031945069609595755 -2.1038958241065334e-5 9507.350780127861 7.387780591532613e8
7100 232006.63752957055 32.654564983926306 0.040426355083554175 9.579566918999255e-5 4.102302724793711e-5 0.32181854115697206 0.00041796943200100856 0.0002775809113551575 -2.1143029342152674e-5 9507.350780127881 7.387780591188338e8
7150 233640.23981671335 32.69206782130629 0.04059804364819354 9.600035720355913e-5 4.113915298211955e-5 0.32946170253808305 0.0004239063699693624 0.00024267099472483067 -2.122615162387947e-5 9507.350780127927 7.387780590842237e8
7200 235276.21636938798 32.74904909059323 0.040729639079949025 9.62307343128604e-5 4.11419191333117e-5 0.33040072159769807 0.00042868653892291775 0.0002690828315750071 -2.1276104315137817e-5 9507.350780127863 7.387780590494562e8
7250 236915.52456838364 32.82482775782787 0.040788318934983796 9.649301882613049e-5 4.103208598248818e-5 0.32500795547389316 0.00043247148337965946 0.0003114787150202414 -2.128424967237909e-5 9507.350780127927 7.387780590145608e8
7300 238555.10374251334 32.75527250839402 0.04075878366419153 9.678996658460246e-5 4.0818734000276935e-5 0.313322380296313 0.0004349052258394437 0.0003463267461393249 -2.1241580239493943e-5 9507.350780127865 7.387780589796922e8
7350 240191.29020038372 32.696541241119796 0.040639547471089214 9.712330210131625e-5 4.052399363507825e-5 0.29550560334359943 0.0004389084070074434 0.00037013964476878547 -2.115169862774558e-5 9507.350780127877 7.387780589450039e8
7400 241825.0324533848 32.65721645836498 0.04046483270749036 9.748968702997803e-5 4.0183209474453264e-5 0.2712997188971258 0.000441766774376795 0.000382568836447994 -2.1035962219383504e-5 9507.350780127934 7.387780589105399e8
7450 243457.3144973727 32.63780241531904 0.04026903762515093 9.788064800011347e-5 3.9828314045660664e-5 0.2801720298652981 0.0004408113631102495 0.00038449790614059065 -2.093315746247622e-5 9507.350780127908 7.387780588762934e8
7500 245089.14055003764 32.63860723482731 0.04007678253279263 9.828898899458342e-5 3.9482021487244295e-5 0.2941436596902349 0.00043512962742664474 0.00039415929300379293 -2.085537247305377e-5 9507.350780127948 7.387780588422012e8
7550 246721.5251454054 32.65973848543316 0.039937806165958205 9.870483986862837e-5 3.9162926767543305e-5 0.3017712298601509 0.00042339336758667745 0.00040982723956706213 -2.0814410515477312e-5 9507.350780127925 7.387780588081985e8
7600 248355.17605930747 32.66906506083934 0.039898301570359784 9.911668836389492e-5 3.888290589877294e-5 0.3058691916767202 0.0004114346194254992 0.00041582873002543597 -2.08209937622821e-5 9507.350780127903 7.387780587741914e8
7650 249987.86422135253 32.64237303662918 0.03997194741180239 9.951051053987444e-5 3.864972718180276e-5 0.30699669474483926 0.0003994542404021084 0.00042644204582176215 -2.0877607505844882e-5 9507.350780127877 7.38778058740168e8
7700 251619.7356517527 32.63599926155588 0.04013201228369545 9.987279106886128e-5 3.846745490384089e-5 0.32013949690349364 0.000409375994380623 0.000433623174710962 -2.097037916365191e-5 9507.350780127927 7.387780587060177e8
7750 253251.80598505406 32.64989913050084 0.04033214937123696 0.00010019505270793257 3.833596928304224e-5 0.33466549780382593 0.00041502531441650614 0.0004360001385770307 -2.1070785211866854e-5 9507.350780127901 7.387780586717113e8
7800 254885.0834132644 32.68382451320664 0.040533726264627805 0.0001004732398166328 3.825644051580329e-5 0.34370898738484357 0.0004212525606023254 0.00043724427197433524 -2.1152306039079678e-5 9507.35078012789 7.387780586372263e8
7850 256520.5586267747 32.73732797100253 0.0407081394668491 0.000100707486573415 3.822954476524697e-5 0.3469559066288639 0.00043282828321455913 0.00044495541139932815 -2.1200146811933165e-5 9507.350780127905 7.387780586025841e8
7900 258159.19490669906 32.809764635354405 0.04082581286674234 0.00010090315107671209 3.8256113145835834e-5 0.3437259510808417 0.00044319548598370506 0.00045084671671025145 -2.1207711127856046e-5 9507.350780127916 7.387780585678366e8
7950 259790.05650785225 32.768358760988285 0.04085436694718072 0.00010106687277189859 3.833651702674929e-5 0.3330739142127186 0.0004518426462541969 0.00045448598786590466 -2.1168784690138355e-5 9507.350780127927 7.387780585332717e8
8000 261426.8068570695 32.70605951689832 0.04077397710033766 0.00010120880621238541 3.8478693997892506e-5 0.31373857787502857 0.00045812592479599346 0.0004555363865129669 -2.1083687648200884e-5 9507.350780127885 7.387780584986849e8
8050 263060.93148692336 32.66305076671464 0.0406143437609585 0.00010133816086115567 3.86892913349259e-5 0.287877482498061 0.0004614921209019629 0.0004537130594699512 -2.0963704399420526e-5 9507.350780127923 7.387780584643286e8
8100 264693.4095573381 32.63987449743143 0.040429081987097236 0.00010146244510842096 3.896603462911067e-5 0.2753792705102569 0.0004610359053195401 0.0004484279202106034 -2.085054124627718e-5 9507.350780127908 7.387780584302053e8
8150 266325.2423309556 32.63687641702993 0.040243882234166854 0.00010158954915107221 3.930010886049409e-5 0.2984512150046612 0.0004558256457545262 0.0004389612399476883 -2.07654001419708e-5 9507.350780127916 7.387780583962575e8
8200 267957.44327454176 32.654202120767216 0.04010134839824661 0.00010172341357071483 3.967676189002154e-5 0.3137324055683166 0.00044461214177715647 0.00042426087796898493 -2.0721926534392243e-5 9507.350780127885 7.387780583624045e8
8250 269590.9520684454 32.67630657348529 0.040047168078253544 0.00010186556996822405 4.0071889627799856e-5 0.3227594508805396 0.0004331102539402165 0.00041041190985779963 -2.0726647761540693e-5 9507.35078012791 7.387780583285571e8
8300 271223.9061103912 32.64583640070293 0.04010418415416617 0.00010201621613056111 4.0454994630976826e-5 0.32722171176556003 0.00042410347481069977 0.00038816067012226174 -2.0779403870985787e-5 9507.350780127921 7.387780582946713e8
8350 272855.85394545033 32.63566850879775 0.04026175506368045 0.00010217427497705384 4.079473341879384e-5 0.327037121612193 0.0004302355162377758 0.0003569773376189689 -2.087078360931914e-5 9507.350780127923 7.387780582606946e8
8400 274487.8113868342 32.64579650117524 0.04047797882526303 0.00010234017953647119 4.106253745012117e-5 0.3266742131584124 0.0004318501624988036 0.0003173398232456104 -2.0978216551529555e-5 9507.350780127877 7.387780582265471e8
8450 276120.78870123124 32.6760099272966 0.04069740409802935 0.00010251798397149079 4.123643969840798e-5 0.3359991821860149 0.00043536618904282953 0.00027030624629054145 -2.107623522698046e-5 9507.350780127865 7.387780581922055e8
8500 277755.7805261855 32.72589857024206 0.040872494725238406 0.00010271383183900527 4.130157453030741e-5 0.34146039230813585 0.00044151460571084655 0.0002654361219663337 -2.114486667634465e-5 9507.350780127888 7.387780581576842e8
8550 279393.75594000786 32.79485438862482 0.04097291803856469 0.00010293423654328783 4.125450184728537e-5 0.34064991988452675 0.0004461165114609811 0.00031537208801402095 -2.1172612936072435e-5 9507.350780127928 7.387780581230239e8
8600 281034.1277520076 32.781707982055245 0.040980396958130744 0.0001031836054123052 4.110284293037377e-5 0.3314602354962517 0.00044898367848267284 0.0003557153864614526 -2.1152147601396217e-5 9507.350780127921 7.387780580883008e8
8650 282671.45856264926 32.715974396690406 0.040887222450854216 0.00010346392426587957 4.086445486387944e-5 0.3145151806083959 0.000451729546961932 0.00038449567895254555 -2.1082697006956593e-5 9507.350780127921 7.387780580537152e8
8700 284305.98871348787 32.66941068421465 0.04071855008068644 0.00010377706129732086 4.056715035197686e-5 0.28846891558691823 0.00045564170804501813 0.0004012503819645352 -2.0972820664055353e-5 9507.350780127908 7.38778058019338e8
8750 285938.6922405165 32.64259450114947 0.04053121569842155 0.00010411734253576556 4.024452821424956e-5 0.2716493883312978 0.00045668606931215106 0.0004066191872860725 -2.0860818819312823e-5 9507.350780127896 7.387780579851906e8
8800 287570.56708758994 32.63590818889829 0.04034681839973078 0.00010447981912823513 3.9923746304306396e-5 0.2942269962024966 0.000453926667773219 0.00040186456152535577 -2.0770103117396948e-5 9507.350780127903 7.387780579512331e8
8850 289202.62526747095 32.64953525806302 0.040196930259083635 0.00010485599510481377 3.9626758949056626e-5 0.31031111571064685 0.000445933705516377 0.0004021150077304636 -2.071459396247035e-5 9507.350780127907 7.387780579173789e8
8900 290835.88277229597 32.68345432715657 0.04012279005035029 0.00010523367491351155 3.936821823316255e-5 0.319035991517012 0.000433883836718163 0.00041295007557906604 -2.0706051102944967e-5 9507.350780127925 7.387780578835695e8
8950 292469.12937032373 32.649889346069536 0.040147538572909765 0.00010559863821760187 3.915671487016545e-5 0.3232740212031331 0.00041684105586448084 0.00041890657467902326 -2.0748827902652814e-5 9507.350780127908 7.387780578497196e8
9000 294101.18590104545 32.63603657431765 0.040260402678964025 0.00010593623975820664 3.8997903294154955e-5 0.32368680983040576 0.0004024986677554354 0.00042705369116846637 -2.0834605240432097e-5 9507.350780127841 7.387780578157873e8
9050 295733.0680334268 32.642495072543745 0.040423856058372704 0.00010623605732618064 3.8892116091966274e-5 0.3202082684128982 0.00040930136411443385 0.0004306358508202601 -2.0938139127371582e-5 9507.3507801279 7.387780577817063e8
9100 297365.78773069504 32.66909061130374 0.040602175416860835 0.00010649247112006497 3.884039049503963e-5 0.33508645806045934 0.00041755675091903477 0.00043063240356233656 -2.10303950569365e-5 9507.350780127874 7.387780577474375e8
9150 299000.34312580124 32.715448891718495 0.040772054214229664 0.00010670388651846415 3.884459090409893e-5 0.34974712121311313 0.0004240405339159814 0.0004371155714441022 -2.109120689936188e-5 9507.350780127894 7.387780577130084e8
9200 300637.7085972521 32.78099817299091 0.04090902139719569 0.00010687419311118403 3.890504253547072e-5 0.3541237595009079 0.00043389521820946797 0.00044270203387264395 -2.1111329487301902e-5 9507.350780127868 7.387780576784565e8
9250 302278.089254818 32.79566615529099 0.04097807809891169 0.00010701120795800915 3.9020699679047524e-5 0.34757131613764614 0.0004431256287784624 0.00044716499979113866 -2.10894470805225e-5 9507.350780127914 7.387780576438326e8
9300 303906.79315936286 32.72686631263282 0.04094376003141486 0.00010712243640405552 3.919225267686744e-5 0.3307346054211848 0.0004511454895391731 0.00045014532830367493 -2.1023647301506773e-5 9507.35078012792 7.38778057609532e8
9350 305541.77554890874 32.676662279707536 0.04079915872203844 0.0001072205278656294 3.942745839500918e-5 0.304173458257992 0.00045723633430916344 0.00045113537942653714 -2.0919362952689317e-5 9507.35078012789 7.38778057575241e8
9400 307174.7467227787 32.646110661446095 0.040598909365958044 0.00010731375919227099 3.972334793405911e-5 0.27128051785848584 0.00046021962362752245 0.00044921514080631386 -2.0807002775208973e-5 9507.35078012783 7.387780575411757e8
9450 308806.7008034242 32.63563073628317 0.04038161746403375 0.00010741088447124738 4.006963940693179e-5 0.2914628228886613 0.0004590225557882244 0.0004435610877345786 -2.0714338921543417e-5 9507.350780127947 7.387780575072984e8
9500 310438.64787922415 32.645444915233945 0.04019580935790892 0.000107516816714313 4.045291303660482e-5 0.3050938561914336 0.0004526022138021668 0.0004333045802742408 -2.0654912988721333e-5 9507.350780127881 7.38778057473545e8
9550 312071.6039995287 32.675572002549195 0.0400995482757429 0.00010763206072135304 4.0854131885664294e-5 0.31338715780498205 0.00043951257835883606 0.00041724554288546933 -2.064239665180036e-5 9507.350780127883 7.38778057439837e8
9600 313705.1104911704 32.65471743186594 0.040119779178052796 0.0001077562377049478 4.124655947859151e-5 0.31760528240488384 0.00042111641494246843 0.00039750942854288596 -2.0680543558109742e-5 9507.350780127865 7.387780574060905e8
9650 315337.311626613 32.63706714209882 0.04024226830421794 0.00010788912219512234 4.159924100338097e-5 0.3180384095462614 0.00042313701613827526 0.0003713436264906056 -2.0763211718310077e-5 9507.350780127901 7.387780573722707e8
9700 316969.14859685826 32.639738753673115 0.0404258945908924 0.0001080313615000353 4.188300580491362e-5 0.31976954154765735 0.0004284622004421257 0.0003360476749431074 -2.0869035317930075e-5 9507.350780127894 7.387780573383069e8
9750 318601.63487525785 32.66259613974044 0.04062116288776928 0.00010818614366379089 4.207563475068852e-5 0.33154216625871413 0.00044286350568700783 0.0002925314856517258 -2.0969423904862627e-5 9507.350780127907 7.387780573041526e8
9800 320235.77196707326 32.7053014536395 0.040787637762349546 0.0001083580014312668 4.216303313735419e-5 0.34779211726299764 0.000446549471186497 0.00026365393133229165 -2.1041552853492526e-5 9507.350780127907 7.38778057269821e8
9850 321872.5394195161 32.76731861719355 0.04089905916060968 0.00010855185448244343 4.214072591325305e-5 0.3544798965347127 0.0004546334782233874 0.00029859655396388685 -2.1072909746208014e-5 9507.350780127937 7.387780572353485e8
9900 323512.66381790926 32.81066896104575 0.04093514222019528 0.00010877267245378276 4.20152094307573e-5 0.35144626933197287 0.00044732077410170046 0.000348085363630124 -2.105863243767813e-5 9507.350780127865 7.387780572007918e8
9950 325151.2682807555 32.738047314678006 0.040880340074202895 0.00010902267737937269 4.1802546949159924e-5 0.33899405452575593 0.00044457609053460967 0.00038654907682816875 -2.0992196994010258e-5 9507.35078012794 7.387780571663387e8
10000 326786.72065383615 32.68433175757806 0.04073664699172884 0.00010930497663430355 4.152851659996272e-5 0.317208768826049 0.00045052999382833026 0.00041236986343040627 -2.0884710667263547e-5 9507.35078012787 7.387780571320856e8
10050 328419.9836230052 32.65017207085197 0.04055736781938224 0.00010961593449099645 4.12264759010557e-5 0.2861442791722766 0.00045413059186527605 0.00042519400257096107 -2.0765000445551658e-5 9507.350780127897 7.387780570980759e8
10100 330052.0474002793 32.63602345640996 0.04037244876730728 0.0001099503343919016 4.09238465185657e-5 0.2767435093480799 0.0004542971759896597 0.0004258794068908722 -2.0669307821935054e-5 9507.350780127967 7.387780570642685e8
10150 331683.9199610129 32.64214441197914 0.04020361503449206 0.00011030224708626794 4.064042158690433e-5 0.2978640628048197 0.00044969139554651427 0.00041633931575602023 -2.061005322474909e-5 9507.350780127861 7.38778057030593e8
10200 333316.6170673469 32.66859084232927 0.04009436402614697 0.00011066195439206943 4.0390239824955804e-5 0.3111385552019783 0.0004384169007587424 0.00040928396554207325 -2.0597217985722666e-5 9507.350780127861 7.387780569969597e8
10250 334950.26182626316 32.660069532838826 0.0400849729309763 0.00011101712608545524 4.0181005497348975e-5 0.31751968143657905 0.0004213219221612663 0.0004201489637932765 -2.0633382532685392e-5 9507.350780127916 7.387780569632915e8
10300 336582.6367865682 32.638739119221775 0.040185431638233085 0.00011135291413337344 4.001884909301847e-5 0.3178958638482072 0.0004222496302703771 0.0004256074318783609 -2.0715443069891476e-5 9507.350780127876 7.387780569295474e8
10350 338214.4635031094 32.63773371064792 0.04036477417974517 0.00011165684249919603 3.990409972960572e-5 0.33048819334430846 0.00043276489266097506 0.00042673175628227256 -2.0826636201579167e-5 9507.350780127923 7.387780568956517e8
10400 339846.7565308473 32.65695351517126 0.040573256647052997 0.0001119218505891695 3.983373308988709e-5 0.34358570321091975 0.0004480863471004737 0.0004304862827091416 -2.0937539564232015e-5 9507.350780127888 7.387780568615671e8
10450 341480.5202774412 32.696097195132445 0.04076766264270328 0.00011214524326231812 3.980792247418255e-5 0.3516135621948706 0.00044996342358238905 0.00043389574168350986 -2.102232508162586e-5 9507.350780127897 7.387780568272798e8
10500 343116.7390149497 32.754664949279416 0.04091579527593279 0.0001123290298401948 3.982807602083928e-5 0.360315792145002 0.00045967992040629735 0.00043639928160066344 -2.106598682247159e-5 9507.350780127945 7.38778056792849e8
10550 344756.3581679007 32.82583426722658 0.040993325077233994 0.000112479679607363 3.989637652723875e-5 0.35838397466841343 0.0004541713576061701 0.00043832229626561414 -2.1063190737625165e-5 9507.35078012784 7.387780567583048e8
10600 346386.3907237235 32.75023643508476 0.040980001722723966 0.00011260370393518462 4.0015140900470974e-5 0.3460930660801296 0.0004416126418097521 0.0004396007158596893 -2.100878324143851e-5 9507.350780127914 7.387780567240064e8
10650 348022.3612584533 32.69292027132071 0.0408663813041923 0.00011271199515191881 4.019357041370576e-5 0.3237685248100206 0.00044387199365580887 0.00043992021016792116 -2.091153182153945e-5 9507.350780127901 7.387780566897088e8
10700 349655.95948612056 32.65505333360556 0.04069748889545303 0.00011281330778661422 4.043105859096467e-5 0.29209471515309815 0.0004472909770536493 0.00043846598999086606 -2.079404550393655e-5 9507.350780127903 7.387780566556449e8
10750 351288.1712213241 32.63712744217681 0.040514172995040794 0.0001129154296032912 4.071745931883609e-5 0.2848440470379501 0.0004474625840733548 0.000434194085259465 -2.0695001288637875e-5 9507.35078012788 7.387780566217921e8
10800 352920.0018779602 32.63943811756991 0.040338278299602 0.00011302446155739396 4.104132811807179e-5 0.3086995061462403 0.00044330101049661064 0.0004261680936301637 -2.062863708628816e-5 9507.350780127945 7.387780565880771e8
10850 354552.4665408834 32.6620797087004 0.040214241912014434 0.00011314159900782108 4.1389703797566815e-5 0.32414684503169156 0.00043378249456349494 0.0004142037870473736 -2.060646037398865e-5 9507.350780127914 7.387780565544301e8
10900 356186.1368358731 32.66629307339772 0.04018574064709045 0.00011326587489533769 4.1742228022544925e-5 0.3321397006761799 0.00042494870322606904 0.0004009861018039462 -2.0634525182714658e-5 9507.350780127863 7.387780565207466e8
10950 357818.7263439768 32.64116949276245 0.04026867122353426 0.00011339592016345996 4.20720480908949e-5 0.33383398195269365 0.0004298998781117058 0.000379243146473196 -2.071116584172809e-5 9507.350780127852 7.387780564870003e8
11000 359450.57769740006 32.63636740665191 0.04043974542179799 0.00011353096659640207 4.235117422972257e-5 0.3294380151276073 0.00043637688653896944 0.0003487366248349222 -2.082091249503549e-5 9507.350780127916 7.387780564531175e8
11050 361082.7062616081 32.6518254598795 0.04064969596797456 0.0001136730721016602 4.25544485102653e-5 0.33937002222432966 0.00045621571884069123 0.0003098114636009286 -2.0935451399878846e-5 9507.350780127932 7.387780564190371e8
11100 362716.1191426406 32.68727948002424 0.0408502440281814 0.00011382698728056709 4.266327571815663e-5 0.3573791957294361 0.00047035301044795474 0.00027294423779017363 -2.1028233489111078e-5 9507.350780127881 7.387780563847647e8
11150 364351.8051491554 32.742266177875585 0.04100460708915231 0.00011399831026125946 4.2667404524433194e-5 0.36489475109056 0.00048275702693068023 0.0002855650235996654 -2.108281729198493e-5 9507.350780127954 7.38778056350316e8
11200 365990.7248896678 32.816124920740414 0.041083440529452356 0.00011419294271688503 4.256778178977029e-5 0.3624817830327629 0.0004828006632563442 0.00033555198826601407 -2.1090130656668874e-5 9507.350780127901 7.387780563157502e8
11250 367630.641999265 32.76266506735641 0.04106711516725537 0.0001144146528704759 4.237434622050754e-5 0.3505851444272139 0.000465796762306403 0.00037915750374872825 -2.104321904166935e-5 9507.350780127934 7.387780562811941e8
11300 369267.1462158405 32.70188671026411 0.04095405782101834 0.00011466632023766297 4.210806037574494e-5 0.3290820625475135 0.00045662069247254244 0.0004103689776768227 -2.094654083837685e-5 9507.350780127903 7.387780562468333e8
11350 370901.1020411125 32.66044679425621 0.04078815431686061 0.00011494757450993772 4.17999669188364e-5 0.2975768032722499 0.00044765417334147184 0.00042837970726045116 -2.0819488156743386e-5 9507.3507801279 7.387780562127117e8
11400 372533.4906683796 32.638873198140345 0.040614436319639034 0.00011525246274059977 4.148090754728569e-5 0.27061103001005904 0.0004491665746091389 0.0004336048314072527 -2.0706680758877348e-5 9507.350780127917 7.387780561788228e8
11450 374165.3147066939 32.637498093704785 0.04044308903343794 0.00011557575682646543 4.1172952965251515e-5 0.2949966605303871 0.0004464214524836363 0.0004275071077876058 -2.062682120983264e-5 9507.350780127887 7.387780561451035e8
11500 375797.5882873799 32.6564532131846 0.040304334602934325 0.00011590837339096913 4.089250112260991e-5 0.3109602873280437 0.0004378645755684918 0.0004136199800298668 -2.0591004196292846e-5 9507.350780127908 7.387780561114638e8
11550 377431.1699636903 32.67301170254727 0.04024328165389693 0.00011623816378196006 4.064970001285752e-5 0.31995110077969 0.0004367277234895717 0.0004238939500279537 -2.0605307124571922e-5 9507.350780127927 7.387780560778269e8
11600 379064.00188955327 32.644216151359544 0.04029077029946136 0.0001165511567805308 4.0451312506554654e-5 0.3233273371329233 0.0004415628567057128 0.00043290099054471565 -2.0670762272342527e-5 9507.35078012794 7.387780560441375e8
11650 380695.91164212517 32.635731741250694 0.04043677516314693 0.00011683460245323582 4.0300043040929955e-5 0.32080070505185176 0.0004470716386330009 0.0004369311960273903 -2.0776254338541485e-5 9507.35078012791 7.387780560103244e8
11700 382327.91501365 32.64753395941353 0.04063726957257193 0.00011708029009308405 4.019313898481451e-5 0.3376010221620618 0.0004619010189512718 0.0004371875893645072 -2.08944071178692e-5 9507.350780127934 7.387780559763138e8
11750 383961.0213532134 32.6793945502323 0.040844206870139725 0.00011728402638607702 4.013051534005522e-5 0.3599575407654356 0.00047280237187097285 0.00044049103194010453 -2.099509718192908e-5 9507.350780127928 7.38778055942106e8
11800 385596.22349589155 32.73088572884137 0.04101834601359557 0.00011744582661512413 4.0113725342856484e-5 0.371548750841157 0.00048717180097468393 0.00044522200876817575 -2.105814855392963e-5 9507.350780127903 7.387780559077213e8
11850 387234.4878505867 32.8013823808436 0.041125304008362375 0.00011757120517031417 4.014467112098606e-5 0.3718001722090776 0.0004916859292426468 0.0004491936058206303 -2.107427140325868e-5 9507.350780127903 7.387780558731991e8
11900 388865.5537369403 32.776129643985406 0.041135450877543264 0.00011766786471997187 4.022504834884018e-5 0.36113150835444685 0.0004786923866823001 0.00045208320365330845 -2.103854875275978e-5 9507.350780127888 7.387780558388475e8
11950 390502.6412999433 32.71180379020503 0.041034146342906176 0.00011774557063108186 4.036414268184504e-5 0.340395641138457 0.0004656048431375126 0.00045364923642177146 -2.0952182823680215e-5 9507.350780127857 7.387780558044686e8
12000 392136.9998672908 32.666695695802396 0.04085208808259405 0.00011781452275050291 4.056920106782738e-5 0.3104907893712152 0.00046105702321108666 0.00045364267676561987 -2.0827672369122e-5 9507.350780127943 7.387780557703325e8
12050 393769.6055296444 32.64136979845994 0.040650740864850855 0.00011788272165901248 4.083628427378611e-5 0.27274433496154415 0.00046345890998644723 0.00045130158145567645 -2.0706687002295843e-5 9507.350780127936 7.387780557364224e8
12100 395401.4576353078 32.636195536746825 0.040457060804307714 0.00011795816234388115 4.115304563502857e-5 0.2869847595591182 0.0004619319392777932 0.00044554655533191045 -2.061340066680352e-5 9507.350780127903 7.387780557027171e8
12150 397033.56895040965 32.65134318753462 0.04030748873672225 0.00011804442893829128 4.150318429193231e-5 0.305180930348115 0.00045481367703525954 0.0004348897974066901 -2.0562911436491354e-5 9507.350780127917 7.387780556691196e8
12200 398666.9415867513 32.68064417321917 0.04024239850407932 0.00011814151238497927 4.186458091880679e-5 0.31734892403210324 0.00044117526250841976 0.0004191187864538426 -2.0565280520530518e-5 9507.350780127923 7.387780556355417e8
12250 400300.05896895967 32.648071129210756 0.04028125093533791 0.0001182477638656897 4.220936859734011e-5 0.3238862886737479 0.00044325744592310645 0.00040027986240609437 -2.0622047229286058e-5 9507.350780127927 7.387780556019126e8
12300 401932.06466968835 32.635790773264446 0.0404096100140602 0.00011836080381805023 4.250863166780099e-5 0.3240923587170528 0.00044853000705802337 0.00037220067371679377 -2.0722166010177446e-5 9507.350780127908 7.387780555681839e8
12350 403563.97454141575 32.64381687013488 0.04058602248392426 0.00011847984223779378 4.2735978940511705e-5 0.32980580833486783 0.0004762598700813747 0.0003350762394222495 -2.083860536993636e-5 9507.350780127932 7.387780555342686e8
12400 405196.7998719599 32.67195818248113 0.04076731573707756 0.00011860784858546084 4.2870551120300195e-5 0.35359729425363184 0.0004931156116420032 0.00029683836644281425 -2.094139332757573e-5 9507.350780127877 7.387780555001526e8
12450 406831.53727118165 32.71982348348842 0.040922936128310355 0.00011874997112201597 4.289892162723343e-5 0.3677924085795894 0.0005072677465076669 0.00027484067028346604 -2.1009076948745242e-5 9507.350780127936 7.387780554658647e8
12500 408469.1587530034 32.78682439139796 0.04102710908482691 0.00011891195063279602 4.281982364481121e-5 0.3717285241755235 0.0005136007261238307 0.00032800180994507766 -2.1029959345239467e-5 9507.35078012791 7.38778055431435e8
12550 410109.5709361764 32.789810058354426 0.04105310901856097 0.00011909835989549768 4.264357022372537e-5 0.3654419306958516 0.0005017487396317133 0.0003726105050505524 -2.099908043069391e-5 9507.350780127934 7.387780553969488e8
12600 411747.2561381643 32.72207365175441 0.04098200764381089 0.00011931150600769074 4.239081799826477e-5 0.3494522125261028 0.0004785763242391994 0.00040559721670285764 -2.09157142993506e-5 9507.35078012789 7.387780553626215e8
12650 413382.0385215114 32.67343147952293 0.04082547431533547 0.00011955438898857991 4.209017619670155e-5 0.32393401831131996 0.0004760202984480655 0.0004259574073968708 -2.0790355679177502e-5 9507.350780127897 7.3877805532853e8
12700 415014.8888885395 32.64448279272468 0.040636547570825486 0.00011982286853755464 4.1774407515381646e-5 0.28927118890192105 0.00047941770219650515 0.0004337620343231041 -2.0662736669484968e-5 9507.350780127867 7.3877805529469e8
12750 416646.803052394 32.63563258480294 0.04043810812889368 0.00012011286075929584 4.1468320670695127e-5 0.2847157128901472 0.0004786084642381949 0.0004300729561620975 -2.056104836360179e-5 9507.350780127883 7.387780552610545e8
12800 418278.79206407006 32.647088365673184 0.04026527557490062 0.00012041730274923551 4.119086561811823e-5 0.30468215170571966 0.00047219885151272845 0.00041686378048422235 -2.0498579495648898e-5 9507.35078012791 7.387780552275586e8
12850 419911.87216919777 32.67885317726017 0.04017109306880603 0.0001207250836642953 4.095535624510172e-5 0.31698263201860755 0.00045839290791327425 0.0004210392299285326 -2.0486642794667998e-5 9507.350780127927 7.387780551940994e8
12900 421545.2773724103 32.6524878569698 0.04019187563423246 0.00012102329461553814 4.076855131807457e-5 0.32268714135284426 0.00045871665662533534 0.00043052704543333764 -2.052910929700161e-5 9507.350780127907 7.387780551606131e8
12950 423177.40993525356 32.63652117752665 0.04032312085847567 0.00012129869658627853 4.063368570893644e-5 0.3224850333899667 0.00046272963234605946 0.00043737354145756413 -2.0620005050903403e-5 9507.350780127905 7.387780551270332e8
13000 424809.2625064307 32.64087300550052 0.04052345970794648 0.00012154148232957204 4.0547797544596395e-5 0.33348582335429455 0.0004786469680868599 0.00043987490904884297 -2.0736250083155152e-5 9507.350780127901 7.387780550932895e8
13050 426441.84791267413 32.665388718572835 0.04074113160684127 0.00012174623125797274 4.050905956771974e-5 0.35408882992283 0.0004967953504999567 0.000439266506122582 -2.084674445027916e-5 9507.350780127903 7.387780550593426e8
13100 428076.1661209704 32.70971325368832 0.04093436471212397 0.00012191101075138387 4.051930945041306e-5 0.3696923887007415 0.0005126407100026764 0.0004447904631547095 -2.092626874925775e-5 9507.350780127852 7.387780550252008e8
13150 429713.19430243416 32.7732940945711 0.041070408515842476 0.00012203861661683761 4.0580539813197934e-5 0.3748310422793111 0.0005216804417236265 0.00044962095181311224 -2.096067211190085e-5 9507.350780127945 7.387780549909117e8
13200 431353.46812380065 32.804124407194735 0.041121674783547855 0.00012213616974941454 4.0693314453245166e-5 0.3696437137562043 0.0005123127619590662 0.0004538285666576547 -2.0944482545920978e-5 9507.350780127894 7.387780549565364e8
13220 432000.0 23.549812518293038 0.041114459805471903 0.00012216804134115473 4.075202817257573e-5 0.36489267013917015 0.000503705370502816 0.00045522255725427563 -2.0922002585256296e-5 9507.350780127905 7.387780549430017e8
