#timestep time dt l2_h l2_h_vcon1 l2_h_vcon2 linf_h linf_h_vcon1 linf_h_vcon2 dsdu_ut entropy mass h_squared 
0 0.0 100.0 0.0 0.0 0.0 0.0 0.0 0.0 2.0099196663022713e-14 1.5690751210205686e8 5619.927979669221 3.1681238764726747e7
50 4021.446648392685 80.4289317607537 5.747504443927031 0.0039843482715326605 0.0020276196340908207 62.495911180664734 0.05255644457202824 0.02197008021984427 -1.0913581727994164e-5 1.569075120350177e8 5619.92797966934 3.168123396397849e7
100 8042.888612643229 80.4275453777446 5.874613730468204 0.00853459258913219 0.004990471423699605 46.205523312022706 0.10168159387155379 0.04824157366601107 -7.661802965051607e-6 1.5690751199913168e8 5619.927979669375 3.1681246733238965e7
150 12064.29125827433 80.42893012735901 5.327859872382448 0.00931374140073345 0.006717850419498642 32.593780268002774 0.08022357125061141 0.0567381258911165 -5.36202829772096e-6 1.569075119667577e8 5619.927979669249 3.1681300565404713e7
200 16085.737774698759 80.42893069074573 4.9519329735946425 0.008737336954813086 0.007987795277489409 27.76430696493935 0.07288912201783576 0.07641069558253306 -5.20068011975367e-6 1.5690751194355384e8 5619.92797966928 3.1681210770783864e7
250 20107.140878164326 80.41556907740755 5.190649668260056 0.008620832145142837 0.009242135037395268 29.12068987933344 0.06886182350655196 0.0955331359303026 -4.8012741598240445e-6 1.569075119246944e8 5619.92797966935 3.1681059914641198e7
300 24122.848609058732 80.23571806423438 5.770148913824164 0.008964482350756914 0.01032029971922625 35.68428017811311 0.07216338472000572 0.11282416468697219 -4.6669114182713655e-6 1.5690751190662795e8 5619.927979669313 3.168100789359103e7
350 28136.791730963225 80.31183193518007 6.4611677271870205 0.009506186661166895 0.011426735278576586 40.357955252091415 0.07897088414136116 0.1285514264590998 -4.70777641688273e-6 1.5690751188796213e8 5619.927979669347 3.1680999234954916e7
400 32153.796643863705 80.37264623039027 7.165025234760678 0.010237552690727023 0.012660349248722525 44.359344392193634 0.08950040050399277 0.14281383164484968 -4.591343205998298e-6 1.5690751186932313e8 5619.927979669351 3.1681013187633026e7
450 36170.90500861778 80.31717050791002 7.81492174205086 0.011100767190767392 0.013988752656446094 51.41859930507508 0.09939931635933613 0.15614406688762486 -4.44060923066827e-6 1.5690751185127127e8 5619.927979669275 3.1681038853015997e7
500 40186.5109642889 80.32440756240537 8.391001247998643 0.012001025161054654 0.0153892320230917 58.475384931007284 0.10867109733051883 0.16950550733659642 -4.5112060339279215e-6 1.5690751183334255e8 5619.927979669328 3.1681067114412706e7
550 44203.63749453138 80.34223279164641 8.903328630523255 0.01289354746212889 0.016825049420927368 65.38539657816455 0.117540176252861 0.1821770734206573 -4.5335429700569635e-6 1.569075118152105e8 5619.927979669319 3.168108903061142e7
600 48220.8544353907 80.33913781620686 9.37031709996974 0.013798976998469003 0.018286219026246622 72.00667738680204 0.12613318397552403 0.194198485352856 -4.5679347853243876e-6 1.569075117969215e8 5619.927979669358 3.168109641250875e7
650 52237.06926775395 80.30996033119233 9.813002944580846 0.014713189084897821 0.01974893222230963 78.28312077351256 0.13480019104887198 0.20648568090859556 -4.667179942057654e-6 1.5690751177841625e8 5619.9279796692845 3.1681084010542344e7
700 56251.815524339334 80.28046681863904 10.250539911480299 0.015627264022106603 0.02117678110922811 84.23319629580965 0.14336636979190115 0.2184786111407281 -4.7091436694098355e-6 1.5690751175967324e8 5619.927979669338 3.1681050905551825e7
750 60265.08749601346 80.25105231229232 10.696536324651776 0.016556214232674796 0.022567463435529247 90.1197527605218 0.15230395209383402 0.22971454635678143 -4.666855329924137e-6 1.569075117410346e8 5619.927979669415 3.168100070035656e7
800 64251.0703205551 80.22224542788548 11.154067666040818 0.017508872778346576 0.02393807453675597 95.68462967137384 0.1618333388248894 0.24012400785471816 -4.8124134361263035e-6 1.5690751172212037e8 5619.927979669351 3.168094087205147e7
850 68261.45416749436 80.19375632498965 11.626951167056445 0.018479749185754235 0.025267519886474254 101.05272653006159 0.17162499552425106 0.24986188729304723 -4.680942267699161e-6 1.569075117031796e8 5619.927979669278 3.168087921900963e7
900 72270.35917565924 80.16570145791367 12.101306474469746 0.019457907621284447 0.026588957755059907 106.80932619323721 0.18079417123715316 0.2588874395750671 -4.6713027061493945e-6 1.5690751168462548e8 5619.927979669364 3.1680823941738114e7
950 76277.93649796581 80.13800085924086 12.53630171547874 0.020474450034653462 0.02789906203516228 112.61527289248261 0.18930967422093023 0.2672266634488377 -4.805779333578205e-6 1.5690751166595873e8 5619.927979669343 3.168077944349556e7
1000 80284.13685639577 80.11061609200186 13.11322379765314 0.021398275753870755 0.029199627928777352 118.30567442312622 0.1971639928100529 0.2749048301997399 -5.146392785863473e-6 1.5690751164661905e8 5619.927979669344 3.168075187654179e7
1050 84288.97688194258 80.08359013968725 13.754724165652233 0.02223226558616147 0.030516420734624503 123.82939086406896 0.2043770393198015 0.2825246599288168 -5.382303205016192e-6 1.5690751162588924e8 5619.927979669322 3.1680737122990802e7
1100 88292.47664800017 80.05700850259123 13.384137382927864 0.023690590065618328 0.03184704643677263 129.40689198155724 0.21099512189577344 0.2907594644548954 -5.679340496163509e-6 1.569075116039182e8 5619.927979669321 3.1680700069958877e7
1150 92294.65975344442 80.03091559117448 14.634158387562273 0.024228741215851925 0.033064177929617106 134.68659318788923 0.21769470553986348 0.29842156581793083 -5.736766829965733e-6 1.569075115811423e8 5619.927979669291 3.168070659856653e7
1200 96295.54937016357 80.00523772009187 14.789919518557651 0.025309671540501687 0.034404933514120356 139.59076621933582 0.22597290000331186 0.30556104282155944 -6.135964921769419e-6 1.5690751155726358e8 5619.92797966929 3.1680675286877237e7
1250 100295.16104698511 79.9797421082753 15.130957035720785 0.026338907671256274 0.03563787432888447 144.38850237877705 0.2338802962228254 0.3200420597602671 -6.548273841716378e-6 1.5690751153154835e8 5619.927979669324 3.168063860005258e7
1300 104293.49505539327 79.95406361610345 15.582664856570236 0.027301301040463435 0.036852007683255424 149.09485182127537 0.24153872159623652 0.3360000937297897 -7.025652425959885e-6 1.5690751150419027e8 5619.927979669295 3.168059405440387e7
1350 108290.53063246085 79.92773947059753 15.991723809245855 0.028249241914364922 0.038068431468706324 153.45036266276747 0.24953555816247033 0.35161345604692007 -7.421634517213526e-6 1.5690751147522286e8 5619.9279796693345 3.168053949397122e7
1400 112286.2224920725 79.90025419298067 16.3469179665403 0.02923128983982909 0.039272074682357896 157.6067715406134 0.257929892360857 0.3666143526197289 -7.717145082934926e-6 1.5690751144489524e8 5619.927979669313 3.1680479281703196e7
1450 116280.49846354633 79.87104191012438 16.686388897041642 0.030220156487557468 0.040463366678242615 161.5003276001953 0.2662262836092219 0.3822260003972745 -7.841676458808571e-6 1.5690751141376844e8 5619.927979669296 3.1680420653171483e7
1500 120273.25622017345 79.83945812653339 17.034031401688733 0.03117634415490607 0.04166444171650509 165.16713372548384 0.27438451012406695 0.3974311598770934 -7.793712296408317e-6 1.5690751138250497e8 5619.927979669286 3.1680370312282894e7
1550 124232.58888719048 79.80506393353946 17.387649507115512 0.03209324266978927 0.04285656049571286 168.67948264870392 0.28229591626898665 0.4114121214745513 -7.558098370683281e-6 1.5690751135207915e8 5619.92797966931 3.1680332996763557e7
1600 128221.87737347899 79.76655664996301 17.744038803382207 0.03300309404676186 0.044044761290154597 172.43289354092485 0.2900600895616664 0.42676497254507373 -7.47263168363267e-6 1.569075113221735e8 5619.927979669292 3.168031006349066e7
1650 132209.12836131465 79.72356855551502 18.101354880439843 0.033897041132580304 0.04519553432073492 175.9689154241605 0.2976182632685582 0.4414333893949044 -7.529808627709639e-6 1.5690751129226765e8 5619.927979669349 3.1680302373270843e7
1700 136194.10800028546 79.67577855343781 18.483376711635646 0.03476313451988301 0.04631494402078119 179.29540930076928 0.30501056836594914 0.4545422292164091 -7.589892657927072e-6 1.5690751126211768e8 5619.927979669262 3.168031173896408e7
1750 140176.57749421496 79.62331834714325 18.936549519748368 0.03557265865116972 0.047427049299558086 182.45261064067836 0.3123070209788309 0.46586628087068116 -7.681276369275128e-6 1.5690751123163316e8 5619.927979669308 3.1680347623956017e7
1800 144156.31733147035 79.56682304328717 19.527258443584405 0.036211659459135834 0.048520772743397854 185.56093566449908 0.31960193947861604 0.4764212577110838 -7.702162961502516e-6 1.5690751120113462e8 5619.927979669301 3.1680453096353713e7
1850 148133.1534849492 79.50740613781215 20.34413852993087 0.03663863910686235 0.04960636363115309 188.9181681583368 0.3271862942315676 0.4907020816192643 -7.4672276464388765e-6 1.5690751117113543e8 5619.927979669322 3.168062683129014e7
1900 152107.04694150592 79.45019574168532 21.34866992446279 0.03730645828558827 0.05067849539315523 193.30843526981607 0.3384975654026267 0.5032279490201107 -7.455690930978926e-6 1.569075111409136e8 5619.927979669302 3.1680552734418496e7
1950 156077.30577467452 79.36433573224821 22.02308095796883 0.038524200134460965 0.05170842726346894 202.12234559129593 0.35137355274481463 0.5145886652397472 -7.709101687838275e-6 1.5690751111032987e8 5619.927979669243 3.168003842997099e7
2000 160044.93282279102 79.35177811202121 21.691766012385433 0.03966846398606823 0.05276097834593327 213.36111711102058 0.3631667376793623 0.5201506857709655 -8.31013239298709e-6 1.5690751107887575e8 5619.927979669309 3.1679691260625105e7
2050 164013.3469427453 79.39292111330798 20.664395324297683 0.04052885414340077 0.05384514584483313 191.74918251618146 0.36458325044098494 0.5338667010012977 -8.512807843212229e-6 1.5690751104791248e8 5619.927979669334 3.1679967000045326e7
2100 167984.4734285213 79.39338167242862 20.392869289377675 0.041769702251617816 0.054894958105758236 188.59416717339082 0.37390817612997074 0.5523300487155014 -7.987263881927724e-6 1.5690751101528963e8 5619.927979669369 3.1680376557444733e7
2150 171942.61126304397 78.93187493599397 21.414083182763587 0.04313638316405953 0.05578397628580172 209.36821945401334 0.4054674737813965 0.5542658934712706 -8.872277859441258e-6 1.569075109811145e8 5619.927979669328 3.1680424717013557e7
2200 175879.0420007598 78.6599984978534 21.889291211085414 0.043783689497141134 0.05690207425499548 201.69779538588864 0.42030719581086284 0.557173591772734 -8.71451080164303e-6 1.5690751094734758e8 5619.927979669308 3.1680122663224902e7
2250 179824.45606429834 79.12601311027449 23.255097198853626 0.043314709245375914 0.05815117855958385 211.64453884366412 0.4032633934368611 0.5781925681033667 -8.581726984550593e-6 1.5690751091379753e8 5619.92797966929 3.1679798813239906e7
2300 183737.09910915434 79.15187552452628 24.11092465233965 0.04363386355332089 0.05902577184548554 230.14364334665152 0.41167698693837596 0.5868009750577502 -8.964383025054491e-6 1.5690751087884474e8 5619.9279796692945 3.16797495874722e7
2350 187684.67557984107 78.78846679653577 24.26416706870582 0.045091536956714695 0.05965921487431663 217.26708304079057 0.43217674680981766 0.5884698648565364 -9.431387694574935e-6 1.5690751084219676e8 5619.927979669282 3.168010016351077e7
2400 191619.28457725656 78.61964687207882 23.66769064055118 0.04677162705241124 0.060657472808367925 193.171503511654 0.4497168410330989 0.5956317042777519 -9.965535688420363e-6 1.569075108042358e8 5619.9279796693045 3.16803610344796e7
2450 195546.9630461352 78.49452502958128 23.147680203043947 0.04774722411716981 0.061900512983323136 194.08598580267517 0.4558073910524528 0.6066647260125794 -9.962026178569558e-6 1.5690751076549193e8 5619.927979669327 3.168014107264827e7
2500 199468.8461839287 78.38424534708247 23.337150396480645 0.0480426344814668 0.06307366559804231 203.7779452411478 0.45563832308703894 0.6164567959319807 -9.778076191429712e-6 1.5690751072644854e8 5619.927979669353 3.167971483817785e7
2550 203385.37154413972 78.27921284881049 24.06046981511717 0.04831160393342176 0.06406537845702286 211.99112670595514 0.45373236503257264 0.6233482833268309 -9.683828219656931e-6 1.5690751068859747e8 5619.927979669344 3.167956420425521e7
2600 207296.65493959823 78.17342548051938 24.853714307426987 0.04895571648068652 0.06489766654904677 216.1682583733491 0.454144719192944 0.6280419245177413 -9.480633017550725e-6 1.5690751065124148e8 5619.927979669349 3.167974438258576e7
2650 211202.53873268407 78.06361538402635 25.44526878399265 0.04987754944396417 0.06563064829796258 216.55941849589453 0.45712236255536987 0.632967098123953 -9.447888417313264e-6 1.56907510614211e8 5619.927979669332 3.1679962170995217e7
2700 215102.89116439884 77.95289901077649 25.76140706792682 0.050868589671786396 0.0663540899858486 214.9447663560495 0.460685689725181 0.6385080132788358 -9.500244578114662e-6 1.5690751057721248e8 5619.927979669274 3.168004706897866e7
2750 218997.703443098 77.8412397130298 25.871345544887355 0.05177440281498672 0.06712429370287848 213.04856600001312 0.463522005988469 0.6439424805998676 -9.459472127442614e-6 1.569075105402885e8 5619.927979669321 3.1679998687596437e7
2800 222886.8423036674 77.72594675436395 25.93124188072091 0.05253820944265293 0.06794420589582269 211.9365626468043 0.46479219073462863 0.649564878390489 -9.440205719044772e-6 1.5690751050353873e8 5619.927979669361 3.1679891828537308e7
2850 226770.0931024284 77.60560234667855 26.080427302737263 0.05319698839411646 0.06877266427246835 212.08879347656966 0.46429673763989937 0.6551926200276731 -9.407532648059967e-6 1.5690751046695375e8 5619.9279796693445 3.1679800456811544e7
2900 230647.2065981149 77.48078704937576 26.35533379019374 0.053816625344884746 0.06960099930383347 213.3353689985006 0.46243194568573054 0.6603522720469982 -9.441057867971418e-6 1.5690751043043122e8 5619.927979669302 3.167976077112333e7
2950 234518.03104758874 77.3552224750452 26.682108334061525 0.054440904872831916 0.07043302871643761 214.85191793154718 0.4599940346770774 0.6645347376705785 -9.444920418194316e-6 1.569075103938574e8 5619.927979669293 3.1679768965218075e7
3000 238382.68277687687 77.23407330948234 26.964380239628397 0.05510234667509606 0.0712653009250529 215.89914707982098 0.45754496730293137 0.6686646495856448 -9.450665631824977e-6 1.569075103573686e8 5619.927979669331 3.16797984297435e7
3050 242228.485446256 77.11792736333726 27.1831700452244 0.05579753896616876 0.0720803921193404 216.13569397542778 0.45525766244346466 0.6739081534128324 -9.52317096089703e-6 1.5690751032091767e8 5619.927979669279 3.1679821455349226e7
3100 246081.50508578328 77.00590015030343 27.336637522632884 0.056525329331781886 0.07286776104767874 215.63816438435515 0.45298538305521857 0.6774729008206986 -9.64329940831457e-6 1.5690751028400007e8 5619.927979669368 3.1679818958516706e7
3150 249929.0580736699 76.89940772209724 27.4948046250001 0.05723742577968805 0.07360229310264502 214.77337495134088 0.4504550092102849 0.6792740841329346 -9.663775155110215e-6 1.569075102468088e8 5619.927979669295 3.1679789146010667e7
3200 253771.46431287407 76.80019568314685 27.442465093908204 0.05802633758034947 0.0743210935679933 214.00078550758826 0.44738015947773835 0.6794328803903571 -9.56778649799596e-6 1.569075102098081e8 5619.927979669366 3.1679727532003045e7
3250 257609.1333969345 76.70998554244724 27.865762303482406 0.0585808158599642 0.07496406641551356 213.67491505847738 0.44357528708309274 0.6782608132188852 -9.471620227660312e-6 1.5690751017324355e8 5619.927979669359 3.1679686966451958e7
3300 261442.54466806178 76.62975664508218 27.92183003420664 0.059287508968028355 0.07565510541950403 213.92742418720172 0.43899649516938954 0.6761966678562363 -9.387533612130551e-6 1.5690751013707253e8 5619.927979669304 3.167963649125094e7
3350 265272.19861139305 76.55938683311206 28.22950446662966 0.059903084388380844 0.07625538929334898 214.64858816553442 0.43372411161834235 0.6737207124848978 -9.36253223053131e-6 1.5690751010110494e8 5619.927979669322 3.167962103270007e7
3400 269098.5638096671 76.4977961264393 28.604393987870903 0.06049385342339822 0.07683320951176685 215.5599763437831 0.42847207444670554 0.6712579355868009 -9.293504093911376e-6 1.5690751006532392e8 5619.927979669315 3.167963286851217e7
3450 272922.0409823332 76.44345617618158 28.80170576085587 0.06115272620978996 0.07742556897313124 216.33642008794413 0.4230071252251757 0.6704731401847344 -9.135973250662763e-6 1.569075100301022e8 5619.927979669308 3.1679652805833057e7
3500 276742.95568975084 76.39499545033824 29.11886715771646 0.06175251778729031 0.07799520011950564 216.7297960867545 0.4174655025279834 0.6702187471486432 -8.995149160278365e-6 1.5690750999546024e8 5619.92797966932 3.1679688411256384e7
3550 280561.58126587875 76.35175782212546 29.367796989728664 0.062325323909325374 0.07860605687641846 216.65428087623332 0.41129734355659214 0.6700534278412291 -8.821660115186047e-6 1.5690750996142825e8 5619.92797966933 3.1679719483279463e7
3600 284378.18303150515 76.31406612934012 29.48966738158376 0.06290964824093126 0.07923573495314344 216.2137045693962 0.4045532594468127 0.6699712748616077 -8.604636431401843e-6 1.5690750992814764e8 5619.927979669314 3.167973721223534e7
3650 288193.0646410417 76.28305269619413 29.571875036574124 0.063459899047738 0.07985568113438314 215.67130749626722 0.3977005540715461 0.6698919937103437 -8.29158408972407e-6 1.5690750989590457e8 5619.927979669329 3.1679747041931644e7
3700 292006.5975242248 76.26020600110385 29.733724152493917 0.0639358973475685 0.08047427509590378 215.40956723403178 0.39134676328126494 0.6696815706658399 -8.05380284933724e-6 1.5690750986476904e8 5619.9279796692845 3.1679758134282444e7
3750 295819.228126275 76.24698099715937 30.02301681705795 0.06435950585283881 0.081085379695987 215.8285315761159 0.3847646314789181 0.6691918937666519 -7.936226428126843e-6 1.569075098342446e8 5619.927979669283 3.1679764848695975e7
3800 299631.4598400273 76.24410357825019 30.370867077340748 0.06481132048163629 0.08163326272508423 217.02660471775744 0.3781872757035904 0.6683001675963681 -7.881194469676527e-6 1.5690750980414075e8 5619.927979669314 3.1679726961373016e7
3850 303391.2566278698 76.25206514405954 30.635810715825208 0.06543680544688717 0.0820857474750229 218.89676830817643 0.3718980583973609 0.6668925349410195 -7.82167065496557e-6 1.5690750977454853e8 5619.92797966938 3.16795705217482e7
3900 307204.15350631456 76.25975046174982 30.674844864516746 0.06633109562634741 0.08246371396679643 220.84927293215333 0.36674312116761565 0.6647354980361518 -7.84641420487823e-6 1.5690750974449557e8 5619.92797966931 3.1679306130589005e7
3950 311017.3502449972 76.2701735498906 30.42162040162007 0.06722002879137345 0.08277953312317442 221.3893262710062 0.363128191272735 0.661886951527582 -7.918815278227201e-6 1.569075097146346e8 5619.927979669331 3.1679214896772847e7
4000 314831.3308803478 76.28878669618895 30.14074556499889 0.0678322742588345 0.08313024217743965 217.33094137856642 0.36000951039995605 0.6596395862699318 -7.86928840963833e-6 1.5690750968491486e8 5619.9279796692945 3.1679478387412567e7
4050 318645.91593085515 76.28594706998884 30.429647206468193 0.06832812136768808 0.08362072247478948 202.74644033845198 0.36733883211697055 0.6620319863332613 -7.652590215720379e-6 1.5690750965546685e8 5619.9279796693145 3.1679740765437614e7
4100 322458.35254798754 76.18992520696135 31.508624993414635 0.0688190326421855 0.0842295838300668 214.65523837119053 0.3596554450990451 0.6698932655284566 -7.507813325788434e-6 1.5690750962641856e8 5619.927979669325 3.1679602933127522e7
4150 326262.32452912244 75.9861642062836 32.479583074787456 0.06897883567939002 0.08488300346301668 237.79236679436963 0.3547904844842 0.6610131460332306 -7.685234147249424e-6 1.5690750959763232e8 5619.927979669365 3.167925821177885e7
4200 330064.6911976325 76.17319565328991 32.1169759783709 0.06889926151929585 0.08586449890147807 224.39218791069652 0.36352292194280633 0.6515889413572391 -7.65586324731744e-6 1.5690750956894454e8 5619.9279796692945 3.1679088131759256e7
4250 333880.78780952905 76.41544192288933 30.589783432361536 0.06966424073819757 0.08688597115231778 197.14487988908058 0.3591785386763118 0.6669191351906979 -7.433977245071328e-6 1.5690750954041466e8 5619.927979669262 3.1679142355694275e7
4300 337695.8476064218 76.10512074751023 30.01607914342672 0.07153837192167029 0.08664318837573434 204.97334787533146 0.3652095137283673 0.6760793217536099 -7.598176066191754e-6 1.569075095112762e8 5619.927979669274 3.167930260562871e7
4350 341492.27216897375 75.84577907393326 31.18592446128698 0.07291989575415654 0.08588646544505872 218.5324251670081 0.35898652998174657 0.6602131164542154 -7.698687856905261e-6 1.5690750948236778e8 5619.927979669353 3.167943575490647e7
4400 345289.8099318582 76.09089551165766 33.02886952639841 0.07234393826506146 0.08663556960163385 219.9623551047789 0.35652209402718055 0.6542745806952571 -7.746115028985404e-6 1.5690750945298398e8 5619.927979669302 3.1679478594256453e7
4450 349098.98193167045 76.23265841206987 33.00544014941018 0.07139269971760781 0.08855193256264848 229.11732810881313 0.3558665069211333 0.6578798696475424 -7.617159958468291e-6 1.5690750942424968e8 5619.927979669362 3.16793563144219e7
4500 352908.75700437697 76.14026754197288 32.17839356150147 0.07191946105616773 0.08943359527971317 222.31196043977798 0.36203509378009374 0.6612244375749924 -7.5229191397769025e-6 1.5690750939515588e8 5619.927979669361 3.1679250850957327e7
4550 356713.2219938968 76.05443660424902 32.07662837015755 0.0735993623294323 0.08910792400656341 210.35251369943035 0.3668625362119657 0.660634124364134 -7.779896385279188e-6 1.5690750936579758e8 5619.927979669313 3.1679287993913826e7
4600 360516.6897191504 76.10816156402686 33.00688686786194 0.07477993484905232 0.08878376901593792 214.8648130524807 0.3502043504637837 0.66319132913207 -7.4354351637532534e-6 1.5690750933688152e8 5619.927979669275 3.167935552216238e7
4650 364251.2961052843 76.19221933543632 33.94919158052577 0.07500570919477816 0.08904416431009324 232.80756432525868 0.3656811791968709 0.6606935313230645 -7.5247479708513624e-6 1.5690750930853483e8 5619.927979669305 3.1679280895003796e7
4700 368060.9342039456 76.17578826253366 33.85986370133086 0.07516812105481051 0.08976638917446211 237.55735032584926 0.36804011825174765 0.6515674140888033 -7.677758984174505e-6 1.569075092803998e8 5619.927979669327 3.167913188266398e7
4750 371867.8238393259 76.0990925874232 32.833386952966656 0.07590403855560897 0.09059484203551396 213.7213304267898 0.36153019232956957 0.6507760234942073 -7.55072766916135e-6 1.5690750925091222e8 5619.927979669264 3.1679134822728865e7
4800 375671.05523160956 76.03729799090107 31.99837828639439 0.07685923216438686 0.09131381785991965 203.2575336816226 0.35724708970207797 0.6604152920163171 -7.881744897122705e-6 1.569075092212577e8 5619.927979669318 3.167920773617191e7
4850 379472.14125098294 76.01220061414854 32.24016085947899 0.07744191042796036 0.09181462696505291 214.09128704996056 0.3560917591611808 0.6671115944781593 -7.639310137115048e-6 1.569075091921296e8 5619.927979669305 3.167913138201842e7
4900 383272.6951050493 76.01316254538322 33.21108809655531 0.07768917950136997 0.09214458938524356 224.33501992498896 0.36374218780237993 0.6665659028955144 -7.398737169408392e-6 1.56907509163346e8 5619.927979669336 3.167897113972448e7
4950 387073.70186561847 76.02847575927336 34.00441399627113 0.07806218377338313 0.09244580778323068 226.8092195160234 0.36661911992397134 0.6611542845066455 -7.436380650594689e-6 1.569075091352798e8 5619.9279796693345 3.167897139344879e7
5000 390875.6719530059 76.05010771942453 34.18623346169042 0.0787582407234414 0.09279301194300532 224.0950807218851 0.3672324797191747 0.6551757538121357 -7.4904966711181255e-6 1.5690750910702935e8 5619.927979669353 3.1679147639476765e7
5050 394678.6907111972 76.06946640917033 33.97543942670419 0.07955618512778571 0.09318148875808721 220.92427377302374 0.3725233205198146 0.6515466914499317 -7.586210982659005e-6 1.569075090783432e8 5619.927979669293 3.1679271905656707e7
5100 398482.5263681869 76.08255131919833 33.83481944999748 0.08021320137153602 0.09360246920597536 220.41084277243226 0.37583795670263737 0.651061606014032 -7.692194613983513e-6 1.5690750904928097e8 5619.927979669275 3.1679233723369084e7
5150 402286.81657508307 76.08718690352038 34.01252126118613 0.08072108231026516 0.0940253976651841 222.73012942101468 0.3771630704023447 0.6527209021891256 -7.72829784475979e-6 1.5690750901997417e8 5619.927979669318 3.1679104224559378e7
5200 406091.0685141853 76.081431087388 34.39727385903986 0.08120943709038696 0.09440131882449204 225.25654290052353 0.37771300448760925 0.654812987267637 -7.789956344006393e-6 1.5690750899046627e8 5619.927979669336 3.167898816281055e7
5250 409894.81235253875 76.06755201690162 34.77005746952533 0.08173918864465034 0.09474692650631575 225.98492827109658 0.37863456886561864 0.6560422450057534 -7.8603430932264e-6 1.5690750896070543e8 5619.927979669303 3.1678932925247476e7
5300 413697.7492914273 76.05005692910935 34.98568143496911 0.08229463995916542 0.09515926939446409 224.8162658704996 0.38036425947475766 0.6559052878255264 -7.926439801321162e-6 1.5690750893067122e8 5619.927979669359 3.1678920080089666e7
5350 417499.82192600396 76.03397622911434 34.97316983102254 0.08286059190288832 0.09568292847343456 222.72356299391413 0.3827130402566226 0.6545544574133249 -7.908149249437244e-6 1.5690750890053147e8 5619.927979669318 3.1678902569321357e7
5400 421301.2635404914 76.02537730671035 34.76031471997004 0.08346422532648279 0.09625868526964787 221.01101171520713 0.3852543078822094 0.652539949768174 -7.837899994447106e-6 1.5690750887060133e8 5619.927979669275 3.1678851209640186e7
5450 425032.54904918524 76.02559903857541 34.733834632259274 0.08399674938888538 0.09674699194890483 220.67997270642172 0.38758379549560407 0.6504671049178194 -7.813328627646659e-6 1.56907508841415e8 5619.927979669353 3.1678794425464172e7
5500 428833.99140642164 76.03296662848578 34.62056290770219 0.08463386463979583 0.0971356405451703 222.00428129070588 0.3899950457711021 0.6485572422438736 -7.873150730487986e-6 1.5690750881162015e8 5619.927979669309 3.1678735678229928e7
5550 432635.94044543535 76.04543055909043 35.04182493798104 0.08514589928604313 0.0973765038503981 224.55229425390007 0.39229738440923373 0.6468747486268519 -7.989163670397e-6 1.5690750878148648e8 5619.927979669318 3.1678747338201214e7
5600 436438.6024929103 76.0611426515063 35.4783010611459 0.08569973789545504 0.09759176133562802 227.46395132653197 0.39428421137039116 0.6452932521426035 -8.114551876178381e-6 1.569075087508701e8 5619.927979669302 3.167880463464574e7
5650 440242.1013300219 76.07867650561937 36.1025710881609 0.0861410225453302 0.09782126893737209 229.9387117438837 0.3960641290683037 0.6436775881390484 -8.233498106354378e-6 1.5690750871977308e8 5619.927979669331 3.1678903716236897e7
5700 444046.50472410244 76.0972312531203 36.597396942150766 0.08658768329929309 0.09811509606797944 231.5891169964998 0.3977843621793534 0.6419614026961786 -8.349376941212461e-6 1.5690750868821654e8 5619.927979669295 3.167898013431368e7
5750 447851.8598634212 76.11679367706026 36.793235420062715 0.08707980543726956 0.09851793800549624 232.51847650698164 0.3995839946910165 0.6401364404191959 -8.445917087656056e-6 1.5690750865624824e8 5619.927979669357 3.1678965984059393e7
5800 451658.23532871885 76.13821391192347 36.843990920098186 0.08759879042901686 0.09896224703024052 233.10407809625121 0.4017322039254469 0.6381863670768138 -8.47264683542053e-6 1.5690750862403697e8 5619.927979669343 3.1678832076283783e7
5850 455465.75863001694 76.16287899248918 36.80073780610315 0.0881863130980466 0.09938592095807816 233.58806128091146 0.4044476114544407 0.6360648732172024 -8.467501036223793e-6 1.569075085918249e8 5619.927979669347 3.1678607125866286e7
5900 459274.6138928684 76.19121351566217 36.64977869167924 0.08884622528828622 0.09977333105180833 233.70012861850228 0.4077032821843452 0.6338416169117029 -8.432014130974357e-6 1.569075085596251e8 5619.927979669291 3.1678408547590695e7
5950 463084.8911794672 76.21817297705347 36.519465375421504 0.08944265618017813 0.10014670501551885 232.7424041825425 0.4113745305973656 0.6321024699977843 -8.487533105337251e-6 1.5690750852738312e8 5619.9279796692845 3.1678385352370232e7
6000 466896.16897788463 76.22789033645175 36.7805431986816 0.08983293411946545 0.10055033136340208 230.707456737985 0.41489369458641345 0.632242716080228 -8.57911377269163e-6 1.5690750849498695e8 5619.927979669356 3.1678531054638106e7
6050 470706.95770545845 76.1956100235545 37.61347815849669 0.09015886132937231 0.10097125384940538 230.8559049560763 0.41627087565507315 0.634847331989299 -8.541388024317187e-6 1.5690750846235958e8 5619.927979669295 3.1678603270812124e7
6100 474515.0000249636 76.126668105421 38.65877732941622 0.09057206803331282 0.1013996593379495 237.60371229250904 0.4117557231178016 0.6353452329932029 -8.567716490951209e-6 1.5690750842962673e8 5619.927979669321 3.167845518496864e7
6150 478320.71824751416 76.12423747918706 39.22152474537955 0.0909898128674539 0.10180131102261196 249.96051987124793 0.4045717346780574 0.6305382435342801 -8.749937756291668e-6 1.569075083967096e8 5619.927979669232 3.1678342032464117e7
6200 482129.8440896175 76.25442401819538 38.99287041038604 0.09141457275485065 0.10217038920727746 242.4225839472074 0.410554412326408 0.626125676777278 -8.739152699120786e-6 1.5690750836358312e8 5619.927979669286 3.16785065475289e7
6250 485901.17975747277 76.34613614794169 38.52115931601363 0.09209207224969733 0.10257060734946366 226.54673755535168 0.41201624487315397 0.6349735454829369 -8.506139072593325e-6 1.569075083309843e8 5619.927979669348 3.167875766083711e7
6300 489714.4558704447 76.14567710268298 38.63241228767264 0.09300938063130813 0.1028532129752712 235.28438643976006 0.4074830046966626 0.6438645713389596 -8.498996841533625e-6 1.569075082983327e8 5619.92797966925 3.167880325085959e7
6350 493516.45838591683 75.99090890008945 39.34426263900603 0.09363275195336691 0.10299961465082821 254.82549341409685 0.4213858948010911 0.6324702899236313 -8.438049631144502e-6 1.5690750826630777e8 5619.927979669273 3.167862310165511e7
6400 497321.1751808765 76.2445702752357 39.90150206292895 0.09368517605805737 0.10362204837676513 252.2923276580632 0.42192109402801575 0.6243059542073988 -8.321478281179295e-6 1.5690750823444295e8 5619.927979669278 3.1678365044616107e7
6450 501139.4007352537 76.42318244649985 39.92942542618551 0.0936319275175742 0.10467508925055595 246.43926943899078 0.4083080339078144 0.6348523687294239 -8.471132378810427e-6 1.5690750820245346e8 5619.9279796693145 3.167819177345172e7
6500 504957.45631491474 76.2681071624747 39.767657720563705 0.09419890174925138 0.10520982777917623 241.93577984439435 0.4102075182455562 0.6438394493136277 -8.52326398608243e-6 1.5690750816987786e8 5619.927979669285 3.1678189943319883e7
6550 508767.0504035507 76.14506531022539 39.76429557092709 0.0954516992426512 0.10504119449033417 243.9001501648754 0.41926617545813205 0.6396807426807154 -8.565955702879328e-6 1.5690750813752413e8 5619.927979669293 3.167829314552178e7
6600 512574.5498719238 76.17446125378565 40.28353977687383 0.09642081848565327 0.10491481946536042 250.30700727647127 0.42557927120424066 0.6322221194993303 -8.379558241615764e-6 1.5690750810534507e8 5619.92797966937 3.1678415960571177e7
6650 516385.3886635844 76.25322319463554 40.78946056361542 0.09656408663803996 0.10544139706124833 255.05760655226277 0.41799069218130147 0.6310860380397152 -8.299730052403668e-6 1.5690750807319194e8 5619.927979669281 3.1678477076193016e7
6700 520197.9902528811 76.23798647264285 41.5472635440809 0.09614260925188685 0.10633375714576532 256.2285153458861 0.414392338032565 0.6358010612174546 -8.518526689046979e-6 1.5690750804128134e8 5619.927979669307 3.1678526584733065e7
6750 524008.4900960838 76.17710643967696 42.10745061419624 0.09635889690874715 0.10682429360662007 255.48987269891586 0.41931903925721303 0.637940319048817 -8.228695008552623e-6 1.5690750800954172e8 5619.92797966929 3.167855820279613e7
6800 527816.5012389473 76.16407600535916 42.58282860555191 0.09727604017960398 0.106768616953688 254.06765702143275 0.4243517330397988 0.6398795228788118 -8.406956789888976e-6 1.5690750797773007e8 5619.927979669343 3.167857422354165e7
6850 531626.1564659195 76.22403384505282 42.488842700927506 0.09823530291575085 0.10693013369612919 257.0651193175854 0.42728993257737446 0.6349798823663937 -8.110750319222266e-6 1.569075079464637e8 5619.927979669309 3.167850454997505e7
6900 535438.683805586 76.26308960428611 41.92701366151841 0.09873276858431675 0.10775796749390686 264.3199506335159 0.4244779399812387 0.633230007779272 -8.21768304466915e-6 1.5690750791501695e8 5619.92797966931 3.167833099621821e7
6950 539250.5288319985 76.20031825007139 41.70491204228164 0.09892823795724716 0.10870970665693785 260.90959175957687 0.4234195460019979 0.637672049676487 -8.378375867034987e-6 1.569075078835837e8 5619.927979669427 3.1678190419086657e7
7000 543058.3481778061 76.11683892004302 42.35014738498923 0.0992311744153214 0.10921041332835184 254.5844390692264 0.4197946814483814 0.6464558440929657 -8.31650515674668e-6 1.569075078517706e8 5619.927979669349 3.167818171293597e7
7050 546831.4761293022 76.11451812903731 43.32599759073939 0.09985958088290017 0.10921576498835213 264.1526797847355 0.43596382431271125 0.6505411992944181 -8.274919590530496e-6 1.5690750782060388e8 5619.927979669353 3.1678207334861055e7
7100 550638.1151872291 76.14355032548508 43.77041626557948 0.10071018932993166 0.10911262049020351 270.16008201559816 0.4357706533900833 0.6376928556340503 -8.025760358491563e-6 1.5690750778964555e8 5619.927979669334 3.167818045686174e7
7150 554444.7926600111 76.11520805138454 43.567789841854065 0.10140945594017016 0.10940977862421719 264.0216677554381 0.43385535541089937 0.6333812912246468 -8.179123442692255e-6 1.5690750775847718e8 5619.927979669314 3.1678191859223794e7
7200 558249.3397453034 76.07067440693001 43.34119345200372 0.10178551100230085 0.11013090288692039 255.07676652190548 0.430515489456802 0.6402091670872239 -8.23938185660232e-6 1.569075077274975e8 5619.927979669294 3.16783241926615e7
7250 562052.4759158685 76.0626716551424 43.645516391361774 0.10194006186825953 0.11082981420362334 263.91012016050536 0.43150055203538523 0.6439619096769614 -8.040972091991774e-6 1.569075076966148e8 5619.927979669334 3.1678396639214404e7
7300 565856.2846573647 76.0936409882677 44.32741054375648 0.10213097836261216 0.1112278114944276 274.43964470860465 0.43633922933679137 0.640335101555875 -7.912236789327502e-6 1.5690750766617894e8 5619.927979669334 3.1678289927161448e7
7350 569662.0567135273 76.13548512914508 44.87625631620264 0.1025702317336801 0.11145284342282442 276.91201902343073 0.43453711262008554 0.6338925060579104 -7.90540476630981e-6 1.569075076361037e8 5619.927979669305 3.167817719232594e7
7400 573469.5571761371 76.15948327815093 45.04379486477494 0.10323285184967873 0.11173419675911281 273.08631508974213 0.4345825742786779 0.6302652133287732 -7.92487528594938e-6 1.5690750760597998e8 5619.927979669303 3.1678214181325853e7
7450 577277.5326354109 76.1553030862256 45.00204575836002 0.10387817848107818 0.1121306641473131 270.8324813666304 0.4370148637459559 0.6316047192569804 -7.96885318420344e-6 1.5690750757564527e8 5619.927979669295 3.1678304580347e7
7500 581084.76489346 76.13285614232342 45.14300969827566 0.10431835688204583 0.11256278056640986 273.1551290778325 0.4370528772667251 0.6358741947450319 -7.97524010929791e-6 1.5690750754531398e8 5619.927979669315 3.1678297296882924e7
7550 584890.7984769683 76.1101607757986 45.631871380868745 0.10462089011286058 0.11293183345575247 277.63152789137894 0.43538091979897975 0.6395880960677199 -7.947921253489346e-6 1.5690750751499805e8 5619.927979669323 3.167823730546915e7
7600 588695.9365651162 76.09767066999862 46.2952730776398 0.10495948897554351 0.11321542551590294 280.9005598085241 0.4387638451355639 0.6405309036261589 -7.933286724854654e-6 1.5690750748478967e8 5619.927979669354 3.1678235279043227e7
7650 592500.7644198302 76.09728040443098 46.82458945030906 0.10542075464515174 0.11346233354583637 281.7684947001717 0.44056432223701414 0.638674478231428 -7.976721187664151e-6 1.569075074545322e8 5619.927979669275 3.1678294985468335e7
7700 596305.826744383 76.10635476329499 46.90778679471717 0.10603002104010047 0.11376975501732897 281.44119070515717 0.44089671391742014 0.6354770545180717 -8.062552383175659e-6 1.569075074240299e8 5619.927979669367 3.1678302868964523e7
7750 600111.5126191309 76.1215713471235 46.922702834247644 0.10657365723439849 0.11415563105787675 281.7902456291722 0.44055671849614886 0.6324999543704489 -8.125272043637054e-6 1.5690750739323074e8 5619.92797966933 3.1678200460287716e7
7800 603918.0872885628 76.14193900596204 46.77542899959327 0.10709997209204115 0.11462856920135625 283.4687485998156 0.44339322348776566 0.6303869004862955 -8.161462528789329e-6 1.5690750736224496e8 5619.927979669315 3.1677984019232985e7
7812 604800.0 44.32040230254643 46.76823755061834 0.1072062777450291 0.11473843653726976 283.97373219919336 0.4442963380015353 0.6300092216137859 -8.173424148485639e-6 1.56907507355041e8 5619.927979669356 3.167793365876118e7
