#timestep time dt l2_h l2_h_vcon1 l2_h_vcon2 linf_h linf_h_vcon1 linf_h_vcon2 dsdu_ut entropy h_squared 
0 0.0 100.0 0.0 0.0 0.0 0.0 0.0 0.0 3.151145470489805e-12 7.387781108739867e8 1.0400220349966617e8
200 10201.846651467094 51.23445386666001 0.06743263497049726 1.829957853080615e-5 1.5719530635338258e-5 0.3748298517311923 0.00012041980764082583 9.690620088173563e-5 -4.039881423515183e-5 7.387781104948852e8 1.0400220415041173e8
400 20410.27925849427 50.96147219181407 0.07068587665645411 2.7589157346854946e-5 1.9006747283623796e-5 0.3794698952276576 0.0001444408506315331 0.00011982789102565894 -4.172735966350081e-5 7.387781100800055e8 1.040022049161158e8
600 30607.451912572862 51.14363975583255 0.0714766546904509 3.2267741432069055e-5 2.1892044294598022e-5 0.3919227717342437 0.00017583168646656544 0.00012648048715524496 -4.3139050026096514e-5 7.387781096476009e8 1.0400220419249497e8
800 40821.252576714935 50.939610560787564 0.07361254791807564 3.477780910492676e-5 2.389788247238792e-5 0.41448275949551316 0.00016269562277201888 0.00014848600244327104 -4.422791414465924e-5 7.387781092012459e8 1.040022035928504e8
1000 50998.2727302947 51.06814138798195 0.07326473110446668 3.646459354530036e-5 2.5491247732903402e-5 0.38871525269269114 0.00021877901484826379 0.00015443027036754486 -4.432689144781882e-5 7.387781087475759e8 1.0400220380092078e8
1200 61215.92384108885 50.933825835201645 0.07311216507151881 3.878133019739935e-5 2.617000870315099e-5 0.3847336363642171 0.00021659157278591107 0.00016487168358810672 -4.4068592094924345e-5 7.387781082967701e8 1.0400220455904415e8
1400 71407.31111308219 51.00975499879724 0.07377253819615356 4.089239969811508e-5 2.6464574306885772e-5 0.4621614816151123 0.00023700252936739719 0.00019836908173040228 -4.382597195963018e-5 7.387781078488668e8 1.0400220408805285e8
1600 81627.22271508366 50.94476512010741 0.07439057842690601 4.326351137958254e-5 2.7508621148679528e-5 0.37587628591882094 0.0002598117938203068 0.00023080555803630526 -4.329001392288073e-5 7.387781074056594e8 1.0400220338191754e8
1800 91800.66359121956 50.96729588718421 0.07603461707850767 4.565613169901533e-5 2.919193190345712e-5 0.42168180837825275 0.00025554298110083695 0.00022354339628078042 -4.331817798540936e-5 7.387781069646565e8 1.0400220339107716e8
2000 102021.29145219031 50.97266946349404 0.07816296980401792 4.8637876209624945e-5 3.0674477367902983e-5 0.38085201090598275 0.00029540957079273594 0.00021723018147411233 -4.3025118373034955e-5 7.387781065250654e8 1.0400220428012717e8
2200 112211.65021330726 50.94221288329649 0.07926514919205875 5.1293982398012594e-5 3.1988369542568976e-5 0.42141739716589655 0.0002700157143670579 0.00023081379827674664 -4.310294624302837e-5 7.387781060854939e8 1.0400220404790725e8
2400 122431.44384981635 51.01663854745 0.07966395648838497 5.370955865161175e-5 3.309270974694886e-5 0.3979824620046202 0.0003031199618640096 0.00029173751569896295 -4.2760201472707174e-5 7.387781056469828e8 1.0400220284131233e8
2600 132606.1536110023 50.93348822836489 0.08151617781897684 5.545072980061324e-5 3.425423637215616e-5 0.4475368414766763 0.00026880540522183916 0.0002878113871839262 -4.302679286988563e-5 7.38778105210142e8 1.0400220322977248e8
2800 142823.51401245283 51.07770711240632 0.08097746309809077 5.704998461807596e-5 3.552157924499904e-5 0.4060781366060837 0.0003161490718750423 0.00028396097195899916 -4.253706455811117e-5 7.387781047727064e8 1.0400220385633941e8
3000 153017.53781875485 50.94124573236223 0.08231214432970045 5.85290476626183e-5 3.6464862808916586e-5 0.4654156853071072 0.0002831903034364357 0.00023333091263362526 -4.29928535522157e-5 7.387781043362577e8 1.0400220366790757e8
3200 163230.95391830907 51.15439510004784 0.08218983371697354 6.0217606336933e-5 3.6984331611641525e-5 0.4522806026293438 0.0003175031103100426 0.0002988526360893397 -4.2532125672009866e-5 7.387781038998947e8 1.0400220263214189e8
3400 173411.69128329417 50.965560023643015 0.08421486014611343 6.1897450491629e-5 3.7553824535899536e-5 0.4654088073316416 0.0002823902615121665 0.00028292448771870043 -4.284512615418566e-5 7.387781034659619e8 1.0400220282551625e8
3600 183619.5035587014 51.248521454727886 0.08479422158170405 6.327052410169598e-5 3.859934599038629e-5 0.47874911491953753 0.0003662221232261925 0.0002675871734932195 -4.241494083116276e-5 7.387781030300978e8 1.0400220338170992e8
3800 193821.95461593228 50.9981753749475 0.08667422550996147 6.462013312120484e-5 3.971214059678095e-5 0.46889984418612585 0.0003259793963011116 0.0002656750378062511 -4.278000568062069e-5 7.387781025965592e8 1.0400220337105156e8
4000 204023.5666062755 51.22977674441577 0.08659623772267211 6.59983870573254e-5 4.018815613067956e-5 0.47782845185838596 0.00040719495705048014 0.0003749290288074733 -4.2305330289009354e-5 7.387781021614047e8 1.0400220244164886e8
4200 214232.3401124111 50.96073343385689 0.08849039306438633 6.742358366882759e-5 4.038726936340435e-5 0.5283393480892755 0.0003663261504945242 0.0003595782415294049 -4.269073463552985e-5 7.387781017287642e8 1.0400220225608705e8
4400 224412.55404688176 51.13861848790446 0.08828369388024498 6.813266574017773e-5 4.126234448712366e-5 0.4891451796220281 0.00040125904181785577 0.00031925845802540515 -4.230503113530427e-5 7.387781012951328e8 1.0400220299814627e8
4600 234626.622273115 50.93908175519548 0.08932885004505649 6.8823295583933e-5 4.222153155659469e-5 0.5049688388692175 0.0003788496931194372 0.00020996083079116712 -4.252853768185077e-5 7.387781008628795e8 1.040022031902843e8
4800 244820.1940370257 51.064793272015024 0.08969735225376303 6.957508033438674e-5 4.268273461649457e-5 0.5232451972005947 0.00038731095509446367 0.0003531598046833534 -4.2413280579787874e-5 7.387781004290731e8 1.0400220189811689e8
5000 255037.9748400862 50.93432483380618 0.09066566034134825 7.084801211648644e-5 4.268060759506332e-5 0.5160137794025559 0.00037296089831990054 0.00036108242015730173 -4.2404977817317854e-5 7.387780999974506e8 1.0400220196041785e8
5200 265212.52563995804 51.00649243314615 0.09149532642937894 7.162332684001363e-5 4.320778493814163e-5 0.521930968264769 0.000396805100471076 0.00032204207507527047 -4.243067809783271e-5 7.38778099564093e8 1.0400220259188327e8
5400 275432.4716158877 50.946065566296056 0.09227465832884331 7.244563734369311e-5 4.4036454552339714e-5 0.5464826614374942 0.0003925404784742015 0.0002089441832293093 -4.235999163503125e-5 7.387780991325147e8 1.0400220269709101e8
5600 285622.77246908617 50.96583621546499 0.09314320627870515 7.334902823034741e-5 4.438501853316068e-5 0.5767025036259383 0.00038299847936466846 0.0003471267409969475 -4.250568100827488e-5 7.38778098698617e8 1.0400220167092665e8
5800 295843.3248399888 50.97408199204315 0.09361063035146064 7.450401688637881e-5 4.433794090674451e-5 0.5697305497424168 0.0003940797854380656 0.00037722661888959716 -4.221030817730722e-5 7.387780982667667e8 1.0400220153212582e8
6000 306016.9854081506 50.941166688528014 0.09456099689937861 7.51828933295284e-5 4.469362199903462e-5 0.6105302304270026 0.0003430418061396512 0.0003496673097362936 -4.249713184230894e-5 7.387780978346088e8 1.040022021346339e8
6200 316236.5914425723 51.01946942982988 0.09493094048495793 7.569638935562724e-5 4.543234180154156e-5 0.5256788841361413 0.0003638755450052107 0.00025154940676619386 -4.2074079685182014e-5 7.387780974035181e8 1.0400220225065967e8
6400 326428.3150588764 50.93345211511086 0.0957361568805764 7.644036187060953e-5 4.5783873384891324e-5 0.6140161257612817 0.0003273096722130747 0.000291310237416742 -4.2510208077766956e-5 7.387780969713367e8 1.0400220156608021e8
6600 336645.44937162445 51.08073317493759 0.0961046036884585 7.759753945235598e-5 4.5765797625507296e-5 0.5506220890154054 0.0003675761817020437 0.00034628353143833016 -4.201789630748355e-5 7.387780965401211e8 1.0400220086824651e8
6800 346822.90301639546 50.94247657197897 0.09743796203307692 7.876173604218351e-5 4.598851022167872e-5 0.6202268426127375 0.0003464438945083581 0.00032473589224679515 -4.241758776038341e-5 7.387780961098163e8 1.0400220172276464e8
7000 357035.976742276 51.15916096854864 0.09737991849380641 7.988075729225005e-5 4.6435222734320176e-5 0.5844919265337012 0.0004027610024229175 0.0002460721495558607 -4.1799817105129486e-5 7.387780956799831e8 1.040022019804555e8
7200 367233.86210157437 50.96771176240129 0.09845532433986247 8.109738188702637e-5 4.6858131473914943e-5 0.6348792111350576 0.0003586391317574172 0.00027784374020076164 -4.2157058013532044e-5 7.387780952522295e8 1.0400220101973873e8
7400 377441.42335901136 51.252571968827276 0.09859400620803577 8.239603507317497e-5 4.681400690721314e-5 0.5912268288307132 0.0003827109595683498 0.0003561876902877445 -4.1550226421196374e-5 7.387780948243755e8 1.0400220054437295e8
7600 387644.1172899471 50.996478486696695 0.09930370294347723 8.371126733796424e-5 4.6929123378903134e-5 0.6427118946598966 0.0003483250938325686 0.00034525492020824687 -4.191772725300958e-5 7.387780943991714e8 1.0400220129892826e8
7800 397828.678468739 51.223747676224065 0.0996429161558043 8.462233339052693e-5 4.733016347500247e-5 0.5663215792983465 0.0003581809997033475 0.0002905540044616517 -4.140338036750256e-5 7.387780939742059e8 1.0400220151696287e8
8000 408037.80526788195 50.959282787734686 0.10039725702400713 8.577200752001858e-5 4.78250370851983e-5 0.6439963771783823 0.00032530042877805884 0.0002269425778565204 -4.1632810893593935e-5 7.387780935512741e8 1.0400220070851316e8
8200 418234.64432870963 51.13489093159471 0.10063585180872242 8.704512429167628e-5 4.8107500031988904e-5 0.5830603208050888 0.0003633140385863598 0.00033220668809996745 -4.1217610278325564e-5 7.38778093127526e8 1.0400220017547916e8
8400 428448.9525561576 50.93900490267191 0.10181564110159783 8.886542024076566e-5 4.816768539999624e-5 0.6389408539876058 0.00034555875312280125 0.00033715209856674923 -4.12422503840189e-5 7.387780927080376e8 1.0400220079887164e8
8470 432000.0 34.091907270776574 0.10206517397519436 8.943458970004683e-5 4.822776528764568e-5 0.6438904640292549 0.00032860770414654827 0.00032849299858483846 -4.136016802631284e-5 7.38778092561309e8 1.0400220095718728e8
