#timestep time dt l2_h l2_h_vcon1 l2_h_vcon2 linf_h linf_h_vcon1 linf_h_vcon2 dsdu_ut mass entropy 
0 0.0 100.0 0.0 0.0 0.0 0.0 0.0 0.0 -1.6386197586435212e-13 9507.350780127921 7.387780641008914e8
50 6541.75367322441 130.55174114204166 0.03792549844264787 1.552500908279506e-5 1.8254827497117352e-5 0.31069933685853357 0.00011703923532735416 9.185568076652828e-5 -2.3572038345302435e-5 9507.350780127923 7.387780639677296e8
100 13072.296634720038 130.57139302309196 0.03911647916950492 2.4578371926884362e-5 2.2068349722814272e-5 0.3254426122073255 0.0001601420908133866 0.00013049701037048944 -2.2128091356012587e-5 9507.35078012789 7.387780638230225e8
150 19604.91723640885 130.93909951473867 0.040090960983714535 3.2276470838234206e-5 2.534031122764661e-5 0.323150496965809 0.0002000067144396489 0.0001542885429920704 -2.224936087927738e-5 9507.350780127888 7.387780636786208e8
200 26154.46386124839 130.6556453279675 0.039829199485473504 3.878126345499301e-5 2.676043853946031e-5 0.3611779576515346 0.00025622120155466277 0.00019453352018461434 -2.2404865331875332e-5 9507.350780127907 7.387780635320673e8
250 32684.497402641184 130.710705126857 0.039185600056849464 4.410404145149478e-5 2.7142322384803446e-5 0.40015826321678105 0.0002505238174251856 0.00021798868482869604 -2.225143400776988e-5 9507.350780127881 7.38778063386171e8
300 39214.30906086107 130.69785528884435 0.0395979842699973 4.8285942742299566e-5 2.7826531845020153e-5 0.3801927521883499 0.00023757071200303237 0.00022023752687472253 -2.2305104534081133e-5 9507.350780127896 7.387780632406408e8
350 45690.397426168456 130.8807860583787 0.040035380524469845 5.137775017743235e-5 2.9200233375917097e-5 0.3238785634821397 0.0002749732646410985 0.00023485123264765928 -2.2342497994525314e-5 9507.350780127927 7.387780630956944e8
400 52221.738209138195 130.5923782490648 0.03968066908287831 5.370676740751055e-5 3.110331585519714e-5 0.4036028060393164 0.0003270322738664344 0.0002468620510583941 -2.2088404235685082e-5 9507.350780127905 7.387780629505106e8
450 58752.20929464373 130.56420208175402 0.03952833054548325 5.5777036038858114e-5 3.289932732263308e-5 0.41175393600519783 0.00025329966982523544 0.00023860124985342068 -2.1977176125551592e-5 9507.350780127917 7.387780628068824e8
500 65296.78765186788 131.20487527926218 0.03910180677380949 5.810540156448544e-5 3.355265584136497e-5 0.3309014629894591 0.00023904174918276677 0.00022175364916615647 -2.1932833647664646e-5 9507.350780127861 7.387780626632525e8
550 71834.93236378439 130.54280763664607 0.03815287892760192 6.07995946249985e-5 3.3118603434437384e-5 0.33304412164216046 0.0002929059273526491 0.00025316567641320287 -2.155157490430385e-5 9507.350780127861 7.387780625208962e8
600 78365.56723791429 130.55067353730982 0.03802931499137514 6.355046794003997e-5 3.300976594271732e-5 0.2985036480047256 0.00031575155910834596 0.0002763383643847872 -2.1432489333514644e-5 9507.350780127937 7.387780623806896e8
650 84900.4928780721 131.04779622527636 0.03909414508385814 6.583403705407004e-5 3.338621110960799e-5 0.28222330533685636 0.00028564772462502663 0.0002869805617444765 -2.1739248992749758e-5 9507.350780127928 7.387780622398866e8
700 91373.5861110421 130.6114220302114 0.039683798106106484 6.737852056173679e-5 3.39953205182308e-5 0.2704351739712365 0.0003129099132371804 0.00031067000247952947 -2.1573707205306003e-5 9507.350780127825 7.38778062099753e8
750 97903.82888642488 130.65625389856265 0.039367862702339204 6.877774963788357e-5 3.523231628713035e-5 0.3151543265496457 0.00034557911609900405 0.00028739302653446597 -2.1322013495854316e-5 9507.35078012791 7.387780619595492e8
800 104433.93724031305 130.76120880455358 0.04022830865622752 7.043383456605478e-5 3.642335268701716e-5 0.32917941350183355 0.000335577159939926 0.00024248043525182394 -2.155143502506508e-5 9507.350780127956 7.387780618197004e8
850 110984.94206052601 130.7921162320667 0.04019543056231739 7.24173734803704e-5 3.620274013568418e-5 0.27889724024544194 0.0003544852759749251 0.00029583019912721165 -2.146178917911149e-5 9507.350780127903 7.387780616786281e8
900 117515.18085720774 130.6354128379713 0.039217032207997916 7.469907477853612e-5 3.51342800283651e-5 0.3459062895376519 0.0003555912398064409 0.0003496904447102267 -2.1198804012895262e-5 9507.35078012794 7.387780615392512e8
950 124045.47975703355 130.59613628923418 0.03961692772055061 7.680779574744424e-5 3.454365171985113e-5 0.3361605832744772 0.0003409113266972241 0.00035890898962687157 -2.135101576275018e-5 9507.35078012792 7.387780614005846e8
1000 130518.1689785627 131.09383417077208 0.04016923042398939 7.827312735025e-5 3.4681307954310634e-5 0.3061851384957208 0.0003626441312762907 0.0003655389443596446 -2.1451110058712474e-5 9507.350780127894 7.387780612618183e8
1050 137053.6275758996 130.54596832542745 0.039795967781862444 7.934729918298284e-5 3.5715162211302393e-5 0.33612381558782545 0.00037984738545793206 0.00036676125480605837 -2.114078051638543e-5 9507.350780127925 7.387780611225876e8
1100 143584.26239130972 130.5427329715699 0.03978665439951905 8.040481373081263e-5 3.726712062598908e-5 0.35124678370198126 0.00037959410045484976 0.000291483628536815 -2.1162623310983324e-5 9507.35078012794 7.387780609848232e8
1150 150121.77670295228 131.1552015826716 0.04023572854347863 8.16380055828617e-5 3.785157833343747e-5 0.31348694282110046 0.00038585685924874547 0.0002646516038628255 -2.1388672064657393e-5 9507.350780127932 7.387780608455576e8
1200 156667.02189284764 130.5755491734821 0.039712299372784955 8.337168526269118e-5 3.697026302679643e-5 0.29086095170600856 0.00039762237876606044 0.0003357078441592609 -2.1061546335406515e-5 9507.350780127916 7.387780607063885e8
1250 163197.4621535517 130.607258577187 0.0393312145008306 8.535239423678928e-5 3.615091002917963e-5 0.31486118248494677 0.00036465852772415985 0.00039138918580783333 -2.090773998596346e-5 9507.350780127901 7.387780605696613e8
1300 169728.52098896573 130.84462668645688 0.040104107664863366 8.687930583074312e-5 3.6184838366842404e-5 0.3252229933839317 0.0003824502147827813 0.0003951535501058867 -2.124936809890625e-5 9507.350780127901 7.387780604319583e8
1350 176204.65270756467 130.7250844708154 0.040348151871134795 8.772520393987109e-5 3.7067518274969696e-5 0.28787658715805264 0.00039686037470498814 0.0003924193423394673 -2.1154410532778797e-5 9507.350780127894 7.387780602943347e8
1400 182734.49399945914 130.68488934152595 0.03982121219970637 8.839030980561953e-5 3.8662949667908965e-5 0.3114158055207099 0.0003888530618698649 0.00036099247936682843 -2.0898873633568312e-5 9507.350780127943 7.387780601572682e8
1450 189264.58819610925 130.63557583971337 0.04041050198273595 8.915972249444564e-5 4.005848032861915e-5 0.3303062892507569 0.0004135473510898935 0.00024532389694359447 -2.1186406957259958e-5 9507.35078012789 7.387780600200616e8
1500 195813.85857262576 130.98096003298355 0.040731440075172654 9.021415552847392e-5 4.0020459686761034e-5 0.30451761607537264 0.0004197485193617734 0.0003265136397569979 -2.125403089981056e-5 9507.350780127852 7.387780598807493e8
1550 202346.9106666173 130.56179762980892 0.03994926447129639 9.170633614647367e-5 3.89350460973634e-5 0.31334392339408623 0.0004121504597457415 0.00038540519471563783 -2.0942386427211045e-5 9507.350780127917 7.38778059742902e8
1600 208877.4844255472 130.5473038981149 0.04016291753586205 9.325642243319466e-5 3.818119539154709e-5 0.32159629538773515 0.00040100283328114994 0.00042404270200258054 -2.1071587002467303e-5 9507.350780127952 7.387780596060977e8
1650 215418.5609254312 131.28812845345797 0.04070239955994203 9.428126206994001e-5 3.818671537966571e-5 0.3267993389008552 0.00042323679388489577 0.00042991312163542794 -2.1271269480753894e-5 9507.350780127896 7.387780594673238e8
1700 221885.8787455841 130.55425156717274 0.04035944413277475 9.48359041931072e-5 3.900353252624056e-5 0.2976078623387366 0.00042371293384158015 0.0004117349138189619 -2.094816105803149e-5 9507.350780127894 7.38778059330656e8
1750 228416.4183941978 130.57502143645405 0.040062431919140856 9.540700745779994e-5 4.043599355547468e-5 0.33324458254332967 0.00041129876951240263 0.00035955422526268155 -2.0920068970827587e-5 9507.350780127903 7.387780591943203e8
1800 234948.88277351292 130.92959449144092 0.040708284683577275 9.618229436067804e-5 4.115054008092192e-5 0.3307309152939979 0.0004278090260174672 0.0002643998088252275 -2.1269057780039267e-5 9507.350780127876 7.387780590564045e8
1850 241498.6385016337 130.66215263849003 0.04050199759278919 9.74142770709314e-5 4.025329327975409e-5 0.2763847049507149 0.0004414687931761918 0.0003809665290570585 -2.1059007182489297e-5 9507.350780127877 7.387780589173983e8
1900 248028.6365100058 130.71725192554416 0.0398969445774251 9.903532032473594e-5 3.893535506706279e-5 0.3049710391658209 0.0004144214856224293 0.00041532479703099145 -2.0815602235465845e-5 9507.350780127925 7.387780587809819e8
1950 254558.47050081505 130.6924139553696 0.040494744461917476 0.00010042122739490598 3.826813203286269e-5 0.3423510219149648 0.00041880566710950085 0.0004354927217052884 -2.113827449297421e-5 9507.350780127943 7.387780586441156e8
2000 261034.37646472402 130.8909989660469 0.0408031027987296 0.00010117620781621925 3.8438516586992794e-5 0.319163440291959 0.0004568619928628781 0.0004555324539239347 -2.1108336209170982e-5 9507.350780127865 7.387780585069537e8
2050 267565.84685465787 130.58749145797225 0.040128970909671505 0.0001016905927989853 3.958367675030959e-5 0.31071746197608263 0.0004479231289487018 0.00042832471258347216 -2.072810058794718e-5 9507.350780127876 7.387780583705027e8
2100 274096.3178853612 130.56255076931356 0.04042375665356009 0.00010229950523147035 4.100612819081697e-5 0.32365187525806505 0.00043180824303701293 0.00032757467995941925 -2.0952254677148974e-5 9507.350780127856 7.387780582347372e8
2150 280640.63855627406 131.22022633576702 0.04098751404526331 0.00010312108448776049 4.1147976666630875e-5 0.3343599502827601 0.00044847478379594907 0.00034703944715941404 -2.116214122372049e-5 9507.350780127876 7.387780580966082e8
2200 287179.17687960993 130.5431409583746 0.04038948066532289 0.0001043912237618545 3.999927821767533e-5 0.28900604493424 0.0004549982946094877 0.00040384354393435684 -2.07893103918634e-5 9507.350780127901 7.387780579593487e8
2250 293709.7824113417 130.55222281100262 0.04022713988639114 0.00010585841269410067 3.9031110116261324e-5 0.3240187550838982 0.0004002968310834465 0.00042555106036135104 -2.0811143632292672e-5 9507.350780127907 7.387780578239229e8
2300 300244.48057447607 131.0374504553151 0.04088078746433332 0.00010683666823825738 3.888543467638806e-5 0.35406462329933674 0.0004315842289480676 0.00044146125355393195 -2.1110782377573127e-5 9507.350780127867 7.38778057686736e8
2350 306717.8656217848 130.6170390012086 0.040657919998332966 0.00010728763855604519 3.963495760679662e-5 0.2796446821023437 0.0004597698941641859 0.00045010006639656375 -2.08371831358976e-5 9507.35078012788 7.387780575506699e8
2400 313248.08029683697 130.6613501796878 0.04010262309428146 0.00010772059631168469 4.113942952431674e-5 0.3165747689965883 0.00042621720185087586 0.00040316982791743783 -2.066477843162696e-5 9507.350780127894 7.387780574155233e8
2450 319778.137462045 130.75435274364438 0.040745666812336746 0.00010830790739315668 4.2149664892855704e-5 0.34418836514964823 0.00044444443626967534 0.0002691194112493661 -2.1025211928631327e-5 9507.350780127865 7.387780572794266e8
2500 326329.1931964555 130.80170138109756 0.040782992489274285 0.00010922275892047101 4.160945958466273e-5 0.32425382116252877 0.0004490573059777736 0.00040645959398694087 -2.091836442920001e-5 9507.35078012796 7.387780571416274e8
2550 332859.5133985311 130.62930890621814 0.040116314444257783 0.00011056115497142087 4.045640056858846e-5 0.3081700468069357 0.0004423448081504189 0.00040513441610867673 -2.0595731757227778e-5 9507.350780127914 7.387780570063562e8
2600 339389.81832743465 130.59266795194657 0.04051469100931385 0.00011185184089669506 3.984897893764735e-5 0.3405398033828533 0.0004451439092221232 0.000429326574546085 -2.090840788761256e-5 9507.350780127897 7.387780568711097e8
2650 345862.23972087656 131.107916706197 0.040995067642399324 0.00011256615542053056 3.997084046611268e-5 0.35114141277153976 0.0004418448829248689 0.00043927190614012623 -2.1031420977661133e-5 9507.350780127868 7.387780567350003e8
2700 352398.0168275356 130.54466540898903 0.04039137306271634 0.00011298868890597271 4.093433916416326e-5 0.30198644416555 0.0004451853376378212 0.0004292155511449458 -2.0645480095500403e-5 9507.350780127903 7.387780565988292e8
2750 358928.6254172241 130.54318963074522 0.04037823182635871 0.00011348717175929938 4.226908628358434e-5 0.3315281061202313 0.0004339052213779837 0.00035944397481224577 -2.078391870430381e-5 9507.35078012789 7.387780564639531e8
2800 365465.85136675666 131.14354262787046 0.04106803263800274 0.00011412781977745996 4.261051672431455e-5 0.36430036002593624 0.0004846850870428021 0.00031931208253838106 -2.1092713496679833e-5 9507.350780127885 7.387780563268007e8
2850 372011.4445485211 130.57881209179095 0.04067039419438867 0.0001151526288034427 4.158265652650686e-5 0.27084226854890403 0.0004490864506183634 0.0004332548581558182 -2.07395632375104e-5 9507.350780127868 7.387780561896192e8
2900 378541.8435550962 130.6110720535903 0.040263426142474815 0.00011645371884426716 4.050961264078228e-5 0.3228415962307736 0.0004400203342928011 0.00043061118439458035 -2.0644631306179266e-5 9507.3507801279 7.387780560549008e8
2950 385072.7784580783 130.8361831415036 0.040968372189777745 0.0001173983900155453 4.0113999988805764e-5 0.3690664400799051 0.00048202747722747574 0.00044378325067429003 -2.1042611330677198e-5 9507.350780127905 7.387780559187167e8
3000 391549.03153409134 130.73302381432993 0.04092221613554841 0.00011779021344572207 4.0487778307256325e-5 0.32224003742862806 0.0004594764619556546 0.00045386294695881624 -2.0874108164590756e-5 9507.350780127934 7.387780557825629e8
3050 398078.8859173803 130.67775528152433 0.04025416350874773 0.00011810540233337852 4.173489407173912e-5 0.313618754437357 0.0004464930649150656 0.00042477645570548894 -2.0558214589275665e-5 9507.350780127888 7.38778055647604e8
3100 404608.99170039035 130.6308507425874 0.04070363987073109 0.00011856044245046116 4.283387366728437e-5 0.3460824219846472 0.00048748246243257576 0.00030694497381367203 -2.090765139647079e-5 9507.350780127863 7.3877805551243e8
3150 411158.12394704745 130.99294756044785 0.04101969748934488 0.00011923136713252615 4.248902781311687e-5 0.3563093781876887 0.000485138035162036 0.0003951486092034773 -2.0950811493703497e-5 9507.350780127914 7.387780553749297e8
3200 417691.4084550995 130.559201517167 0.04032109961487831 0.00012030671987078976 4.128639255720181e-5 0.29841760322915434 0.0004752656114359599 0.000422556078623737 -2.0515633651064097e-5 9507.350780127897 7.387780552395754e8
3250 424221.9750653813 130.54630610704413 0.04044673895216803 0.00012145828122389469 4.0573318438410446e-5 0.3282010499117405 0.00046908501696241167 0.00043941208409414845 -2.0693505137157133e-5 9507.350780127956 7.387780551054314e8
3300 430762.68344069447 131.27481664832476 0.041114507865865416 0.00012210399461497028 4.064684326467401e-5 0.37267300929943303 0.0005177874271999894 0.00045240558304660006 -2.095653320028565e-5 9507.350780127937 7.387780549688905e8
3310 432000.0 56.32426274823956 0.041114462831752886 0.0001221680411200061 4.0752031979872105e-5 0.3648927280260068 0.0005037052136224185 0.00045522282012111503 -2.0922003791599925e-5 9507.350780127903 7.387780549429733e8
