#timestep time dt l2_h l2_h_vcon1 l2_h_vcon2 linf_h linf_h_vcon1 linf_h_vcon2 l2_H l2_vcon1 l2_vcon2 linf_H linf_vcon1 linf_vcon2 dsdu_ut mass entropy 
0 0.0 100.0 0.0 0.0 0.0 0.0 0.0 0.0 0.0 0.0 0.0 0.0 0.0 0.0 3.1630916639554794e-12 9507.350780127952 7.387781108739867e8
50 2548.1650320172894 50.93746079267922 6.120128986366032e-6 4.0616486695463816e-5 0.000101226767859655 2.5784261226052256e-5 0.0002481968060278084 0.0003101389310889412 4.733206699568151e-6 6.814030147726594e-5 0.00011413220799263033 2.5308485139517777e-5 0.0003014380767091855 0.0005037259985125227 3.631642813564925e-12 9507.350780128 7.387781108739877e8
100 5095.1109364577505 50.95361097871702 6.614498560452533e-6 5.6306755687446524e-5 0.00010569827139433156 2.8789537308255287e-5 0.0005059989831485601 0.00047494957282991594 5.115543964902846e-6 9.272414940933117e-5 0.00013174557345980355 2.825883514368269e-5 0.0004827224404778641 0.0005175396100784845 3.5949925046375425e-12 9507.35078012793 7.387781108739855e8
150 7644.995808677397 51.05325404689396 5.496233003478527e-6 7.036467321660843e-5 9.372615425280564e-5 4.810056808793292e-5 0.0005842577858885977 0.0006430043293870382 4.250695848473273e-6 0.00011514932029554488 0.00013608625841425129 4.7212206264639654e-5 0.0006289012041164048 0.0007326676721258044 3.5032978119721697e-12 9507.350780127981 7.387781108739905e8
200 10175.198827682867 51.23291491595242 6.077841306705662e-6 8.432870123756668e-5 0.00012269391852486196 3.2894089499895695e-5 0.000686624789044624 0.000670443192198237 4.700502106394755e-6 0.00014067503374796494 0.00016090105553367995 3.2294280908362556e-5 0.0007685194687100469 0.0008342293688586496 4.203497905387155e-12 9507.35078012797 7.387781108739884e8
250 12736.193884292896 51.13201161573063 6.0835712965181755e-6 9.681775217111882e-5 0.000128907567597995 3.36176748915264e-5 0.0006901874294325164 0.000648122674416313 4.70493358590098e-6 0.00015359455051367263 0.00018007212705958386 3.299737139679026e-5 0.0008085107330263226 0.0008944662537475585 3.656714504210192e-12 9507.350780127983 7.38778110873988e8
300 15288.850363823722 50.99128362812468 5.991751114611192e-6 0.0001080099836902078 0.00012608191459214388 3.0284577052068134e-5 0.0007318293749033789 0.0007501719900479666 4.633921373390861e-6 0.00016252205104423157 0.0001977008861906076 2.9724515831464262e-5 0.0007748815226262427 0.0010125863494940752 4.305025234212736e-12 9507.350780127994 7.387781108739885e8
350 17789.3596634364 50.933973089274566 6.6132341529525985e-6 0.00011814047348373933 0.0001421709009399208 3.7362980397855746e-5 0.0009409494373707805 0.0009673570364461142 5.11456609302056e-6 0.00017626110720003643 0.00022754602938782555 3.667663877396935e-5 0.0009625721844030069 0.001253011125678154 4.69529818535672e-12 9507.350780128014 7.387781108739867e8
400 20336.33732697032 50.958244711214434 6.63225374828707e-6 0.00013080508799646968 0.00015062130122883458 5.199318958896515e-5 0.0010618574235430967 0.001362300013012419 5.129275533992432e-6 0.00019281612755540271 0.0002514906455599276 5.1032447220222655e-5 0.0010595885918073184 0.0016803922961016618 4.301410744907737e-12 9507.350780127992 7.387781108739853e8
450 22885.249841707846 50.958873832513866 6.5372254967547665e-6 0.00014015330801182423 0.00016298519708815888 3.696625220158753e-5 0.0013029519721340962 0.001500115547176238 5.05578225340935e-6 0.0002024422394215579 0.0002733462027160794 3.628340960733387e-5 0.0013009470187591648 0.0018381447164280995 3.3073802391351145e-12 9507.350780127985 7.387781108739855e8
500 25432.247885859106 50.935795997570665 7.875566663183187e-6 0.00014532481308439913 0.00017176216768915783 4.893290234750853e-5 0.0014692850157107663 0.0013817390428203166 6.0908332121975314e-6 0.0002109052436869061 0.00028512854630905534 4.803520681771584e-5 0.0014945356975410444 0.001752971526483174 4.141393014998298e-12 9507.350780127987 7.387781108739864e8
550 27958.54794109844 50.99466388360598 7.9431338468528e-6 0.0001514327690758562 0.00018195809141788088 3.721073454303888e-5 0.0015050324564879949 0.0013259281016980782 6.143088556345245e-6 0.0002196283878319248 0.00029726544706171117 3.652258676705111e-5 0.0015943090065406347 0.0017980217602570421 3.1253233138447713e-12 9507.350780127985 7.38778110873985e8
600 30511.564397951755 51.13717956973005 8.111625300139566e-6 0.00016049136564743146 0.00018912976431539956 6.387244672502779e-5 0.001558130421468381 0.0015328415554401445 6.273397064106356e-6 0.0002379544988011483 0.0003023399063324984 6.269514193146663e-5 0.0017150621588496878 0.002102968391108165 3.78506524916519e-12 9507.350780127974 7.387781108739876e8
650 33072.751855584036 51.22458202026172 8.471375875819882e-6 0.00016962008183925517 0.0001939156332685574 4.5016091987953086e-5 0.0016329881019330375 0.0017274368658110834 6.551622218964889e-6 0.0002579368202178456 0.00030733812570879807 4.4195793789567395e-5 0.0018263440583339864 0.002250339823433499 4.2439484056653966e-12 9507.350780127988 7.387781108739865e8
700 35581.52859047182 51.04815490108524 8.394145657365565e-6 0.0001773869579245369 0.00019801584526901974 4.832575196764888e-5 0.0016633877183111951 0.0019317065068234337 6.491893643275527e-6 0.00027175524823087226 0.00031464859877774814 4.7433849915529236e-5 0.0017924053871534922 0.002423344967946159 3.832423099767815e-12 9507.35078012799 7.387781108739865e8
750 38131.09390050248 50.950731302214024 9.360244043225603e-6 0.00018625085506338227 0.0001978849874954876 3.9727473749161836e-5 0.0017532142175323273 0.00226177952233955 7.2390581822215135e-6 0.0002888683325696434 0.0003156404600822024 3.8995501615578124e-5 0.0018181690806913092 0.0027038755863472066 3.3240053583748445e-12 9507.350780128025 7.387781108739846e8
800 40677.907581303676 50.93627817893736 9.449977414863688e-6 0.00019615527292569568 0.00020289845124267487 3.5688790381168054e-5 0.00176863374864133 0.0027067891794626273 7.308456490126183e-6 0.0003050010399585425 0.0003215293535009521 3.503040489248166e-5 0.0017658795917622613 0.003036268515988409 3.120728624050281e-12 9507.350780127983 7.387781108739889e8
850 43200.0 24.871680985328567 9.300938325499407e-6 0.0002028461285433098 0.0002119175202082917 4.649744919414988e-5 0.0015231153206010258 0.0032391293401993603 7.1931921194160904e-6 0.00032121871638611033 0.0003309761575469134 4.563792331141576e-5 0.0015053459901090795 0.0033830961870777616 3.5150755334787126e-12 9507.350780127994 7.387781108739871e8
900 45748.04035227889 50.93677691913761 1.0020826537106902e-5 0.0002106400159541845 0.00021651628680250437 4.5875871410347476e-5 0.0010150885435020085 0.0028951004911276644 7.74994177513625e-6 0.0003335383547077505 0.00034000639827851245 4.502929070655689e-5 0.0010942488456164147 0.0032182377668598713 2.9185316418274227e-12 9507.350780127996 7.387781108739878e8
950 48295.03142440394 50.956496274660246 1.0093553815512735e-5 0.00022066510944897746 0.00022052046280762814 4.628665633942442e-5 0.0010667724819621114 0.0025015673026871814 7.806187851347643e-6 0.0003424645681541643 0.00035343650217757664 4.5433192776572676e-5 0.001206577567724136 0.002887038029354788 2.6510441176248612e-12 9507.350780128 7.387781108739896e8
1000 50845.13133856022 51.05940842285347 9.76406549459308e-6 0.0002289028131194614 0.00022275102942503577 4.9950115503178495e-5 0.0011080765139292223 0.00184937668848826 7.55136702461648e-6 0.00034898741067667223 0.0003685312188430592 4.902720165135715e-5 0.001290565196555075 0.0022155638102087957 1.931898586623929e-12 9507.350780127972 7.387781108739883e8
1050 53375.444631816994 51.24226690397392 1.0343649327222212e-5 0.00023439556118237865 0.0002290791415291415 5.614151676758937e-5 0.0011188837297537238 0.0017426738135190752 7.999607590408005e-6 0.00035176005852603987 0.00039039982682933204 5.511709689427713e-5 0.0013688903426636576 0.002277465409621122 2.794689436233268e-12 9507.350780127976 7.387781108739876e8
1100 55936.122034096115 51.1223564563651 1.0724366002085536e-5 0.00024115938045521398 0.00023638577973143622 5.834451069337623e-5 0.001316254426057794 0.0020758836055168816 8.29404758017175e-6 0.00035574805997635745 0.00041789447799519267 5.726729459983112e-5 0.00141322702133573 0.002866336593809512 2.5901644778478682e-12 9507.35078012798 7.38778110873985e8
1150 58488.426942709266 50.98630806010815 1.04521680302929e-5 0.000247804480981878 0.00024316042453733389 5.453655550232402e-5 0.0015341640276557195 0.0022756166167468618 8.083534163449313e-6 0.00036390818197130437 0.000441372170027295 5.352812297189887e-5 0.0014837086753451466 0.0030670135304125263 1.9511043899648974e-12 9507.350780127996 7.387781108739818e8
1200 60989.35703237852 50.93404663288487 1.0592433971459511e-5 0.00025196337536887754 0.0002520353792904808 5.536539435142841e-5 0.001559350128235046 0.0026387830681276 8.192013526209751e-6 0.00037299476508034985 0.0004631840990420877 5.4347351123303637e-5 0.0015538903681821727 0.003417905323493533 2.818260194879002e-12 9507.35078012799 7.387781108739859e8
1250 63536.45780403952 50.96322915836282 1.073168099700302e-5 0.00025817253012295344 0.0002601267066161583 5.485313403823136e-5 0.0014212104217757482 0.003232656958909143 8.299704876452186e-6 0.000380149331197356 0.0004837752855920614 5.383936404308143e-5 0.001409779413338271 0.003983839440336429 2.2411824723237017e-12 9507.350780127976 7.387781108739864e8
1300 66085.45562162403 50.95801410757548 1.1071588716026965e-5 0.0002629162253893188 0.00026627964183051025 4.5019237119703874e-5 0.001417968541409137 0.002985994849294011 8.562583893626475e-6 0.0003853120637268642 0.0004962603506821587 4.418796166538429e-5 0.0014996015660294418 0.0036663128567774716 2.1920728962369272e-12 9507.350780127985 7.387781108739893e8
1350 68632.52218738467 50.93881782028146 1.1463478996007738e-5 0.00026606132811514817 0.0002741272781884274 6.682733482476408e-5 0.0017095140962998375 0.0026880671596805424 8.865665365085855e-6 0.00039393884689563704 0.0005041715937013942 6.560086047530568e-5 0.001583732544064523 0.003399884851813717 3.100450726423932e-12 9507.350780127994 7.387781108739884e8
1400 71158.7838896183 51.00187863188032 1.1495491945825169e-5 0.0002703894727578803 0.00028110743041360114 6.031524287517481e-5 0.0019291655657814437 0.0021956455102096315 8.890423651862607e-6 0.0004052720426437073 0.0005058542430356381 5.919999218337228e-5 0.0018642320898306294 0.002842283349203747 1.4850841486505834e-12 9507.350780128003 7.387781108739884e8
1450 73712.27747164672 51.148417537138144 1.20362649590978e-5 0.0002767167468483186 0.0002861453910368733 5.8363860606967136e-5 0.0020759396199364144 0.0019203505534690904 9.308648570825228e-6 0.0004172551511683532 0.0004994866887565038 5.728906052978771e-5 0.002097305290613595 0.002302730426666127 3.727022830336295e-12 9507.35078012798 7.387781108739845e8
1500 76273.73671911756 51.2145025324871 1.2561097127869616e-5 0.00028433097883468416 0.0002919112145792899 7.234788336277583e-5 0.002281314157436433 0.002301038097705095 9.714545103875192e-6 0.00043284232110845326 0.0004921895853868989 7.102811941481069e-5 0.002371923345989857 0.0026141061201636366 2.0577806430414292e-12 9507.35078012797 7.387781108739861e8
1550 78781.40947218638 51.042591319812004 1.2702050439749868e-5 0.0002925827369215253 0.0002935739324140097 5.388190759512859e-5 0.002153036860424632 0.002147850456209489 9.823556067795133e-6 0.00045548837539465307 0.00047890855989198055 5.288816017927837e-5 0.002204170216593124 0.0026893793286787647 3.0013547542812678e-12 9507.350780128012 7.38778110873985e8
1600 81330.80778529916 50.94929397972413 1.3313729864304585e-5 0.0003025440498835318 0.00029513536176753875 5.584949881119903e-5 0.00179842292742285 0.002682908405586709 1.029661883440254e-5 0.00048060580414001613 0.00046922383932985844 5.482103480356109e-5 0.0017534806626845864 0.003199181284077268 3.4771999739394666e-12 9507.350780128016 7.387781108739859e8
1650 83877.68182607584 50.93982802586396 1.3756910965633692e-5 0.0003120755523315495 0.00029567654099072084 5.874583507428672e-5 0.0016752565288953832 0.0031891213918120243 1.0639367780151051e-5 0.0004995017502682986 0.0004704847231908622 5.7662409463097344e-5 0.0017236559639033004 0.003567139788124526 3.3345042245552543e-12 9507.35078012799 7.387781108739837e8
1700 86400.0 24.842537486270885 1.3723590815009868e-5 0.0003182130708245957 0.0002986597608572394 7.58262701980022e-5 0.001986701209141662 0.0035485995226819424 1.0613598525856449e-5 0.0005087597379935975 0.00048766132847273005 7.442478904578686e-5 0.00178231679739905 0.003715368911535434 3.3117605100725285e-12 9507.35078012799 7.387781108739883e8
1750 88948.05780387565 50.939482155768836 1.3768692723379937e-5 0.0003282833717135468 0.0003017471389865927 6.717994258596787e-5 0.0018608692975354568 0.003195776843351235 1.0648479597047692e-5 0.0005243151363700539 0.0004967456968332756 6.594023538211928e-5 0.0016980818320318375 0.003545451496963168 2.8196539174499973e-12 9507.350780127994 7.387781108739858e8
1800 91495.28139793 50.963185474621795 1.4187912003823893e-5 0.00033774396245164165 0.00030150142591835026 5.9928259008995356e-5 0.0016979504033596826 0.002585600192438782 1.0972696866193036e-5 0.0005370944511119918 0.0005011852536225817 5.882313972995748e-5 0.0017714266398272918 0.0029972573452690765 3.6130955824278334e-12 9507.35078012799 7.387781108739879e8
1850 94045.8327454872 51.07057507154149 1.459715742044037e-5 0.00034017392540023906 0.0003060036078143434 7.40256593486494e-5 0.0018509502732223968 0.0020294065009066413 1.1289200513750675e-5 0.0005379114577987053 0.0005160367208624706 7.265754137852452e-5 0.001867255118613013 0.0024819177926062204 3.9476349463646525e-12 9507.350780127974 7.38778110873985e8
1900 96575.86044174485 51.25690217935238 1.5295889357679103e-5 0.0003439798387114112 0.00032337266491173845 6.30604815766452e-5 0.002233773666447268 0.002593902253681542 1.1829588256217094e-5 0.0005344830110430627 0.0005438548340493721 6.190931298836302e-5 0.0023347028348606343 0.0029672079578927984 3.845969776845237e-12 9507.350780128001 7.387781108739876e8
1950 99136.2760008211 51.115092642515314 1.562904260386052e-5 0.00034953237931971485 0.00033751020837335125 5.7208132943127554e-5 0.002289355854460394 0.002511999471194689 1.2087243475628408e-5 0.000530391765907612 0.0005803000896128167 5.615137270576838e-5 0.0023628334542241266 0.0034793432043908057 3.866094518145103e-12 9507.350780128005 7.387781108739887e8
2000 101688.32609485798 50.98322201450935 1.56482929128352e-5 0.00035204255310851933 0.00034696433756668273 9.120650402270069e-5 0.0022194224369623487 0.002927183279664717 1.2102131346719288e-5 0.0005265051156667051 0.0006164691318478496 8.952043184489168e-5 0.002233981681216918 0.003943020161783889 4.573921796618942e-12 9507.350780127994 7.387781108739882e8
2050 104189.36072539698 50.934874963650614 1.5992251866853954e-5 0.00035734835775005615 0.00035880010081184113 6.550777933743548e-5 0.0025930288009267176 0.00322946490640948 1.2368143522141138e-5 0.0005264255007297511 0.0006537585408893538 6.43021841712731e-5 0.002550525283033987 0.004172679241101511 3.807512223265355e-12 9507.350780128014 7.387781108739833e8
2100 106736.59891058101 50.96755738671223 1.6192648863593918e-5 0.00036191447862577645 0.00036746934916205695 6.813042699965207e-5 0.0023803338420806987 0.003697000193295519 1.2523127250369821e-5 0.0005272707789740727 0.0006789759022289931 6.687116790753713e-5 0.0023467657386758707 0.004548668338371203 3.973349893581149e-12 9507.350780127974 7.387781108739847e8
2150 109285.67677243159 50.957983605069984 1.6233770832511507e-5 0.00036724636786493247 0.0003755928578584624 7.285824630174344e-5 0.0020440264874380856 0.0037375296525973697 1.2554930302106101e-5 0.0005337037362958767 0.0006938408182352255 7.15135771005174e-5 0.002034891230161765 0.004616250225587817 3.2285813091596103e-12 9507.350780127994 7.38778110873987e8
2200 111832.85176669962 50.94280817540994 1.6205438167064716e-5 0.00037479378706618133 0.0003802917896986555 8.526702177219217e-5 0.002110517875844156 0.003076380323753684 1.2533018286491279e-5 0.0005436501710008001 0.0006967692464958406 8.37013988617078e-5 0.0019377977355673059 0.00390070170439992 4.231954350847696e-12 9507.350780127983 7.387781108739867e8
2250 114359.0454819812 51.01028584824648 1.6043605547155874e-5 0.0003829318981121981 0.0003855487795107759 7.944826841735695e-5 0.0023010025482582425 0.002665725100717708 1.2407859610512276e-5 0.0005590894745953212 0.0006930502113049597 7.797965079437433e-5 0.0022307913635961816 0.0036198915365307257 3.812803774345343e-12 9507.35078012799 7.387781108739865e8
2300 116913.03364387111 51.159711737800144 1.621423635559351e-5 0.0003936424030797558 0.00038588160686778235 5.3392224643718076e-5 0.0025714399014022706 0.0027623096893184024 1.2539822660220752e-5 0.0005833863251788465 0.0006766116315351116 5.240998365470988e-5 0.0026261805586468177 0.003770151198784177 4.3356009803409865e-12 9507.350780127996 7.387781108739883e8
2350 119474.70230340865 51.20562248941788 1.644059394558793e-5 0.00040429766901090453 0.0003850879602131175 7.602395921259714e-5 0.0027378352524455316 0.0029036601339205025 1.2714883882598976e-5 0.0006087230967774004 0.0006590348068167685 7.463472334323538e-5 0.00286291398368593 0.0037694071296342966 3.240542818257933e-12 9507.35078012797 7.387781108739879e8
2400 121981.29554638443 51.037542832966786 1.641252900694398e-5 0.00041269516214231474 0.000386343699907131 7.404359147559797e-5 0.002740582505748758 0.003310566493817495 1.269317892247235e-5 0.0006288608625399547 0.0006489861344882958 7.26791195476113e-5 0.002805803810163938 0.004141183247156237 4.412154255679434e-12 9507.35078012799 7.387781108739867e8
2450 124530.53856791083 50.947658125909314 1.649351449861314e-5 0.0004221652054663375 0.0003842214193476905 4.898829019999596e-5 0.0026011233135915003 0.003627500409674669 1.2755811764456563e-5 0.0006490124598222654 0.0006391622799580634 4.8086773105332465e-5 0.0026060212361077527 0.004308634249944863 3.6253480885464733e-12 9507.350780128001 7.387781108739855e8
2500 127077.430153912 50.94160065049654 1.7273243152614287e-5 0.0004291294011905275 0.00038363398722034907 7.963769934861288e-5 0.002285998404236936 0.004097457025154937 1.3358841030211111e-5 0.0006635489842689523 0.000633446249342568 7.81695382488717e-5 0.0022544942395104684 0.0045726097345342165 3.4572283889660832e-12 9507.350780127965 7.38778110873983e8
2550 129600.0 24.961248597930535 1.7731852904419508e-5 0.00043572589082523707 0.00038298071375333746 8.983256493573391e-5 0.0020552009363003546 0.004258221209596373 1.3713522239473511e-5 0.000677210847035105 0.0006245202446918131 8.817260512425484e-5 0.0019624818457341414 0.004482926567868874 2.842918363442765e-12 9507.35078012797 7.387781108739908e8
2600 132147.98650535612 50.940037287724714 1.7970109081486803e-5 0.00044432309215520577 0.00037877396424342464 7.249472585024865e-5 0.0020022794489490433 0.0036899227218992717 1.3897785632618723e-5 0.0006915183541397864 0.0006252182526989999 7.11570814301567e-5 0.0019227339861315731 0.004113281152273795 2.6427430447294825e-12 9507.35078012799 7.387781108739877e8
2650 134695.36226880085 50.96871161943104 1.8271335518702338e-5 0.0004481426598146452 0.00038127886856345285 8.590989962088665e-5 0.0018288397241628125 0.003023471958725559 1.413074918516624e-5 0.0006925211884379784 0.0006423451534381067 8.432566513259137e-5 0.0018046517623658727 0.0035143899427879277 3.2326705830767067e-12 9507.350780128007 7.387781108739883e8
2700 137246.2752698389 51.079699618812896 1.8269736493000993e-5 0.0004474913889393088 0.00039401668076422284 7.85630126117327e-5 0.00225586324581634 0.002276124542786787 1.4129512525094344e-5 0.0006838721339907991 0.0006720725661109667 7.711079514146112e-5 0.002314559273182048 0.002879558466652571 2.6004718986201743e-12 9507.35078012799 7.38778110873987e8
2750 139776.20115929007 51.269508164212056 1.870293147261051e-5 0.0004469741403901093 0.0004029627023247689 7.581514497529528e-5 0.0025467575289165644 0.0023338883923933536 1.4464538369201503e-5 0.0006735787684744879 0.0007062995152348899 7.443073838732363e-5 0.0026727203710951337 0.0028908017190180644 2.8471607936863443e-12 9507.35078012798 7.387781108739877e8
2800 142336.27425010852 51.106962554055144 1.918776917532634e-5 0.00044825994600891894 0.00041149633083943687 6.847133163630636e-5 0.0029173488299997848 0.0025584992588596994 1.4839503842612092e-5 0.0006657549271656993 0.0007377008094459552 6.7206035395604e-5 0.0029355755085810065 0.0035528597829979965 2.0238536450443228e-12 9507.350780128 7.387781108739825e8
2850 144888.00950978487 50.97854723269288 1.9464052967166323e-5 0.00044949344381234286 0.0004183380971039052 9.916585659808877e-5 0.002808420649545735 0.0026824538490472323 1.5053177165090495e-5 0.0006613015308032266 0.0007624916902050589 9.733333334881864e-5 0.002933066655430708 0.0036078469270111957 2.419824011533474e-12 9507.350780127983 7.387781108739883e8
2900 147389.34496466522 50.93355363244392 2.0045321107615096e-5 0.0004518009098169059 0.00042325041190290774 8.611036118024946e-5 0.0022854757195960983 0.002666982612556558 1.550272034673571e-5 0.0006563168958527781 0.0007899828013727623 8.45243845695904e-5 0.002879289157498485 0.0034338836254081237 2.429044022387751e-12 9507.350780127994 7.387781108739858e8
2950 149936.59102683765 50.96941612973243 2.0304830114175977e-5 0.0004552043570471084 0.0004294025786018404 7.967549549532447e-5 0.002346123430158555 0.0028606335408779275 1.5703420327274412e-5 0.0006528982370231644 0.000816173612234339 7.820286674283859e-5 0.0031132412629292085 0.0035083579732428276 3.3715067930335473e-12 9507.350780127987 7.387781108739845e8
3000 152485.61924760937 50.95608377624351 2.034218312051081e-5 0.0004594717217682024 0.0004341036909007936 0.00011198170453033998 0.0021594112818921415 0.0026138973129452726 1.573230852558129e-5 0.0006557383916779315 0.0008257382505610305 0.00010991616928623058 0.0028607449090908028 0.0032269880312258527 2.1784496409962643e-12 9507.35078012798 7.387781108739884e8
3050 155032.80270296743 50.945420441259984 2.1008696232704535e-5 0.00046363862471901854 0.0004364202096691281 0.00010217185265816325 0.0020662563787996464 0.002440225114471047 1.6247778760770977e-5 0.0006672546973538625 0.0008163311510969745 0.00010029520179528872 0.0027791932397906683 0.0028376942782492925 3.037342662096611e-12 9507.35078012799 7.387781108739887e8
3100 157559.23000267224 51.01611318331445 2.107903494740552e-5 0.00046966352946747517 0.00043932650672642165 7.660326807100825e-5 0.002234652313208452 0.0020997431771306784 1.6302177561255362e-5 0.0006844647104544355 0.0008030400263398589 7.518780866150784e-5 0.0026862900361024618 0.0025014590891350866 2.290230785879883e-12 9507.350780127981 7.387781108739842e8
3150 160113.61572869556 51.169706226902456 2.0756659392488527e-5 0.00047707969874349643 0.00044324525187514166 7.83227690336123e-5 0.002154024465688994 0.0024371772429000347 1.6052857630302934e-5 0.0007046327379882805 0.0007888300704299092 7.688352895009118e-5 0.0024810926967762507 0.0029045651182990815 2.8654878626041162e-12 9507.350780127976 7.387781108739837e8
3200 162675.4221903545 51.197356221109665 2.0922833558749318e-5 0.00048496078978711737 0.00044525852253995355 8.263603832477449e-5 0.00222883510162957 0.0022199928255007004 1.6181373986541788e-5 0.0007271136511538066 0.0007684274550751076 8.112350532252307e-5 0.002371728020314052 0.002729515552270079 2.902873321898617e-12 9507.350780127972 7.387781108739866e8
3250 165181.17729652685 51.032590898432495 2.130571925094784e-5 0.0004933749530483789 0.00044415366522479775 8.28291123475165e-5 0.00259000445397392 0.0026799769880431526 1.6477491458496686e-5 0.0007492663726079145 0.0007480269665304783 8.130188495512621e-5 0.0026355558028721433 0.0031739824625754446 2.642260602301061e-12 9507.35078012797 7.387781108739877e8
3300 167730.24856468214 50.94623316581994 2.146177802766179e-5 0.0005042516998531234 0.0004403973663634913 0.00010320819810110605 0.0027703648292803974 0.0031167217959385835 1.659818473948919e-5 0.0007751654734350201 0.0007279319584379456 0.0001013103848632513 0.0027673822200595206 0.0035888242240229764 2.4134144192701607e-12 9507.35078012799 7.387781108739864e8
3350 170277.1316329472 50.94291525197511 2.198346048240216e-5 0.0005122572458312092 0.0004409792070169786 8.382737097317444e-5 0.0023838884474581728 0.0030952138871484887 1.7001645335714075e-5 0.0007958372548797094 0.0007158820721092906 8.228270969988521e-5 0.002409594916570154 0.0034059333933125755 3.618792997773001e-12 9507.350780127981 7.387781108739836e8
3400 172800.0 25.168930454499787 2.198751932683422e-5 0.0005211732186942841 0.0004414660838206909 0.00011636786102924144 0.002337670952906631 0.003144478188580037 1.7004784378978827e-5 0.0008102679576480088 0.0007112372305795552 0.00011421832464974643 0.002386154286758983 0.0033386199889264717 3.4617005536993868e-12 9507.350780127976 7.387781108739876e8
3450 175347.88945757385 50.93973210045428 2.210283709312198e-5 0.0005300346328060002 0.0004414319874417983 9.752715059207202e-5 0.00209262291049986 0.002528839102752696 1.7093969235244083e-5 0.0008173660565762824 0.0007182411595096908 9.572797348353353e-5 0.002205742714142303 0.0028789907598650534 3.4887785922215813e-12 9507.350780127988 7.387781108739846e8
3500 177895.3552886452 50.97168606022127 2.2304376994054845e-5 0.0005320947190822805 0.0004508699351532363 7.443535801858749e-5 0.002024154816872886 0.001959110312413659 1.7249836866703116e-5 0.0008128813310536391 0.0007393558038487504 7.306240608087686e-5 0.0022140712349315405 0.0028157043253832325 3.4102400280010983e-12 9507.350780127976 7.387781108739845e8
3550 180446.53155078928 51.086740721271894 2.2321115985313637e-5 0.0005333409406969534 0.00046080273937822966 9.723528103293321e-5 0.002246743858351992 0.0020804723941015135 1.7262782526141147e-5 0.0008030471521072959 0.0007638711787594501 9.543778544116072e-5 0.00253250847187109 0.002755600881744199 3.453996790477292e-12 9507.350780127983 7.38778110873987e8
3600 182976.49733066474 51.27976932090935 2.2588513832894566e-5 0.0005338484214661766 0.0004742125439154355 7.602896535886211e-5 0.0022513582246881845 0.0021310587831602323 1.7469583606059687e-5 0.0007910216056469555 0.0007952086668776557 7.46404087213001e-5 0.002826433173420819 0.0026011524333105825 3.977745480151211e-12 9507.350780127994 7.387781108739893e8
3650 185536.1845853761 51.09956361454979 2.2751717914081596e-5 0.0005337649040839447 0.0004886154613874853 8.778517013872006e-5 0.0028665556115780705 0.0029313663022923625 1.7595802947546072e-5 0.0007775173741091775 0.0008383701117859984 8.616257651537233e-5 0.0032483956399492514 0.0038559617738449857 4.29165468691077e-12 9507.350780128014 7.38778110873987e8
3700 188087.62392214904 50.97413535493841 2.2728020298347187e-5 0.0005360262698257192 0.0004973405502451468 8.366458529571983e-5 0.0030071358962820505 0.0033468352318935315 1.75774756028415e-5 0.0007670490837234429 0.0008821768707798418 8.211928558070606e-5 0.0033330101498208345 0.004340443952701201 4.483666773422509e-12 9507.350780127996 7.387781108739864e8
3750 190589.32862030112 50.932313453225305 2.3087597030084023e-5 0.0005403146598453517 0.0005052722127515429 8.129574600289822e-5 0.002999463836084746 0.003765871044775247 1.7855566309663373e-5 0.000759461713640502 0.0009171488520942761 7.979746195565836e-5 0.003620756285256946 0.0047590449336859224 3.523820759720892e-12 9507.350780127952 7.387781108739865e8
3800 193136.60997165737 50.971885191433486 2.3639904440541566e-5 0.0005447993785042366 0.0005076072248544316 8.926049009375758e-5 0.00280386483043829 0.0038432578798730226 1.8282711740948447e-5 0.0007596068472716761 0.0009326136731383043 8.761088167709847e-5 0.0037212062478537956 0.004707489818658236 4.259170230063726e-12 9507.35078012798 7.387781108739874e8
3850 195685.5418849297 50.952695191479336 2.3939415076654955e-5 0.00054741325615479 0.0005138145714519438 7.609004139961124e-5 0.002750636032808538 0.003251834583158623 1.8514348321256593e-5 0.0007644556294482579 0.0009363763876551317 7.468751756700419e-5 0.003643530722048763 0.004088234764174766 3.286673503794613e-12 9507.350780127967 7.387781108739847e8
3900 198232.6674692313 50.94613829802112 2.4456422162590433e-5 0.0005508919947335287 0.0005205563403790407 0.00013512547641536394 0.0026484756450910548 0.002676111635189442 1.8914193064451686e-5 0.0007725001923949705 0.0009300308601032677 0.00013264305710479837 0.003567375934941207 0.0035190466952627493 4.5517600761768515e-12 9507.350780127988 7.387781108739866e8
3950 200759.36467690024 51.02082522846864 2.4728864993272912e-5 0.0005539459818520647 0.0005240498533540499 0.00010207010470899875 0.00232902479214598 0.002300086756469165 1.912489585099726e-5 0.000785992441220164 0.0009166533283998404 0.00010018506130232235 0.0032223699041620106 0.003140058552270426 4.210175521221813e-12 9507.350780127988 7.387781108739878e8
4000 203314.0836964934 51.178317892262264 2.486016281863958e-5 0.0005582291261873093 0.0005272189076975186 7.744378143199155e-5 0.0022538035025283895 0.002313037210263476 1.92264394210846e-5 0.0008049431723640564 0.0008973878223751342 7.602248210175692e-5 0.0031909669447603107 0.003199090998580138 4.084935764148502e-12 9507.350780127968 7.38778110873989e8
4050 205875.87370515653 51.1866400347393 2.527935193966032e-5 0.0005651283758470425 0.000528950616955046 9.996081173321045e-5 0.0021533804718702507 0.002636054931740775 1.955063336543048e-5 0.0008308734691231831 0.0008701416082889374 9.812837014339352e-5 0.002595448200763369 0.0034116129817670714 3.29021141493637e-12 9507.350780127987 7.387781108739866e8
4100 208381.01262387956 51.02514695031369 2.55819910933008e-5 0.0005724278615170907 0.0005267877834211136 8.60212738025363e-5 0.003055253087052573 0.002841837511217739 1.9784689489534666e-5 0.0008584893823067029 0.0008430106229133359 8.443392373400014e-5 0.003102078549228622 0.003535290327710294 3.526374641464996e-12 9507.350780127968 7.387781108739862e8
4150 210929.80840171824 50.942468377017136 2.5840208466635386e-5 0.0005807861942613469 0.0005227231296183225 0.00010958575597328074 0.002969457656949021 0.003000647561824077 1.9984390542261844e-5 0.0008840115184214021 0.0008239329266336256 0.00010757241464706597 0.002965165612839762 0.0037958136947269026 4.698024367968117e-12 9507.350780128016 7.387781108739854e8
4200 213476.60730999464 50.94317889593394 2.6160493369547677e-5 0.0005892628498291332 0.0005243159623312131 8.729586292869643e-5 0.0025342971018355084 0.003125217046110383 2.0232093597476953e-5 0.0009041400582879286 0.0008111060757005082 8.568820632820497e-5 0.00250526004930428 0.0038396656734449547 4.503577095865299e-12 9507.350780128007 7.387781108739841e8
4250 216000.0 25.654500384494895 2.6429615545345005e-5 0.0005966871620294 0.0005234496151572275 0.00010642528007863655 0.002389552426261135 0.002855099509391973 2.0440228244363016e-5 0.0009155829302074891 0.0008071032542013091 0.00010445899396193356 0.002583181276488148 0.004003793588632798 3.3167534063158745e-12 9507.35078012799 7.387781108739871e8
4300 218547.78937524717 50.93990305101789 2.6475379438888282e-5 0.0006004521256461631 0.0005291563101791307 9.071941457539602e-5 0.0022815220956907104 0.002640689619451881 2.0475621283954397e-5 0.0009154968978902042 0.0008196424165757014 8.904632286830158e-5 0.0027519846788344594 0.003987953816273482 2.980131116338886e-12 9507.350780127992 7.387781108739876e8
4350 221095.36920035133 50.97620672838147 2.6583961216278874e-5 0.0006038935778872797 0.0005353367157262699 9.189114733297574e-5 0.0024053207190770733 0.002413514045925809 2.0559596637637734e-5 0.0009104594638543528 0.0008398081038839309 9.019487529716137e-5 0.0027937855874689416 0.0038153553404653776 3.702094723747106e-12 9507.350780127988 7.387781108739868e8
4400 223646.87450443403 51.095126636460435 2.6653328884188746e-5 0.0006076750978017896 0.0005391829844906321 0.00012713836026634237 0.002375466232156929 0.0021609705762075547 2.0613244446566136e-5 0.0009032601387328137 0.0008666061645147646 0.00012478813605011667 0.002817032727939837 0.003510197679356259 2.6438304546475118e-12 9507.350780127988 7.387781108739877e8
4450 226176.82915074856 51.29221173921183 2.6718012978093115e-5 0.0006078575091857981 0.0005526715900618128 9.211104823430206e-5 0.002633242567783951 0.00200392697230047 2.0663270056697462e-5 0.0008884691464504759 0.0009036404664953535 9.04286688018031e-5 0.0036173785733889414 0.003212606781590255 3.6056981318587046e-12 9507.350780127987 7.387781108739895e8
4500 228736.0323827262 51.09100803513106 2.698504651309749e-5 0.0006070390000483235 0.0005657971497140794 9.601651163173123e-5 0.0029086065829133025 0.002198636184276822 2.0869789383286045e-5 0.0008681909370128578 0.0009498802430917701 9.424157766363968e-5 0.004063129585951796 0.0030294692857953543 3.349253178795567e-12 9507.35078012799 7.387781108739864e8
4550 231287.1663349545 50.970325222853496 2.6944386620327666e-5 0.0006105302059220724 0.0005723729378242877 8.861559765352552e-5 0.0032025391978812664 0.0024299496129829437 2.083834369361213e-5 0.000854098746084505 0.0009947132581008225 8.697993251292153e-5 0.004261867057521131 0.003251034251108439 1.8487500169763075e-12 9507.350780127972 7.387781108739864e8
4600 233789.32440541693 50.932137360972376 2.719000362724524e-5 0.0006165312517945245 0.0005738174040343947 9.539839890645307e-5 0.003293031900325367 0.0026158722941828196 2.1028299831015704e-5 0.0008480439283913785 0.0010258581851079508 9.363924099850245e-5 0.004319832391277744 0.003361566113133749 2.5822309801360486e-12 9507.350780127985 7.387781108739862e8
4650 236336.69963412473 50.97630326236177 2.770646576198591e-5 0.0006200879547684404 0.0005765293528397737 0.00010416696529326019 0.003483179408549005 0.002783757593725835 2.1427723117954414e-5 0.0008491925653857449 0.0010378421486107754 0.00010224226463531986 0.004623692970442314 0.0033753606244503564 3.4731260156550186e-12 9507.350780127983 7.387781108739837e8
4700 238885.64214882604 50.95205382299149 2.771241071184901e-5 0.0006257472152689526 0.0005813876905163113 9.589610185002652e-5 0.0035372477894603503 0.0031686754211590292 2.1432320844013068e-5 0.0008566437319869852 0.0010390411022242316 9.41301218065128e-5 0.004684363541834313 0.0037636948621665098 2.8868972025923587e-12 9507.350780127948 7.387781108739879e8
4750 241432.8266925476 50.949096927554834 2.8008349437813744e-5 0.0006291099567782795 0.0005900754588116687 0.00010686088255946007 0.0032701769120184127 0.0032676599067162334 2.1661194967994008e-5 0.0008642924071389324 0.001032824090710358 0.00010489760349364356 0.004409616006740929 0.0038111802959670824 3.081122398021777e-12 9507.350780128001 7.387781108739867e8
4800 243959.57146990063 51.028191599782254 2.8553403767074706e-5 0.0006303792025486712 0.0005971145308914924 9.249090706557713e-5 0.0029992079066534626 0.002613295245277806 2.2082730986049567e-5 0.0008769312500524378 0.0010163607618719104 9.078387786825613e-5 0.004153554067917259 0.004005103506293165 2.354736401686361e-12 9507.350780127974 7.387781108739864e8
4850 246514.74465587482 51.18957772238559 2.876645051639706e-5 0.0006362914900720215 0.0006002647408097639 0.0001327720390530434 0.002986505499766513 0.0026477889161720673 2.2247497824046467e-5 0.0009011988662475474 0.0009839294616926567 0.0001303387918419812 0.00394838634971621 0.0035635473660535714 3.2125056382411384e-12 9507.350780128001 7.387781108739871e8
4900 249076.5600976878 51.17677655483194 2.9165671787883673e-5 0.000644355463067075 0.0005998941348566372 9.950933716789788e-5 0.00303450076446673 0.002758268146220609 2.2556248963280722e-5 0.0009351902056759003 0.0009442586831572142 9.768263075568456e-5 0.0033329476278453002 0.004000679623472415 3.3534420043248773e-12 9507.350780127987 7.387781108739871e8
4950 251580.87824862383 51.018814543092375 2.9482200212836866e-5 0.0006525782621214167 0.0005995172570324277 0.00010415723950934001 0.003765076855697978 0.003250992612471019 2.2801046820472196e-5 0.0009675013705424804 0.0009145053445505504 0.0001022339298538032 0.0038365044892967872 0.004070987092531147 1.9386030048157223e-12 9507.350780127976 7.387781108739871e8
5000 254129.486201511 50.94043191799569 2.9723364748560016e-5 0.000657889844845985 0.0006010235130792972 0.00011649630282435543 0.003892906406660923 0.003523621174581045 2.2987559490174976e-5 0.000991287622867055 0.0008988980862601705 0.00011435611102633269 0.0038749052086539523 0.004346719842122873 3.0986051926898114e-12 9507.350780127988 7.387781108739847e8
5050 256676.29054487962 50.94536918526086 3.0230604201682064e-5 0.0006644075852247831 0.0006004183627972698 0.00010047201228635398 0.003606846197446596 0.0037275779529805904 2.337985010743894e-5 0.00100522101449984 0.0008894847387281288 9.862018327056142e-5 0.0035590052658851967 0.004451951694505266 3.32490132288477e-12 9507.35078012798 7.387781108739874e8
5100 259200.0 25.850667363178218 3.0777033860760265e-5 0.0006714123508657482 0.0006004166429436183 0.00013980836823932017 0.0030906260949655298 0.00377355299870091 2.3802449782863237e-5 0.0010126033777072263 0.0008843362843754363 0.00013722471195958395 0.003086992846349643 0.004585525332998795 3.134405484005213e-12 9507.35078012799 7.387781108739853e8
5150 261747.76057140902 50.941032542760134 3.087190052697119e-5 0.0006760027952817399 0.0006054661648684942 9.742707445362712e-5 0.002694423436931631 0.003520755050991489 2.387581809602739e-5 0.0010125434628100254 0.0008966390618109139 9.563120571415858e-5 0.0028610542500113606 0.004377558699765677 3.6157451868759894e-12 9507.350780127974 7.387781108739859e8
5200 264295.47615551914 50.98069724005315 3.086045360026685e-5 0.0006778718343740317 0.0006152216058342556 0.0001021824466916965 0.0029255942660876594 0.003460706931899424 2.38669652319334e-5 0.0010043851621517582 0.0009218963819767773 0.00010029498583997976 0.004495275524794259 0.004196062355682443 3.2709290334321603e-12 9507.350780127996 7.387781108739866e8
5250 266847.2893394898 51.10341007046022 3.0964346137634726e-5 0.0006789169992276577 0.0006269120150500064 0.00011642372931495465 0.003123849346107298 0.003100880946983178 2.3947314004811573e-5 0.0009886259525955913 0.0009560590420008588 0.00011427183400543084 0.004450164403376625 0.004044193922830057 3.5538700309768566e-12 9507.350780127992 7.387781108739877e8
5300 269377.10760688165 51.28218142713247 3.1307852406713055e-5 0.0006801511269650957 0.0006367153655245312 0.0001249646423573154 0.003572996028987454 0.0036458380094472375 2.42129760811784e-5 0.0009686444440907425 0.0009950824729360905 0.00012268231487356864 0.004031722645982405 0.004338263831154992 3.424606091425204e-12 9507.350780128 7.387781108739862e8
5350 271935.77970038244 51.08250318515813 3.1641520400131486e-5 0.0006802465099183722 0.0006518237069864259 0.00010529017033495815 0.003837497604713797 0.003792867575202977 2.4471029397601646e-5 0.0009438914085761332 0.0010533312895990724 0.00010334377796518861 0.004174105674910105 0.005249306641961315 3.2958628833835927e-12 9507.350780127987 7.387781108739853e8
5400 274486.5789691442 50.965780244981026 3.165025571158824e-5 0.0006839040262265416 0.0006585506284901755 0.00011116640999074737 0.004224653397314918 0.004259583623588954 2.4477785143239035e-5 0.0009299010369682647 0.0011008873232625194 0.00010911615657037837 0.004254053948948079 0.00569652134886865 3.706566888480409e-12 9507.350780127972 7.387781108739879e8
5450 276989.3200837693 50.9321283642719 3.17431334248925e-5 0.0006909213240230491 0.0006636808393383021 0.00012801274554008585 0.004001319347567974 0.0046046172929941976 2.4549615233067513e-5 0.0009288868319616763 0.0011320727072245647 0.00012565133438184264 0.0039427864561047115 0.005897089110701774 2.948856594471057e-12 9507.350780127968 7.387781108739854e8
5500 279536.8235289252 50.980215264650155 3.1930723607378655e-5 0.0006968025808650423 0.0006673211200773368 9.964346564637578e-5 0.0035149462336322413 0.004672526303458151 2.4694694382622935e-5 0.000934458380825459 0.0011444850124509964 9.780289696180088e-5 0.003734924916971173 0.005676231107954299 4.393733378511691e-12 9507.35078012798 7.387781108739882e8
5550 282085.7517962706 50.95143375474149 3.198704949139908e-5 0.0006987984813361723 0.0006763431348594601 0.00011765034416598139 0.0029068736765794786 0.004340204788876964 2.4738255891243368e-5 0.0009406227962292197 0.0011440590673739422 0.0001154824937931007 0.0038486470638375023 0.005085190498613951 3.894627541768886e-12 9507.350780127996 7.387781108739878e8
5600 284633.00005164626 50.95188823060456 3.208011926254595e-5 0.0007042920902278042 0.0006828700000324673 0.00012901301962389534 0.003193029556592755 0.00447362176875602 2.4810234515437988e-5 0.0009525344603331797 0.0011326344754699867 0.00012664079585049702 0.0036375688681030663 0.0052243504465646 2.937469421597046e-12 9507.350780128012 7.387781108739896e8
5650 287159.7698741528 51.03409741692073 3.206287020774117e-5 0.0007112095247097396 0.0006856876985085925 0.0001059320373490067 0.0034052314602358285 0.003963206646111361 2.47968943812784e-5 0.0009732682717410381 0.0011058772966716212 0.00010397844128901612 0.0035168230599483563 0.004772241672392342 3.222795828926715e-12 9507.35078012799 7.387781108739859e8
5700 289715.34665463574 51.19913679029344 3.170458390229424e-5 0.0007196267656315115 0.0006882009979026575 0.00011283716774090204 0.0034876766385037125 0.003694515256456924 2.4519801668840097e-5 0.0010026880036387163 0.0010721021184110905 0.000110772463460888 0.003881134262358657 0.004961814847446696 3.581589411616199e-12 9507.350780127996 7.387781108739862e8
5750 292277.06111384125 51.165436855987025 3.175415318379806e-5 0.0007288590098759024 0.000689664872135408 0.0001491566821026062 0.003709278905042872 0.0038928443382504844 2.455813773264377e-5 0.0010348539951130472 0.0010368807670587518 0.00014641520704478518 0.004106644428908475 0.004496463774426967 3.4211658174415795e-12 9507.350780127976 7.387781108739878e8
5800 294780.7149001658 51.01142459649457 3.205072158658544e-5 0.000738965264317573 0.000686028666336279 0.0001043354672271645 0.004200850569969231 0.003916113685433572 2.478749883828047e-5 0.0010696054607672737 0.001004531510586666 0.00010240780292858492 0.004119084992680965 0.004859857276372814 3.483762722529263e-12 9507.350780128008 7.387781108739828e8
5850 297329.0577762074 50.937846963547756 3.233939422255581e-5 0.0007463204860820807 0.0006850253465020338 0.00011535274232961347 0.004204880174204208 0.004285122209579526 2.501075348823891e-5 0.0010990666714218418 0.0009818576437302018 0.00011323395711851276 0.003992051641229809 0.005028560615157001 4.221363590871397e-12 9507.350780128008 7.387781108739836e8
5900 299875.85240157373 50.94746548374229 3.28224929132624e-5 0.0007510696418876819 0.000686622831020212 0.00011175918059263672 0.0034660711865884646 0.004451576873642752 2.538437403847364e-5 0.00111437391088667 0.0009724886618038421 0.000109697829449597 0.00342730289636034 0.004904626378527161 2.7406099373521204e-12 9507.350780127994 7.387781108739876e8
5950 302400.0 26.195120690506883 3.301469743888176e-5 0.0007551909184823982 0.0006893251893702855 0.00010919272880472589 0.0029085533505076883 0.004787421566383323 2.553302184481515e-5 0.0011215358078352276 0.000974910298572948 0.00010717457848155872 0.003595834919057081 0.004629489315472492 2.153025690800086e-12 9507.350780127987 7.387781108739867e8
6000 304947.72307140514 50.94241745539233 3.29784833427484e-5 0.0007568766200934743 0.0006976610635009606 0.00010127155525130343 0.0030745392712016105 0.005472695268532304 2.5505014460850808e-5 0.0011141264631700466 0.0009955499419746336 9.940599050438442e-5 0.003957710264032734 0.005611455530483681 2.9597460092839984e-12 9507.350780128025 7.387781108739877e8
6050 307495.61380727845 50.98583070801931 3.318143832385056e-5 0.000756500447441906 0.0007054468369491679 0.00010372110987194838 0.0036876407150365207 0.005082588714299972 2.5661976491946206e-5 0.0010954341125964195 0.0010231608270967105 0.00010180430349266488 0.00454893759892567 0.005467453978557872 2.6366780542007557e-12 9507.350780128007 7.387781108739874e8
6100 310047.78519249684 51.11244168065667 3.334597125508429e-5 0.0007554566748014818 0.0007146428745623078 0.0001159530111532365 0.003403512461448038 0.004034555933067749 2.5789223544117414e-5 0.001075457751622085 0.001053744981682578 0.00011381038334359722 0.004535519879849122 0.004520006861723121 1.755125554597249e-12 9507.350780127988 7.387781108739861e8
6150 312577.3767261854 51.27220803862995 3.379767151617464e-5 0.0007533532966504142 0.0007260778697123254 0.00011894083167146575 0.003999889817924036 0.004461502508170979 2.6138561067356034e-5 0.001049134248149169 0.0010978447657440105 0.00011676887446483877 0.004204981146580585 0.00513584808153177 2.8322739987521967e-12 9507.350780127967 7.387781108739877e8
6200 315135.65920904814 51.07639431972612 3.414138255756825e-5 0.0007511795965610475 0.0007443334069895847 0.00013465654300559392 0.004314507534003339 0.003870079620927249 2.640438151124881e-5 0.001022127521320945 0.0011586656021158523 0.00013216748548412988 0.004265133974096407 0.005353285271491619 2.5185792108497136e-12 9507.350780127992 7.387781108739846e8
6250 317686.2464065905 50.96342987669904 3.434906032446494e-5 0.0007534181689241495 0.0007521707343909616 0.00012097182946425431 0.005025076840882962 0.004149993355109917 2.6564996066890873e-5 0.0010040550458679947 0.0012139435721636243 0.0001187410178116967 0.004657624095345964 0.0055411880579159765 2.2099998442517628e-12 9507.350780127967 7.387781108739852e8
6300 320189.3326738466 50.93381880310744 3.445674336951462e-5 0.0007578902514153449 0.0007571629783015196 0.00012114837038038475 0.0044852882370636435 0.004196217569503893 2.6648276355818004e-5 0.0009972790285823914 0.0012531762339597682 0.0001189130856195009 0.004060205618081224 0.005379405032356479 2.456305848501725e-12 9507.350780127996 7.387781108739853e8
6350 322737.0001681211 50.98573073419121 3.4693231538958614e-5 0.0007638997746597061 0.0007624569118397574 0.00011013195140591727 0.0034239811560703866 0.0047782225382584555 2.6831172401059877e-5 0.0009997839676917915 0.00126155114136039 0.00010809705661422313 0.003989020060494737 0.0052751674417793075 2.4379117736911166e-12 9507.350780128001 7.387781108739839e8
6400 325285.9497947865 50.95209300723982 3.4896131571889694e-5 0.0007681459336637721 0.0007673317714705937 9.817115071068668e-5 0.0031378187846210475 0.005845893060887169 2.6988091936147514e-5 0.0010083274734796665 0.0012450807371230746 9.636135151452472e-5 0.00405735809615369 0.006605759025605359 1.9449934525382257e-12 9507.350780128005 7.387781108739856e8
6450 327833.31245438964 50.95675459253539 3.501988542817686e-5 0.0007725373902659656 0.0007714220552339556 0.00010728963760985731 0.003005347567595871 0.006041376888617669 2.7083801125117076e-5 0.0010237756250991185 0.0012183332585509257 0.00010531527712265238 0.004132991240386119 0.007058534466366963 3.2470366465008123e-12 9507.350780128 7.387781108739853e8
6500 330360.04836090805 51.04286173259179 3.4863907459057674e-5 0.0007787744232911239 0.0007746040635495695 0.00011440177616939306 0.003530253465840575 0.004810897173237367 2.6963170339384524e-5 0.0010465438753158342 0.001185823019436784 0.00011229386805631662 0.0042735864786124875 0.00579466360594751 3.445703375398237e-12 9507.350780127981 7.387781108739877e8
6550 332916.133036159 51.21098023580022 3.427268898350973e-5 0.0007895924134377818 0.0007742273831864885 0.00012111065869866363 0.004046568686295635 0.004397348569087173 2.6505931732878423e-5 0.0010796935594140822 0.001148566661730528 0.00011889822832706731 0.004513601153947537 0.0051628194571813665 2.09869061229912e-12 9507.350780127985 7.387781108739899e8
6600 335477.8326669381 51.158375376000485 3.4298492110697606e-5 0.0008017019221923217 0.0007715456191165853 9.739288345747924e-5 0.004299608229673145 0.004069865658968512 2.652588744537082e-5 0.0011216337221842097 0.0011022677302409975 9.560081463314147e-5 0.0047523126446088184 0.004929328122006544 2.9977651528793225e-12 9507.350780127983 7.387781108739885e8
6650 337980.63361234847 51.00857616235223 3.472805695636365e-5 0.000812793645797157 0.0007714484180401399 0.00015020833711662044 0.00462581775353915 0.0043585439887017735 2.6858105803829212e-5 0.0011567144583523804 0.0010692109436947006 0.00014743194822057726 0.004725341471532454 0.005390335302140529 2.508501524567132e-12 9507.350780127983 7.387781108739897e8
6700 340528.90953301685 50.9382342486596 3.479234068498291e-5 0.0008253980058946038 0.0007679288788506633 0.00011170946338646643 0.004667206333153226 0.004736057391863976 2.69078217780585e-5 0.0011886438444825718 0.001045976767338645 0.00010965827209753766 0.004352449934091074 0.0055604356907610975 3.0804944570831965e-12 9507.350780127972 7.387781108739878e8
6750 343075.8152085223 50.95157883601345 3.496213558864486e-5 0.0008346443481758624 0.0007695451528196455 0.00011888066628685701 0.0038213385262555895 0.004797589569764933 2.7039138352816508e-5 0.0012069099909745018 0.0010373829379528112 0.00011668668054033802 0.003741961133822879 0.005269609535134734 2.8645746680074615e-12 9507.350780127994 7.387781108739903e8
6800 345600.0 26.091130748798605 3.507635487692548e-5 0.000841195975761626 0.0007777226139303373 0.00010675449108182514 0.003554745982068559 0.005565291654551003 2.7127473664328442e-5 0.0012100733455823471 0.0010452199269484921 0.00010478132903660935 0.003947201215964084 0.00539626804275164 3.2427635849919365e-12 9507.350780128014 7.387781108739866e8
6850 348147.7722372335 50.945209065751584 3.499564144790964e-5 0.0008430545241989683 0.0007833972573862381 0.00011206348169994218 0.003109756278757912 0.005748907598326483 2.70650512311058e-5 0.0012023057383172236 0.0010608473879921336 0.00011000063518999654 0.004506311787498798 0.005905145755900035 3.432585536034968e-12 9507.350780128016 7.387781108739853e8
6900 350695.89386073203 50.992347611036585 3.4892160291458096e-5 0.0008443774824375532 0.0007918952565234687 0.0001159487434391889 0.003511721396040457 0.004891516775256545 2.698502061343784e-5 0.0011863253618428196 0.0010870203178718586 0.00011380519080221945 0.005136399740628428 0.0052666483234737995 3.6932116568110915e-12 9507.350780128008 7.387781108739882e8
6950 353248.48570719565 51.122174394858746 3.4865540411025234e-5 0.0008457477388081721 0.000803385760228672 0.00011523977357781045 0.003692425547880793 0.003994309841627489 2.6964433237472506e-5 0.0011625944938108105 0.0011276323881909476 0.00011311117139072229 0.004493589884555038 0.004694395097924175 3.5590620304446304e-12 9507.350780128007 7.387781108739882e8
7000 355777.57321244664 51.25971250217947 3.503793183083623e-5 0.000844290021153126 0.0008178885103462541 9.52713807565596e-5 0.004626349265782196 0.003909017626330816 2.7097757914946096e-5 0.0011327879327586354 0.0011818881712115526 9.353212599564133e-5 0.004854400309233875 0.0051835203136670885 3.795029982656991e-12 9507.35078012801 7.387781108739864e8
7050 358335.3448265223 51.06858208080877 3.531889533422312e-5 0.0008432451752848706 0.0008348972281516268 0.00011645622599641127 0.004876353818520065 0.004786722132792945 2.731505044906231e-5 0.001103659289049516 0.001248165002193624 0.00011430397047120765 0.0049400946939617005 0.00660784193151937 3.8673504000222635e-12 9507.35078012799 7.387781108739837e8
7100 360885.6412064987 50.95938830594795 3.55780540567299e-5 0.0008462040056307824 0.000840512009641883 0.00013090447395578092 0.004936950748589595 0.004984769723010811 2.7515479525694397e-5 0.0010912629729686858 0.0012981479590457741 0.00012849051740500595 0.004712107714169042 0.006646360571024189 4.040340470784814e-12 9507.350780128014 7.387781108739859e8
7150 363389.3297848125 50.93386520698344 3.5944599554635756e-5 0.0008512007350760417 0.0008448646320950196 0.0001258992984589871 0.004605879356753182 0.005231843840828143 2.7798959761198508e-5 0.001088473389258964 0.001327833552938306 0.00012357605503308955 0.004499910438926335 0.006694061740052341 3.093252379079231e-12 9507.350780128001 7.38778110873989e8
7200 365937.12083087856 50.99006835594987 3.659577234693624e-5 0.0008560743123435121 0.0008458400320638332 0.0001213938918762087 0.004563536516455033 0.005330478010570022 2.8302566046289025e-5 0.0010890474179384372 0.0013351600127161215 0.00011915031699166703 0.00450873636147027 0.006458223358382805 3.762545525809946e-12 9507.350780128025 7.387781108739853e8
7250 368486.06855039834 50.9522793809856 3.697148910489794e-5 0.0008615521927207154 0.0008455788877565206 0.00012259820714589472 0.003736968725636994 0.006043562382784959 2.8593139182882307e-5 0.0010966310811554227 0.0013244809177205042 0.00012033721037591737 0.004457776684963757 0.006841774784965859 3.641383555929244e-12 9507.350780127992 7.38778110873988e8
7300 371033.5419004188 50.96038690958884 3.698991813337707e-5 0.0008667373021370177 0.0008459197755367906 0.00011827709816857733 0.0033723357767814267 0.005753607496155154 2.8607391889200716e-5 0.0011139073823752438 0.0012954100420578614 0.00011609908339145974 0.004766636351230508 0.0067343645503723125 4.157122169728102e-12 9507.350780128005 7.387781108739842e8
7350 373560.2823501128 51.04980207287381 3.691505318050336e-5 0.0008747166379049448 0.0008421610603197683 0.00012196198897585024 0.0034460354792683156 0.004288725945201616 2.8549492570855588e-5 0.0011391536523888994 0.001256085949914659 0.00011971303752726379 0.004659139038700396 0.005646113988845989 4.397305749826906e-12 9507.350780127985 7.387781108739861e8
7400 376116.82474959415 51.22217679689379 3.6747147139906e-5 0.000883972757242161 0.0008419953064219381 0.000107136949096341 0.003488277030774195 0.004088871460769889 2.8419636811603934e-5 0.0011736153185849046 0.001212448186160595 0.00010518321689872333 0.0049089879764473345 0.00515915373730594 2.984686559824715e-12 9507.350780127976 7.387781108739866e8
7450 378678.36428799445 51.148731207060266 3.698133638414042e-5 0.0008940887627095094 0.0008393652833104256 0.00011759557990757918 0.0035578986558636705 0.004720182220659047 2.860075490604929e-5 0.001214827313177041 0.0011628339060771866 0.00011542961426027881 0.004361165779527956 0.005648656947316936 3.2546159702076397e-12 9507.350780128 7.387781108739866e8
7500 381231.50542026013 51.000858729395134 3.750204849850324e-5 0.0009056341086033631 0.0008354167949937112 0.0001273209862386879 0.004254224400029575 0.004836261984648987 2.9003465057049958e-5 0.0012541525702375333 0.0011265864085025234 0.00012496668561413476 0.0039791386412733306 0.005619987347586219 3.12209171535598e-12 9507.350780127996 7.387781108739856e8
7550 383779.5467585789 50.936148794640474 3.7654627138775057e-5 0.0009148734027472799 0.0008354004990536914 0.00012254935553651026 0.004443840448274106 0.004917182038218921 2.9121466857983046e-5 0.0012832476480637508 0.0011095065479833942 0.00012030067920227871 0.004027184492834806 0.00575417619526868 3.1821289953373163e-12 9507.350780128008 7.387781108739876e8
7600 386326.4832648229 50.95485406397043 3.7874300898541235e-5 0.0009223258702437425 0.0008387311286356678 0.00012110550629774132 0.004085128871515559 0.005113161155925327 2.9291358916427474e-5 0.001297812353731124 0.0011061691851042411 0.00011886896159605551 0.003931829763361085 0.005575956774917693 2.556883608103112e-12 9507.350780128008 7.387781108739837e8
7650 388850.979084759 50.97908475902717 3.8115727032544536e-5 0.0009278546385410861 0.0008464853298346145 0.00011992920138530204 0.0035405198350922013 0.00642216281397617 2.9478073901921988e-5 0.0012995687871422232 0.0011134843280286033 0.0001177127749447505 0.004229773330492281 0.006252807509453798 2.799023760272737e-12 9507.35078012802 7.387781108739893e8
7700 391398.8348765336 50.94915087520165 3.7969104606860726e-5 0.0009304581561920327 0.0008514354896619357 0.00011551715782979497 0.0035788540960167694 0.006429675549329581 2.9364678538998706e-5 0.0012903268952068048 0.0011303913640528492 0.00011339339397446562 0.004490222755698818 0.0066281821357284856 3.1397353241668214e-12 9507.350780128034 7.387781108739858e8
7750 393947.28645405313 51.00153926464989 3.793220056440279e-5 0.0009276483953544761 0.0008647330527502119 0.00012496403531350318 0.004089017644119913 0.005416025116413691 2.9336137561940387e-5 0.001270797740427679 0.0011598254364849337 0.00012265313568818483 0.004403993065213749 0.005852175025391495 3.761902269238717e-12 9507.350780127965 7.387781108739829e8
7800 396500.49088920234 51.13728305829455 3.7742209250030354e-5 0.0009287272325933711 0.0008797092242873577 0.00011372251653898592 0.004570279415079891 0.004461134162075081 2.9189201416632025e-5 0.001246318045422465 0.001201369480294496 0.00011162357134314834 0.005018324147880467 0.005643428622721481 2.9252092576620817e-12 9507.350780127985 7.387781108739887e8
7850 399029.0268429894 51.24787746657635 3.773806441834752e-5 0.0009263043418112314 0.0008969246189810689 0.00011255724087052594 0.004522912572519617 0.004082279445997113 2.9185995872250315e-5 0.0012158050957223044 0.0012588857864026868 0.00011050380381374428 0.005032993181931316 0.005432805345194409 2.903016905954695e-12 9507.350780128003 7.38778110873985e8
7900 401586.32584392413 51.06155516406119 3.784821051912819e-5 0.0009247206006781094 0.0009160408074679226 0.000114185655701176 0.0050795199717780775 0.003998252902094114 2.927118104781005e-5 0.001185454470822997 0.0013302686816779794 0.00011207633017080402 0.00506400964174134 0.005507949018487097 2.3552073573902962e-12 9507.350780128016 7.387781108739895e8
7950 404136.4170598693 50.95788145428301 3.818848380142496e-5 0.0009285718551479986 0.0009256066196030818 0.00012746271162801913 0.005399074635913504 0.0045694815361491965 2.953434278558276e-5 0.0011663481513793125 0.0013907770485531692 0.0001251127619152599 0.0051528825784169984 0.006080716594518218 2.3277311124192457e-12 9507.350780127996 7.387781108739864e8
8000 406640.2904212255 50.93682944967059 3.866195545795179e-5 0.0009347773420105999 0.0009288799108566826 0.00013108401735339618 0.005380851057526003 0.0050816047339387205 2.9900517946549055e-5 0.001160652985243339 0.0014235015766544048 0.00012866504694681596 0.004925868234336445 0.006472078908232253 2.875724448575424e-12 9507.350780128005 7.387781108739882e8
8050 409188.34493625356 50.99796676958317 3.928476492695212e-5 0.0009407857552624086 0.0009301173974898745 0.00013363540337992026 0.004737927357240028 0.0053982894597228515 3.03821885057465e-5 0.001164842906960007 0.0014254361222812255 0.00013116505763258364 0.005058661756005991 0.006437383476107013 2.7285718500905563e-12 9507.350780127996 7.387781108739839e8
8100 411737.3167669473 50.95367484235539 3.9635249761232274e-5 0.0009470716898448569 0.0009282091786646569 0.00012451391265721435 0.003938523985426637 0.006189780204171354 3.0653247689206296e-5 0.0011811207455061973 0.0014022641684149422 0.00012221667833269573 0.00521042191338937 0.007021202485390256 2.2511070022798002e-12 9507.350780128001 7.387781108739891e8
8150 414285.0055989452 50.96690953831342 3.9665640101917875e-5 0.0009540265492180488 0.0009234188411022964 0.00011933331754283171 0.004431728910535936 0.005642500989921232 3.0676751076874254e-5 0.0012008382638607686 0.0013704719888930053 0.00011713421927549336 0.005113783332392111 0.006622822269619936 2.7004982954462224e-12 9507.350780128005 7.387781108739876e8
8200 416811.6625349251 51.06167221617743 3.9549759399647614e-5 0.000965340156881884 0.0009166273619931745 0.00012059209564655512 0.0047912262983666075 0.005083971805273734 3.0587130855217026e-5 0.0012310446689090114 0.0013300213573391715 0.00011836614788197794 0.005190991752483905 0.006406552957337126 1.9431402609877812e-12 9507.350780127985 7.387781108739883e8
8250 419368.9412742903 51.23936577328925 3.950219042692722e-5 0.0009748306084564356 0.0009153084455426913 0.00011670002487344105 0.005144767909633884 0.004796528975541394 3.0550341797197727e-5 0.0012636334233526098 0.0012880660572784765 0.00011457337201012276 0.005758285824942789 0.005945569406098155 2.4947356424974317e-12 9507.350780128016 7.387781108739884e8
8300 421930.2575073709 51.13766479874569 3.9873681556091914e-5 0.0009855054860279863 0.0009127486413759499 0.0001173394662576062 0.005066068444147547 0.0048983278245959645 3.083764690225448e-5 0.0013047921133964339 0.001238573487832027 0.00011517557027185744 0.005574405593848884 0.005908287901135905 2.8877989104645275e-12 9507.350780127987 7.387781108739868e8
8350 424482.40767758 50.9948541621643 4.055443371931501e-5 0.0009983756519925278 0.0009073301021121291 0.0001482488492331382 0.004794157841120796 0.004822004253155439 3.136412938438691e-5 0.0013496377317546628 0.0011932621490284173 0.00014550716597852976 0.004872431316918538 0.0056917100428685264 3.6127854408667053e-12 9507.350780128001 7.387781108739853e8
8400 427030.30041673855 50.93661839005417 4.1114825896106814e-5 0.0010056110731409508 0.0009066690117281964 0.00013340370203770237 0.0051632625363638865 0.005187003878750997 3.17975274404524e-5 0.0013812557787590957 0.0011694802160369976 0.00013095413534748633 0.004676526216844971 0.006036151325275744 2.636746974547673e-12 9507.350780128012 7.387781108739845e8
8450 429577.397777601 50.96055080060347 4.173967601123313e-5 0.0010086980190170875 0.0009107852333990146 0.00014309577245527415 0.003988755919481646 0.005663343466172751 3.228077620166614e-5 0.0013943439257510539 0.0011643471338602617 0.0001404518623189919 0.004573596689023381 0.006141419244741886 1.7688943083480707e-12 9507.35078012798 7.387781108739903e8
8498 432000.0 26.16319729195675 4.211132182952962e-5 0.0010091843725622486 0.0009203770745877153 0.00013895325394683422 0.0036139392637226523 0.0054042624683909414 3.256820094074599e-5 0.0013936168318295964 0.0011768352034671515 0.00013638549241319829 0.004983332538651578 0.00580109524215257 3.3034288059118533e-12 9507.350780127988 7.387781108739865e8
