N   M   resolution_km            l2_height_error          linf_height_error        l2_height_norm           linf_height_norm         l2_order linf_order
2   4   1.25098612165027248e+03  2.15003061735944954e+01  1.63451311753021400e+02  1.01973775142386385e+04  1.36320722154290870e+04  missing  missing
3   4   8.33990747766848358e+02  4.00433707213865375e+00  2.49483215236805336e+01  1.01981652548979109e+04  1.36323308799803981e+04  missing  missing
4   4   6.25493060825136240e+02  4.29457452989393973e-01  1.89425747342102113e+00  1.01981470620729997e+04  1.36323362383779295e+04  missing  missing
5   4   5.00394448660108992e+02  5.40562812449953273e-02  3.09430060544400476e-01  1.01981473936426828e+04  1.36323494599037749e+04  missing  missing
6   4   4.16995373883424179e+02  5.59022964454737592e-03  2.77515364432474598e-02  1.01981473883751933e+04  1.36323380117785673e+04  missing  missing
7   4   3.57424606185792129e+02  6.06606406500477470e-04  4.81010972180229146e-03  1.01981473884517509e+04  1.36323479432456134e+04  missing  missing
8   4   3.12746530412568120e+02  6.01366468036040522e-05  3.41993993060896173e-04  1.01981473884506213e+04  1.36323494373008598e+04  missing  missing
9   4   2.77996915922282767e+02  5.40534305388730253e-06  4.25974540121387690e-05  1.01981473884507377e+04  1.36323487412471877e+04  missing  missing
10  4   2.50197224330054496e+02  5.50682479356514630e-07  4.20009928348008543e-06  1.01981473884507050e+04  1.36323494137811176e+04  missing  missing
