#timestep time dt l2_h l2_h_vcon1 l2_h_vcon2 linf_h linf_h_vcon1 linf_h_vcon2 dsdu_ut mass entropy 
0 0.0 100.0 0.0 0.0 0.0 0.0 0.0 0.0 4.054805931885906e-12 9507.350780128698 7.387780849070634e8
50 829.5204060885189 16.57925661895088 7.191050773327007e-5 1.4257857776716144e-7 3.0889519193819433e-7 0.00029611213903990574 1.9174852967651645e-6 1.8097966032470936e-6 7.30602881628128e-12 9507.350780128541 7.387780849070884e8
100 1657.941678141629 16.558396691233956 0.00013511035466440676 2.925867074001081e-7 6.118684212484903e-7 0.0005561116522585507 5.7445554534907295e-6 5.240876499001956e-6 2.6930866226431935e-12 9507.350780128638 7.387780849071155e8
150 2485.3667624727605 16.53909314707341 0.0001916932929466979 4.441533739454939e-7 8.842207204958783e-7 0.0007991851289261831 1.0979614321060538e-5 9.998871806526921e-6 2.192950066395889e-12 9507.350780128974 7.387780849071625e8
200 3311.8676838015103 16.52168950142375 0.00024432908569590686 5.937994042759062e-7 1.1007451939756094e-6 0.001118648757255869 1.6799128818800746e-5 1.572279437256352e-5 3.1604769187921086e-12 9507.350780128792 7.387780849071584e8
250 4137.559721053839 16.506697523461995 0.0002934987881710169 7.395502696756645e-7 1.2510921353650967e-6 0.0014151654359011445 2.2692595505913182e-5 2.2108747454674393e-5 3.896977970504708e-12 9507.350780128301 7.387780849071188e8
300 4962.564621204661 16.49416176064107 0.00033765743931974383 8.789511957555052e-7 1.3430101205006576e-6 0.001610706598512479 2.8724617753050907e-5 2.8811037151799113e-5 -5.407433976851604e-12 9507.350780129056 7.387780849071006e8
350 5786.99004917732 16.483199972787332 0.00037533359923127717 1.0083193293428932e-6 1.3926472297891272e-6 0.0017280432293773629 3.493851369862355e-5 3.570808224728772e-5 5.4543258995632736e-12 9507.350780128803 7.387780849070987e8
400 6610.913080604393 16.474318587116592 0.0004062060330152652 1.123263099140654e-6 1.4156534137433071e-6 0.001771916857251199 4.077102602284555e-5 4.2685822559285214e-5 2.588844592659866e-13 9507.350780128529 7.387780849071224e8
450 7434.456494705277 16.46796861669425 0.0004299108505815677 1.2216409375532123e-6 1.4285360844344675e-6 0.001718402289043297 4.537008079119609e-5 4.9360249400942635e-5 -1.963716673436271e-12 9507.350780128336 7.387780849071579e8
500 8257.747410878677 16.46417046926247 0.0004459305101865049 1.3056032823974074e-6 1.4448099720400707e-6 0.0017961900739464909 4.895557534756456e-5 5.507613714672566e-5 -1.1889727243739332e-12 9507.350780128883 7.387780849071432e8
550 9080.887925906345 16.46175695727675 0.000453979265925555 1.3799934067262182e-6 1.4711559975083728e-6 0.0018521262109061354 5.204153188254068e-5 6.005576912104793e-5 2.6473835759759625e-12 9507.350780128932 7.387780849071201e8
600 9903.963948133369 16.46171270640003 0.000454302304001657 1.4488227627973102e-6 1.5078376689400599e-6 0.0018648802406460163 5.518573060947496e-5 6.511354115557033e-5 -2.6520646557475508e-12 9507.350780128489 7.387780849070972e8
650 10727.103257050445 16.464236940776786 0.00044769194846668156 1.513985654078852e-6 1.5533091801674403e-6 0.0018587406011647545 5.904071286466639e-5 7.091593095309712e-5 -4.356146643186894e-13 9507.350780128665 7.38778084907126e8
700 11550.258842969695 16.461920933931058 0.00043553885848083104 1.5750793338727333e-6 1.605744981642661e-6 0.0018811121267390263 6.329326682585901e-5 7.712219440270118e-5 -7.80317164480799e-12 9507.350780128787 7.387780849071465e8
750 12373.335764224452 16.46159047515312 0.0004194304102639649 1.6312099462443167e-6 1.6637457153645098e-6 0.0018633975196280517 6.757276427693526e-5 8.360070285706733e-5 3.3521135426870093e-12 9507.350780128516 7.387780849071689e8
800 13196.461632161969 16.463826603588334 0.0004012037741979338 1.6809862042091371e-6 1.7260423080291316e-6 0.0019663339498947607 7.185460013170442e-5 9.014397178619404e-5 -1.7628997631450881e-12 9507.350780128767 7.387780849071594e8
850 14019.729813040032 16.46725504079045 0.0003832754967848971 1.7231560317601707e-6 1.7911357234955788e-6 0.002059408243439975 7.626309640951234e-5 9.657438999344237e-5 -1.643008506098561e-14 9507.350780128434 7.387780849071364e8
900 14843.234419951676 16.473233777612435 0.0003684996647685141 1.7579188011681016e-6 1.8574841533991304e-6 0.002138512800229364 8.189899528621147e-5 0.00010280146381314026 5.4042461713387305e-12 9507.350780128527 7.387780849071335e8
950 15667.10269491536 16.481747262743948 0.00035971094414162595 1.785748470785689e-6 1.923773828764101e-6 0.0022046109770599287 8.828743345867807e-5 0.0001087597704101384 -3.455379201039639e-13 9507.350780128429 7.387780849071743e8
1000 16491.459634868497 16.492540078999596 0.00035888833369636375 1.8072361699372128e-6 1.988731765042567e-6 0.002247473137686029 9.582284213949244e-5 0.00011439004514079976 1.1712477503684118e-12 9507.350780128503 7.387780849071237e8
1050 17316.38673481762 16.5047138845089 0.00036650190521424534 1.8234817999503e-6 2.050429164888505e-6 0.002314273262527422 0.0001045926364178218 0.00012071666878554765 -3.2693437914555503e-12 9507.350780128505 7.387780849071099e8
1100 18141.98547374544 16.519349718755578 0.00038107305315258314 1.8367424065549682e-6 2.1071608373075954e-6 0.0024219755723606795 0.00011272710589760315 0.00012881403744291475 6.646353135577949e-13 9507.350780128452 7.387780849071244e8
1150 18968.377873515332 16.536404133017683 0.000400256671528514 1.8490730683371627e-6 2.1585156490772935e-6 0.0024139093638950726 0.00011676457642995075 0.00013687753660995838 1.8698464382681577e-12 9507.3507801288 7.387780849071484e8
1200 19795.68186670182 16.55554576834974 0.0004219265887663271 1.8615197764938687e-6 2.2056679866769737e-6 0.002352383733523311 0.00011336822205887387 0.0001451696227232624 -8.672963218357811e-13 9507.350780128896 7.387780849071132e8
1250 20623.97278396794 16.576067185118855 0.0004450075446728053 1.8738738587126681e-6 2.249920091014079e-6 0.0025619731591177697 0.00010899367503158786 0.00015328425120575417 2.2674979548538464e-12 9507.35078012845 7.387780849071319e8
1300 21453.348421529114 16.598878131171 0.00046931953075491305 1.8859024108730543e-6 2.291919232437096e-6 0.002910131915314196 0.00011321886351201016 0.00016102129729977932 -3.055051756126876e-12 9507.350780128736 7.387780849071193e8
1350 22282.975738573063 16.581603167644126 0.0004944450060887397 1.8998371009501553e-6 2.332741022084434e-6 0.0030805040989889676 0.00011737786437904241 0.00016855892428679908 2.249149347399894e-12 9507.35078012884 7.387780849070876e8
1400 23111.508116003937 16.56049816449834 0.000519486183888326 1.920621628318858e-6 2.3721343558563007e-6 0.0030771647734582075 0.00012147367291359679 0.00017595138748482952 8.367685551693483e-13 9507.35078012868 7.387780849071183e8
1450 23939.035770922863 16.541077298657505 0.00054335313218464 1.954055817681238e-6 2.4091960973757623e-6 0.0031342149013653398 0.00012550151065138238 0.00018324542687198075 -1.0414485946846377e-12 9507.350780128307 7.387780849071633e8
1500 24765.62946991744 16.523420617368508 0.0005644586168439404 2.0036022411733e-6 2.4442879115771127e-6 0.0034969687308148423 0.0001293262785029281 0.00019046863126126468 -3.1920879075630395e-12 9507.350780128409 7.387780849071224e8
1550 25591.401502278353 16.508170599006853 0.0005810825935765184 2.0683402104361433e-6 2.4798272758755414e-6 0.003699468136574069 0.00013290250375797008 0.0001975797103095367 2.6456316110964676e-12 9507.350780128903 7.387780849071964e8
1600 26416.473382763215 16.495372480914313 0.0005919276359481059 2.144329799625895e-6 2.518156976138595e-6 0.0038283808546566434 0.00013620691921911732 0.00020446655679107195 -1.6762886596057954e-12 9507.350780128927 7.38778084907167e8
1650 27240.95714744308 16.484288262002647 0.0005966854720726027 2.2258091616743916e-6 2.558548403806663e-6 0.003845179001928045 0.00013930950063911762 0.00021054805756981487 3.2329764609331646e-12 9507.350780128174 7.387780849071573e8
1700 28064.927799034445 16.475139948466076 0.0005961174198801429 2.305162862735175e-6 2.598168259003203e-6 0.0038301662691537786 0.00014198696223644003 0.00021512535152812262 2.5952886454224713e-12 9507.35078012847 7.387780849071493e8
1750 28888.505418109737 16.46852048056142 0.0005918769247701643 2.375729477103876e-6 2.634322377007503e-6 0.0038613103836269147 0.00014393878394730608 0.0002181359627926316 -4.691224524103384e-12 9507.35078012856 7.387780849071401e8
1800 29711.817014770284 16.46445100766296 0.0005854580877614481 2.434435261112449e-6 2.665044857600442e-6 0.0038415472292854247 0.00014473580905546846 0.00021990501686119934 -2.5924561506396657e-12 9507.350780128769 7.38778084907163e8
1850 30534.970556218304 16.461911451795924 0.000577916014038746 2.480877522377135e-6 2.690290164702955e-6 0.0036452891681619803 0.00014431328451824932 0.0002206509625167774 2.017777838170442e-12 9507.350780128563 7.387780849071325e8
1900 31358.047361524106 16.461594930165997 0.0005699213207762525 2.5160772877873106e-6 2.710726236485985e-6 0.0035588369155448163 0.00014314325672881711 0.00022493754268682054 5.859211241086619e-13 9507.350780128798 7.387780849071577e8
1950 32181.173837787126 16.463846920414323 0.0005621598945894895 2.5421822489734018e-6 2.7275699350925636e-6 0.003711659430337022 0.00014130272525464393 0.00023233641058395538 -3.488312056854507e-12 9507.350780128725 7.387780849071124e8
2000 33004.34049462957 16.4621070872252 0.0005555883273007734 2.562205946456542e-6 2.742368846242497e-6 0.003897140211847727 0.00013823248014666056 0.0002390114790133957 2.200382351431091e-12 9507.350780128572 7.387780849071206e8
2050 33827.41977734166 16.461504250145985 0.0005510651969559029 2.578317921686973e-6 2.755681148780555e-6 0.0040857290841813665 0.0001341186007202122 0.00024297417733298854 -1.4743992062748247e-12 9507.35078012871 7.38778084907119e8
2100 34650.53439749719 16.463468496881486 0.0005489928577736714 2.5925153818792663e-6 2.7670399989519773e-6 0.004298127976653632 0.00012826180251734876 0.00024221565844606552 -2.4402063702924542e-12 9507.350780128367 7.387780849071589e8
2150 35473.78469457488 16.466771044348384 0.0005498271378811198 2.6066498325794172e-6 2.7750855828146415e-6 0.0045055415303068 0.0001244715186808909 0.00023461250424583469 -7.227683129348035e-13 9507.350780128665 7.387780849071093e8
2200 36297.25820575247 16.472479673176014 0.0005541055741035185 2.6219806124523647e-6 2.7791964772366655e-6 0.004623871671356028 0.00012332942333292962 0.00021882533678541094 -2.0839424215236825e-12 9507.350780128781 7.387780849071305e8
2250 37121.08193654482 16.48072541206822 0.0005626231917399097 2.63778154612352e-6 2.7809492196682305e-6 0.004707611889898544 0.00012202838950603478 0.00022816381923185247 9.347028175968552e-13 9507.350780128425 7.387780849071093e8
2300 37945.381932574855 16.491395419158017 0.0005761687917461748 2.654533940405922e-6 2.783144121240831e-6 0.004745508615087601 0.00012283691967551746 0.00023630759606318996 -1.8481769707359716e-13 9507.350780128569 7.387780849071441e8
2350 38770.24506715424 16.503305854298038 0.0005948973264614883 2.67413532855484e-6 2.787222231922119e-6 0.004689896983109065 0.00012553882786381365 0.0002440063891882005 1.1174775527559259e-12 9507.350780128758 7.387780849071537e8
2400 39595.76677851182 16.51768259120318 0.0006176662444490165 2.6984991547204576e-6 2.7932227811673654e-6 0.004606389415130252 0.00012870549379950802 0.00025445138567370407 -5.06633902628086e-12 9507.350780128229 7.387780849071263e8
2450 40422.069317961774 16.534482821045675 0.0006424953125617011 2.7282412613518863e-6 2.8013736104227048e-6 0.004507808833295712 0.00013133779993945716 0.00026246274699115446 -4.923789725426065e-12 9507.350780128583 7.387780849071491e8
2500 41249.27209412164 16.553506846971462 0.0006676539680841466 2.762484255069878e-6 2.810724460017461e-6 0.0043491987617017 0.00013179416267017352 0.00026641787286241225 -1.8818633474890663e-12 9507.350780128298 7.387780849071085e8
2550 42077.45475483898 16.57378182651012 0.0006922997514547876 2.7987084967475776e-6 2.8193532273087324e-6 0.004126192778130644 0.00013131211066541582 0.00026889573683241963 -4.204802818452652e-12 9507.35078012836 7.387780849071505e8
2600 42906.709982210035 16.59635306095407 0.0007162808672612016 2.8350362879495946e-6 2.826254621183334e-6 0.003914884975529276 0.0001319669793919953 0.00027238428021414407 5.229340919731053e-12 9507.350780128769 7.387780849071114e8
2650 43730.92000947812 16.58412582868051 0.0007391221349844346 2.872752027745465e-6 2.8296428814038196e-6 0.003716333452757681 0.00013254776051163653 0.00027570565574830397 6.089470721658866e-12 9507.350780128912 7.387780849071201e8
2700 44559.57193387003 16.562761385977108 0.000759886087625837 2.914255446122315e-6 2.8295062730311776e-6 0.004138592444405731 0.0001307438261903826 0.00027609499038261376 -3.8200516120375587e-13 9507.350780128578 7.387780849071141e8
2750 45387.20932577207 16.543216077390735 0.0007767133847316037 2.961215408094339e-6 2.8273305531231054e-6 0.004525963669721023 0.00012790338021373415 0.00027445737374209855 -4.753247993503226e-12 9507.350780128378 7.387780849071271e8
2800 46213.90315044238 16.52529125100803 0.0007881604089996894 3.016145031994314e-6 2.8233449837552382e-6 0.00480274999017638 0.0001286000031315293 0.00027385587662953625 5.695286760202788e-12 9507.350780128256 7.387780849070817e8
2850 47039.761757378175 16.509767568046865 0.0007934314532366673 3.080884910127643e-6 2.8173712464396618e-6 0.004942138849855837 0.00013078622930429162 0.00027484583440440247 7.8196859658528e-12 9507.350780128269 7.38778084907125e8
2900 47864.90640417261 16.496690996234687 0.0007919814653461749 3.156544330367675e-6 2.8085889882149875e-6 0.00492932244333133 0.00013272130061259269 0.000276445005614967 -2.6913995098989727e-13 9507.350780128676 7.38778084907136e8
2950 48689.45292676017 16.485476532107864 0.0007838367020793324 3.2424623663902915e-6 2.797999367175119e-6 0.004595268340608527 0.00013910207613232473 0.00027778948764711764 2.589045849655311e-12 9507.350780128667 7.387780849071337e8
3000 49513.475778253225 16.47604482179545 0.0007701226053170934 3.3363702198851134e-6 2.787780393791003e-6 0.00388841942617546 0.00013840851208435367 0.00027807577897931424 -2.2482895181672721e-13 9507.350780128398 7.387780849070953e8
3050 50337.091353645556 16.4691391763926 0.0007524604171177786 3.433345525096199e-6 2.7808737028611738e-6 0.003694338752211479 0.00014241884677534955 0.0002768202087573002 1.1019206263147755e-11 9507.35078012855 7.387780849071639e8
3100 51160.426542113084 16.464781475098558 0.000732354282378757 3.529116314209779e-6 2.7770899724857494e-6 0.0038773692212998867 0.00015387035572622665 0.0002739147812482745 1.5335321190862494e-12 9507.350780128641 7.387780849071298e8
3150 51983.59469726891 16.462107858738378 0.0007114468670705365 3.620354249215857e-6 2.775921698110508e-6 0.003825560032055364 0.00014781512384676176 0.00027121043489041624 -9.656346537481982e-13 9507.35078012855 7.38778084907149e8
3200 52806.67394445611 16.461501915971635 0.0006918302188846517 3.7050036056470277e-6 2.7774146621166516e-6 0.003965187825542671 0.00014134849795688353 0.0002761156041780344 -1.69223505781875e-11 9507.35078012893 7.387780849071033e8
3250 53629.78838772618 16.463464471784246 0.0006755460187674012 3.782285158389823e-6 2.780354047068547e-6 0.004209873981380952 0.0001490162349320201 0.0002813277996905894 -7.159522817254436e-12 9507.35078012867 7.387780849071789e8
3300 54452.96345343051 16.462337287621754 0.0006637961153003853 3.850201589483499e-6 2.7869538081684354e-6 0.0044588196269614855 0.00013911647958098072 0.0002858028218857278 -2.017940716342291e-12 9507.350780128629 7.387780849071338e8
3350 55276.04686714668 16.46144509157472 0.0006569727474186393 3.908123944867774e-6 2.801181991893383e-6 0.004831501453736564 0.00014132412874401368 0.00028789794850281325 -3.756315842855718e-12 9507.350780128623 7.387780849071043e8
3400 56099.151158777444 16.46312044240528 0.0006547961368014478 3.956363055682472e-6 2.823470230092278e-6 0.004808776040590601 0.00014334662514237095 0.00028486555607232233 4.153040763619333e-12 9507.35078012881 7.387780849071673e8
3450 56922.38323623125 16.46628927673571 0.0006567062847251541 3.995073983648884e-6 2.8528705166121423e-6 0.005055525618445245 0.00015297678686865268 0.0002744114744472892 -2.3995658583917458e-12 9507.350780128667 7.387780849071068e8
3500 57745.82532944781 16.47171080722162 0.0006617693361138886 4.026882117329253e-6 2.8912412276705863e-6 0.005065414958153269 0.00016531428133959025 0.00025638467205268967 2.468137538826807e-12 9507.350780128772 7.387780849071327e8
3550 58569.603345733856 16.479671863709743 0.0006684557448988416 4.051659121103213e-6 2.942091279272861e-6 0.005137051370184054 0.00018580449850258418 0.00026606154522079706 -4.8465477213263436e-12 9507.35078012861 7.387780849071319e8
3600 59393.84366060539 16.490147768246498 0.000675150231662669 4.069457848202198e-6 3.0057387358198177e-6 0.005181819396966603 0.00019309154317781463 0.00027681843604865364 2.7155544175675384e-12 9507.350780128127 7.387780849071302e8
3650 60218.640384044 16.501841568636006 0.0006802616132485879 4.083128980388023e-6 3.082498013037055e-6 0.005214077273194562 0.0001979690671971568 0.00028617141173237215 -6.405025656963378e-12 9507.350780128447 7.387780849071033e8
3700 61044.08182564192 16.51594240035866 0.0006831005568910651 4.097028173952492e-6 3.165417619762103e-6 0.005221350957071991 0.0002097635585540658 0.00029755559941069265 -5.590148047743915e-12 9507.35078012842 7.387780849071027e8
3750 61870.29042973645 16.532471944016162 0.0006839052872521158 4.1152680583332424e-6 3.2476993002565454e-6 0.0052788560151384445 0.00020687595424284666 0.00031279769250636136 1.3456219802485117e-12 9507.350780128392 7.387780849071492e8
3800 62697.38640598632 16.55137089395512 0.0006833316794764292 4.139783784420164e-6 3.3249134372384525e-6 0.005176836872124113 0.00020146156874378818 0.0003287886893477143 1.2602162649209409e-12 9507.350780128541 7.387780849071367e8
3850 63525.4555445765 16.5713832690252 0.0006824196778227644 4.169769461740173e-6 3.391221772670056e-6 0.005345938221580582 0.00020751802116425466 0.0003424473691056029 -3.0081193905707004e-12 9507.350780128323 7.387780849071335e8
3900 64354.58429738067 16.59369898468001 0.0006823011805511945 4.203516355658651e-6 3.4466721023335952e-6 0.005525110545931966 0.00020331580441190766 0.00035230389905827053 1.1634018385340837e-13 9507.350780128694 7.387780849071394e8
3950 65184.35041736133 16.58652512637856 0.0006831699526736628 4.240789260813743e-6 3.4933648989020065e-6 0.005043834176831297 0.0002037427378631662 0.00036121775076880525 2.985051653568375e-12 9507.350780128907 7.387780849071246e8
4000 66013.11613014193 16.564917375572456 0.0006843808105389689 4.281389875821277e-6 3.5349677218140424e-6 0.005275997395074228 0.00021151107986128181 0.0003701187305140685 -5.738528177757477e-12 9507.350780128725 7.387780849070902e8
4050 66840.85740014428 16.545255546027242 0.000685381691127586 4.324542870558147e-6 3.577726518253241e-6 0.004876859735304606 0.00020829102122110754 0.0003773135576166098 3.1913308605890904e-12 9507.350780128394 7.38778084907144e8
4100 67667.64680929642 16.527079250385906 0.0006858781382673558 4.3679317263537636e-6 3.622956902790973e-6 0.004711044201030745 0.00021303022446739206 0.0003821031689965615 -4.746747942955919e-13 9507.350780128358 7.387780849071329e8
4150 68493.5882890944 16.511298791108487 0.0006857111502023673 4.41249230978495e-6 3.66843090389238e-6 0.0049986458598141326 0.00021636560118953874 0.0003841933212473947 -7.07404459197488e-13 9507.350780128587 7.387780849071538e8
4200 69318.80284949388 16.497960821481694 0.000684740028808607 4.458355191585331e-6 3.713832521847474e-6 0.0044820984276157105 0.00021762816888148961 0.0003841519339602417 -2.428592812636139e-12 9507.350780128536 7.387780849071664e8
4250 70143.40911606817 16.48662411307983 0.0006832336623117029 4.505478479284914e-6 3.7572796347245567e-6 0.004414694874867564 0.0002180268787127515 0.00038313245949095354 7.698234428651333e-13 9507.350780128545 7.387780849071164e8
4300 70967.48256725633 16.47692602845914 0.0006818023090396829 4.555806829449159e-6 3.7972613436350465e-6 0.004389659352455055 0.00022100853474160687 0.0003823723768787701 -1.082090841559445e-12 9507.350780128501 7.38778084907159e8
4350 71791.13535046043 16.469751273605095 0.0006806780769842703 4.610297971071709e-6 3.831045611581796e-6 0.004153482323090429 0.00022537310906955987 0.00038211701335155723 6.604692399080532e-12 9507.3507801284 7.38778084907125e8
4400 72614.49423742786 16.465122465019306 0.0006793513194786893 4.6693632788978495e-6 3.855832789926363e-6 0.00429471878487675 0.0002310720475387218 0.00038205834325100163 -6.1382007596880325e-12 9507.350780128818 7.387780849071498e8
4450 73437.67684446288 16.462322755312545 0.0006770771374573897 4.734865248035017e-6 3.871172373477239e-6 0.004205945510193487 0.00023635820100192462 0.00037938749507815395 5.090146460516148e-12 9507.350780128647 7.387780849071593e8
4500 74260.75989535502 16.461444537439085 0.000673538002208443 4.8059461124303186e-6 3.87928343536688e-6 0.004369077581941383 0.00023999638193875072 0.0003767279081566266 -3.854050927265363e-12 9507.350780128514 7.387780849071494e8
4550 75083.86452345607 16.463134731984177 0.0006691935958211519 4.87885280026664e-6 3.883433729178809e-6 0.0048091255011968315 0.00024104598914759245 0.00038654900888951405 2.7974362471948166e-12 9507.350780128545 7.38778084907122e8
4600 75907.04434778563 16.462582692174053 0.0006656175453324642 4.949568046508899e-6 3.886755396705399e-6 0.005196438778511947 0.0002375722543871417 0.00039631295569986236 -1.5749041394413081e-12 9507.350780128698 7.387780849071443e8
4650 76730.13308315667 16.461417989554914 0.0006647746340617922 5.016866118773684e-6 3.8905315404199106e-6 0.005443608044515713 0.00022741676084259144 0.0004031442202961921 -6.196166094757748e-12 9507.350780128636 7.387780849071448e8
4700 77553.2290751405 16.462821128938604 0.0006683062524017795 5.0754397449917425e-6 3.897087736818633e-6 0.005579943204793381 0.00020918784019763326 0.0004026853008815001 -8.785782003057857e-13 9507.350780128469 7.387780849071541e8
4750 78376.44460947328 16.465863828197495 0.0006772346543548747 5.120968576103324e-6 3.908310445910986e-6 0.005672801195032662 0.0001925943473132241 0.0003890259371934768 6.635698599811345e-13 9507.350780128747 7.387780849071271e8
4800 79199.85852434202 16.471014850330302 0.0006913343216888396 5.154849133089224e-6 3.923382981069264e-6 0.005720812438084977 0.00019524593843023297 0.00036038031117979763 4.578916120921812e-13 9507.350780128621 7.387780849071428e8
4850 80023.594892274 16.47870768063041 0.0007090341563420316 5.17530938551851e-6 3.942857146675915e-6 0.005713245927836397 0.0002064267450272439 0.0003190473712280095 -5.335321274107858e-12 9507.350780128187 7.387780849071271e8
4900 80847.78021952738 16.48891830019804 0.0007280426301073024 5.181987118868252e-6 3.968146193807654e-6 0.0056639639515196905 0.00021550974606920903 0.00028320819731453284 4.32007246346049e-12 9507.350780128798 7.387780849071395e8
4950 81672.51518813154 16.500490193736788 0.0007455027470638527 5.181128471358297e-6 4.000432193756073e-6 0.005634504617773928 0.00022245536030673918 0.00029910874411065436 -3.6646428028168335e-12 9507.350780128885 7.387780849071238e8
5000 82497.88241128557 16.51433099232066 0.000759015849545643 5.179065072170226e-6 4.0359389855091016e-6 0.005620232233923161 0.0002308253509641922 0.0003097850045890027 -4.7017824397607e-12 9507.350780128641 7.387780849071716e8
5050 83324.00391445059 16.530605258762503 0.0007672995705925109 5.179711250130272e-6 4.0736577211211205e-6 0.0055427497754863 0.00024144864271358202 0.00031885077653059923 1.89075407269095e-12 9507.35078012872 7.387780849071043e8
5100 84151.00017144604 16.549264858731654 0.000769856712880621 5.186075090675977e-6 4.113494902593403e-6 0.005491016290761763 0.00025250458659509256 0.00033461195398043486 -7.839643672043226e-12 9507.35078012869 7.387780849071072e8
5150 84978.96348995906 16.569150683580737 0.0007669371537110262 5.198328018713801e-6 4.15176150350281e-6 0.005477661276017898 0.00025997539769107014 0.00035065323154093164 -2.4446525704670987e-12 9507.350780128736 7.387780849071318e8
5200 85807.974433554 16.591225182581805 0.0007593772416542735 5.216432066259105e-6 4.189228931058439e-6 0.0055718504372634925 0.00026519529260493613 0.00036028338357940726 2.2262387152935376e-12 9507.350780128607 7.387780849071195e8
5250 86632.28966428444 16.58910223990397 0.0007481031806250676 5.23972824795796e-6 4.224912759489815e-6 0.0052839047621091595 0.00027284605286315156 0.0003674686343395628 -2.2461769179820267e-12 9507.35078012836 7.387780849070884e8
5300 87461.17768383736 16.567236492387785 0.0007337374546329066 5.268708379127251e-6 4.25680667295739e-6 0.005538573775993427 0.0002822960414803344 0.0003763178341125162 9.237088251738431e-12 9507.35078012807 7.387780849071016e8
5350 88289.02997893948 16.547450850386788 0.0007170891022170483 5.302952539369454e-6 4.286648465014857e-6 0.004987955995602533 0.00029044425135871244 0.0003863753232913325 2.6945990414436863e-13 9507.350780128796 7.387780849071293e8
5400 89115.92237677902 16.529007819323812 0.0006989916283614266 5.339692535593862e-6 4.31354171400883e-6 0.0048264998531522 0.00029534315525281407 0.000395801107306859 -5.913800166993597e-12 9507.350780129036 7.387780849071519e8
5450 89941.95335998063 16.512954930523343 0.0006808539703016356 5.376254930952157e-6 4.338753410254451e-6 0.00504687517604907 0.0002960892784158453 0.0004012417768870513 -4.922187327279214e-12 9507.350780128636 7.387780849070928e8
5500 90767.24367595508 16.49933972623887 0.0006644686420086583 5.411958021474756e-6 4.360122294553007e-6 0.004361535975476727 0.0002948211296907033 0.00040280232295675233 -2.4825923857898072e-14 9507.350780128423 7.387780849071254e8
5550 91591.91408775223 16.48787342929048 0.0006512826617914636 5.44395120638993e-6 4.375598760094013e-6 0.004398067883812473 0.00029323611835785357 0.0004026084304247224 8.225500236439248e-12 9507.350780128761 7.387780849071344e8
5600 92416.04281891539 16.477893019166714 0.0006421710564077746 5.470747294363802e-6 4.388108084830419e-6 0.005018752735850285 0.00029102348486431673 0.0004004423920009881 1.6881601899625743e-12 9507.350780128727 7.387780849071232e8
5650 93239.7366881828 16.47043301408713 0.0006377882607519624 5.488741872182491e-6 4.404409221055016e-6 0.006156117682621698 0.0002881882938733371 0.0003969342964040834 -8.201906981765107e-13 9507.350780128687 7.38778084907118e8
5700 94063.12234091987 16.465516794696402 0.0006381813027045621 5.498031891693075e-6 4.425210693778489e-6 0.005551017478865106 0.0002854539271966994 0.00039371309715119374 -1.1828658548533995e-12 9507.350780128554 7.3877808490711e8
5750 94886.32107197505 16.4625834337677 0.0006424453858522883 5.5029308135752e-6 4.448478866529862e-6 0.006113646553785657 0.00028163127753833006 0.0003887945522819125 1.0369239018887018e-12 9507.350780128641 7.387780849071554e8
5800 95709.40979180156 16.461416288736707 0.0006488731105691977 5.5042243986725335e-6 4.480066001558798e-6 0.007266817332492792 0.0002763738455664466 0.00038159208879695594 2.568765557935919e-12 9507.350780128658 7.387780849071419e8
5850 96532.50563254744 16.462817295564626 0.0006552495879120274 5.502015213472316e-6 4.521894648206658e-6 0.007134825240427745 0.000269243800459007 0.00038071519277677046 -3.9486287476889406e-12 9507.350780128603 7.387780849071233e8
5900 97355.68713712829 16.462873440899457 0.0006600075738552771 5.495527132917807e-6 4.572824010498904e-6 0.007585286935864133 0.00025970917449280595 0.0003896107821709238 4.302977464532864e-13 9507.350780128734 7.387780849071673e8
5950 98178.78303142628 16.461419376047434 0.0006626056417486778 5.487638779883233e-6 4.629182605150694e-6 0.007990312858964899 0.00024593918925130964 0.0003965902273925792 5.791903279889011e-12 9507.35078012871 7.387780849071038e8
6000 99001.87172040474 16.46253350781664 0.0006631822457568076 5.478676989051276e-6 4.68719912013573e-6 0.007772447157549323 0.000251112994628544 0.00039741648946012287 -5.189151979709542e-13 9507.35078012889 7.387780849071232e8
6050 99825.07036605685 16.465442464395796 0.0006618379620292105 5.467739797236767e-6 4.7449633235517525e-6 0.00754618679820851 0.00025636560875774705 0.0003886387376792477 1.886316726866878e-12 9507.350780128409 7.387780849071437e8
6100 100648.45587285844 16.47030596303901 0.0006590982554912708 5.461363742391855e-6 4.796590779894723e-6 0.007459815500624245 0.0002583201938395341 0.00036623030444737914 6.975048166438831e-13 9507.350780128818 7.387780849071445e8
6150 101472.14951281893 16.477713614780296 0.0006560039399583839 5.458162371644932e-6 4.843108434672331e-6 0.006261358294068486 0.0002608945868503021 0.0003269576852793499 6.223201807263763e-12 9507.350780128627 7.387780849071368e8
6200 102296.27792903373 16.487642142261326 0.0006537166221820939 5.456318417782522e-6 4.881066448413992e-6 0.006488210665338556 0.0002596441292137541 0.0002971468009516087 -1.3547443544059141e-12 9507.35078012831 7.38778084907156e8
6250 103120.94797346824 16.499084589023365 0.0006528243139679664 5.457451389683798e-6 4.9100429001310925e-6 0.006549134997840156 0.00025905266049375264 0.0003094953314652926 3.084855021540383e-12 9507.350780128534 7.387780849071648e8
6300 103946.23784099499 16.512648671082985 0.0006533070245069896 5.460323392129107e-6 4.9304149567529275e-6 0.00604845431917056 0.00026229694679691384 0.00031559930628777266 -2.2412254215578187e-12 9507.350780128732 7.38778084907119e8
6350 104772.26827576009 16.528651170857504 0.0006547318416267325 5.465927322906674e-6 4.942282649313729e-6 0.006691967791994102 0.000264715219459033 0.0003215560635161374 -5.280027769236743e-12 9507.350780128703 7.387780849071647e8
6400 105599.16001979695 16.547044778858723 0.0006563418434092947 5.476071208209162e-6 4.949150962863288e-6 0.005974132520350395 0.0002640485928029346 0.00033221947839390253 -2.1988465852636325e-12 9507.35078012862 7.387780849071469e8
6450 106427.01159288488 16.566807218591375 0.0006574162748909045 5.489198936246802e-6 4.9518068596497735e-6 0.005618319008135586 0.0002622689823217339 0.0003416089243959419 -6.755765149068531e-12 9507.350780128681 7.387780849071437e8
6500 107255.89877978101 16.588624726398802 0.000657435580203843 5.505514744411374e-6 4.954513703802194e-6 0.005941960038398975 0.0002607686434057399 0.00034486572287173445 1.1529862984409055e-11 9507.350780128609 7.38778084907115e8
6550 108085.69318047303 16.59155445087368 0.0006562841336875101 5.524025179769042e-6 4.9588414511340925e-6 0.0050581233626871835 0.00026103519418940735 0.0003453673085083153 2.47394383904142e-13 9507.350780128934 7.387780849071314e8
6600 108914.69767175397 16.56944683580465 0.0006548365237754874 5.543432273882221e-6 4.962630043148908e-6 0.005154276692337589 0.00026500937384565937 0.0003485666664340137 -3.6376888434868814e-12 9507.35078012892 7.38778084907143e8
6650 109742.65514234814 16.549544958382835 0.0006542973884429924 5.565794512274762e-6 4.964517194405924e-6 0.004674074543800089 0.00026759820819632907 0.000354124942743006 -6.69716406564504e-12 9507.350780128656 7.387780849070997e8
6700 110569.64588378705 16.530851500700937 0.0006556162699378013 5.587747785337946e-6 4.96337714670999e-6 0.004492943537115934 0.0002681177201349083 0.0003592863264620938 -5.830612466484439e-12 9507.35078012839 7.387780849071217e8
6750 111395.76254914435 16.514542814874076 0.0006594864613106397 5.610684180027961e-6 4.955665001188613e-6 0.005136988274898613 0.00026865944559983923 0.00036298387911060104 4.145895183053936e-12 9507.350780128689 7.387780849071157e8
6800 112221.12563326562 16.50066704725135 0.0006660579635499085 5.637487805565946e-6 4.939343043361e-6 0.0058391603433847195 0.0002703833300310432 0.0003652123631185944 8.255518877947762e-13 9507.35078012842 7.387780849071249e8
6850 113045.85712212454 16.489078748758626 0.0006748933329855167 5.664507839356442e-6 4.916200065435354e-6 0.005732812076530536 0.00027366653387783657 0.0003688460596897869 -9.439609983474978e-13 9507.350780128527 7.38778084907123e8
6900 113870.03935871423 16.478832696179772 0.0006852057489320205 5.693186732506972e-6 4.888676424470084e-6 0.0062384963312069885 0.0002764593459643194 0.0003722661932137328 -4.814684742524254e-13 9507.350780128452 7.387780849071871e8
6950 114693.77337528016 16.471104174218443 0.0006958888476372122 5.725063176819163e-6 4.86168862623006e-6 0.007700175745412707 0.0002777114232778155 0.00037410046684271947 -5.377797089471491e-12 9507.350780128407 7.387780849071718e8
7000 115517.185690439 16.46591724831535 0.0007058324333122822 5.756985720480689e-6 4.8392244254145466e-6 0.007745319719106192 0.0002789785722056015 0.0003755941482297409 -3.340131273121381e-12 9507.350780128627 7.387780849071509e8
7050 116340.40025511623 16.462857910999617 0.0007139761091800943 5.788326803417437e-6 4.820006046831307e-6 0.007845498534152284 0.00027795067617997216 0.00037474415224170166 -5.613708457563569e-12 9507.35078012852 7.38778084907117e8
7100 117163.49576111039 16.461418588505342 0.000719755444323304 5.821485579441946e-6 4.804885107327614e-6 0.008954658293077955 0.00027531014738158 0.00037223576355993604 3.224321961428818e-12 9507.350780128534 7.387780849071178e8
7150 117986.58476847615 16.46254711807417 0.0007229476657919813 5.8580636527557835e-6 4.792276754854787e-6 0.00919010227698891 0.00027228649802274463 0.0003756101852175897 -3.449978436063916e-12 9507.350780128498 7.387780849071339e8
7200 118809.76473941022 16.463177762138763 0.0007240704605184716 5.892428198005216e-6 4.780662667777243e-6 0.00908691653967253 0.0002650187999123643 0.0003837028474039661 2.730848490945739e-12 9507.350780128656 7.387780849071271e8
7250 119632.86890728354 16.46145140836074 0.00072391589849442 5.924154279048639e-6 4.768015935612263e-6 0.009114569938901695 0.0002535424597365221 0.0003924727444543086 5.6577045888511776e-12 9507.350780128323 7.387780849071125e8
7300 120455.9522564428 16.462293420276414 0.0007230951594912471 5.955251267531652e-6 4.752985489153653e-6 0.008905195669285604 0.0002455456778229781 0.0004004643671392527 1.0654213300728433e-12 9507.350780128432 7.387780849071186e8
7350 121279.13573062036 16.465076323767903 0.0007212739989444772 5.9818276890057505e-6 4.7380461377069356e-6 0.007955786242746399 0.0002607632236095725 0.0004001539783080599 7.90931412952298e-12 9507.350780128221 7.387780849071609e8
7400 122102.49601624484 16.46966894090063 0.0007171521982424366 6.005854710825239e-6 4.722066463947698e-6 0.007512396481615724 0.0002617745433379781 0.00038574906030808265 3.5623661993538295e-12 9507.350780128745 7.387780849071486e8
7450 122926.15093954887 16.476807760869274 0.0007100036386773632 6.03151482696602e-6 4.70564715944974e-6 0.006385785583916004 0.00026575051491395385 0.0003517782610902298 -6.021057462307021e-12 9507.350780128498 7.387780849071378e8
7500 123750.22726666443 16.486470273017144 0.0007000754060591044 6.05566446537368e-6 4.692342432717898e-6 0.005817170340378652 0.00026452191071690834 0.0003012652207188271 -7.778963371729216e-13 9507.350780128463 7.387780849071043e8
7550 124574.83688175275 16.497790449727844 0.0006876886280503014 6.0775824477856404e-6 4.689237626186714e-6 0.006119046442108811 0.00024119935558353234 0.00026037586665239587 -8.092883961432785e-12 9507.350780128567 7.387780849071432e8
7600 125400.05536514014 16.511093383293755 0.0006731855622147899 6.097852313588516e-6 4.69731660059024e-6 0.0058867220341198845 0.00022461670918971777 0.0002446899075110309 4.289638983662316e-12 9507.350780128689 7.387780849071614e8
7650 126226.00147440455 16.526839401002263 0.0006575133624170613 6.116908971248993e-6 4.71101885130978e-6 0.006177035966175026 0.00021487370999651034 0.00022343258243573416 2.5307626852787284e-12 9507.350780128681 7.387780849071162e8
7700 127052.79620258836 16.54498187876025 0.0006419293694610984 6.1330866300498705e-6 4.73260866286485e-6 0.006015297818521503 0.00020334874068517195 0.00019847506623893452 -2.010430671562787e-12 9507.35078012867 7.38778084907166e8
7750 127880.54320961176 16.564627723219655 0.000626796249724077 6.146433528382619e-6 4.758140530622372e-6 0.005348982558643911 0.00019720993300320622 0.0002176675250269433 -4.409127367757794e-12 9507.350780128652 7.387780849071766e8
7800 128709.31520356699 16.586202477909442 0.0006123649714158551 6.158432723107542e-6 4.786751907055381e-6 0.0056144591253541876 0.00021522717686206505 0.00022692708509808313 2.2890214452549724e-12 9507.35078012902 7.387780849071229e8
7850 129539.08344123726 16.59403069319705 0.0005994669166560158 6.169362771711834e-6 4.819991805028532e-6 0.0049742705741664395 0.00019442919648660073 0.0002299056234691399 -1.0843992545110673e-12 9507.350780128896 7.387780849071237e8
7900 130362.75747415984 16.571821579189212 0.0005890580162031352 6.181933383016514e-6 4.851206262718549e-6 0.004352131556515815 0.00018830139726855322 0.00023719290029733386 6.709896262808144e-12 9507.350780128556 7.38778084907124e8
7950 131190.82727513675 16.551760413469932 0.0005822267521205641 6.19768346134141e-6 4.877671005850624e-6 0.0040638567370478995 0.00019032604574475975 0.00024878128954908263 2.0886628074326097e-12 9507.350780128561 7.387780849071478e8
8000 132017.92386964682 16.532838398629135 0.0005797403357804015 6.211700152339486e-6 4.896468317791397e-6 0.004059385026266682 0.0002203313033977139 0.00025723389203280433 -2.591280974907938e-12 9507.35078012879 7.387780849071375e8
8050 132844.13299333624 16.51625875977208 0.0005814718910351154 6.220545562942371e-6 4.907737311482526e-6 0.00453945592562377 0.00025233541732117004 0.00026035818677705436 -1.0810172515525287e-11 9507.350780128756 7.387780849071368e8
8100 133669.57485588608 16.502106979930772 0.0005877569448239513 6.220961520163219e-6 4.916464076982955e-6 0.00511275851931714 0.00024442196906626634 0.00025914758687051176 -4.169989905069285e-13 9507.350780128632 7.387780849071102e8
8150 134494.3719080482 16.490389495997466 0.0005991024775886235 6.21064294484032e-6 4.9242241661773916e-6 0.00514961157568905 0.0002321411505707971 0.00025757014255090027 -3.569341154190627e-12 9507.350780128681 7.387780849071137e8
8200 135318.61251725547 16.479861880039646 0.0006158283046702029 6.191775105131417e-6 4.929082309327466e-6 0.0054628996513201855 0.0002542857854193059 0.00025762298100051595 -4.132753292696774e-12 9507.35078012868 7.38778084907105e8
8250 136142.39074144367 16.47184850249546 0.0006374331807390259 6.166988789311275e-6 4.9313011861210075e-6 0.00661646530534199 0.000257769784157702 0.000258884450395902 -1.9457928355030264e-12 9507.35078012881 7.387780849071487e8
8300 136965.83295538326 16.466374272059593 0.0006621459939734905 6.136472909169466e-6 4.9339654428606e-6 0.006721647099766415 0.00022520373774082003 0.0002620709180489733 -1.6001048700528745e-12 9507.350780128823 7.387780849071513e8
8350 137789.0650793891 16.463181011348023 0.0006878183768748976 6.1041758897522195e-6 4.931765915375992e-6 0.006635597057538689 0.00022093727633942795 0.00026377503243635303 7.634728393970834e-13 9507.350780128749 7.387780849071718e8
8400 138612.1693723867 16.461452614455588 0.0007122814861403251 6.073292875284045e-6 4.927713494091817e-6 0.0076505717224790715 0.00022891560316740112 0.0002693198010175202 -2.6888870280973315e-12 9507.350780128681 7.387780849071512e8
8450 139435.25269913813 16.462291660112722 0.0007333636200348166 6.047271895450687e-6 4.926457301880885e-6 0.007807854448401486 0.0002200817706033975 0.0002655438943326427 -2.983681382990587e-12 9507.350780128563 7.387780849071348e8
8500 140258.427685092 16.463532381939938 0.0007494985380946334 6.026091335290596e-6 4.9284250829274065e-6 0.00753119711043837 0.00021354558322461692 0.0002682939230647108 1.5347276957203096e-12 9507.35078012826 7.387780849071385e8
8550 141081.54221337262 16.461516942529542 0.0007598492339769962 6.009681343034568e-6 4.9362222588304365e-6 0.007636170525074704 0.00020147055313912698 0.0002647066919099217 2.551250216662871e-12 9507.350780128694 7.387780849070898e8
8600 141904.62146815503 16.46206996605674 0.0007645452548221396 6.000872831063829e-6 4.950373966441362e-6 0.007599503811434261 0.0002067104250742524 0.00026970396843895017 -7.687986834050907e-12 9507.350780128569 7.387780849071493e8
8650 142727.78956571306 16.464718989960076 0.0007643481719437014 5.998161009103491e-6 4.970981140150741e-6 0.006684896345177549 0.00022716232715591644 0.000271805276306214 8.435159292657553e-13 9507.350780128838 7.387780849071301e8
8700 143551.12464184832 16.469023920665013 0.0007602143149780537 5.99996890310213e-6 4.991549200310802e-6 0.006496505870018154 0.00023592351456880323 0.00026245367967225874 -7.125752802784447e-12 9507.350780128625 7.387780849071497e8
8750 144374.7400203098 16.47587711519977 0.0007533518387378228 6.005948500137723e-6 5.00766476098931e-6 0.0058025958605867345 0.0002392717965484792 0.0002329928644071444 3.0958494925769396e-13 9507.350780128796 7.387780849071201e8
8800 145198.7625898748 16.485256809905 0.0007450327355110598 6.0138075997227995e-6 5.016523988144266e-6 0.005166754659512662 0.0002458025981759704 0.00018502933111674835 -3.698535701314363e-12 9507.350780128825 7.387780849071437e8
8850 146023.3087608843 16.496447143238925 0.0007365529196058082 6.021921894712269e-6 5.020527348809546e-6 0.005645870292937616 0.000251213188739996 0.00014309649124966128 6.3471911927847265e-12 9507.350780128812 7.387780849071422e8
8900 146848.4529791703 16.509472367292656 0.0007285411533232385 6.0301099242988104e-6 5.021714440339563e-6 0.005424013201263733 0.00023432445989524098 0.00014565048649017864 1.2162790629259938e-13 9507.350780128578 7.387780849071617e8
8950 147674.3110570443 16.524945479599243 0.0007211263780639247 6.039943542001548e-6 5.014564055349086e-6 0.005576363009822671 0.00022213442308771647 0.0001596430936595672 4.205204135909682e-12 9507.35078012826 7.387780849071306e8
9000 148501.00424635079 16.54282057396774 0.0007147093927813124 6.046987091054438e-6 5.007442501235331e-6 0.005641323179588653 0.00020968039386648485 0.0001853035240155787 -1.6352023191884228e-12 9507.350780128381 7.38778084907155e8
9050 149328.64091129703 16.562342291424713 0.0007097399761488221 6.046992286534108e-6 5.002054763516696e-6 0.004977891496309894 0.00019997095587243052 0.00019809041133167504 2.6113403864765618e-12 9507.350780128892 7.387780849071305e8
9100 150157.29200724256 16.583658357851004 0.0007065013277400392 6.039344091754802e-6 4.996957497666845e-6 0.005383644684116007 0.00021287086403498634 0.00023330190377945925 1.4061759265867837e-12 9507.350780128627 7.387780849071486e8
9150 150987.00417949422 16.596688729376943 0.000704829154546761 6.026405663137714e-6 4.994495986247591e-6 0.005264629453449743 0.0002059000377483411 0.00026954054743244527 -5.608338473421423e-13 9507.350780128578 7.38778084907114e8
9200 151816.25279150094 16.57408489394845 0.000704078190433585 6.0089220218361515e-6 4.994423595206194e-6 0.0047303323772212025 0.00019025832058239267 0.00027146755633333797 -3.4457358560390924e-12 9507.350780128709 7.387780849071409e8
9250 152644.42948469895 16.55377667677204 0.0007040554660771434 5.991619699276148e-6 4.993584323280742e-6 0.00512188822904136 0.0001963151431378929 0.00026249131219868715 2.9113878839804206e-12 9507.350780128434 7.387780849071112e8
9300 153471.62665850102 16.534736953610516 0.0007043763696079242 5.971964019610323e-6 4.992546819557589e-6 0.005546920412598411 0.00020502505602992827 0.00028189636857156586 -1.7143238386772375e-12 9507.350780128449 7.387780849071265e8
9350 154297.92423648582 16.51790259078363 0.0007046590524428866 5.94812768645826e-6 4.992282365031065e-6 0.006087568170187296 0.00019903445000979403 0.0003133971265931734 2.3879739579983173e-12 9507.350780128523 7.387780849071862e8
9400 155123.44168882482 16.503491172739903 0.0007053994292893015 5.924379381907418e-6 4.986958038938718e-6 0.00669400626065908 0.0001889839776438862 0.00030469927361220783 -6.066390899664543e-12 9507.350780128525 7.387780849071183e8
9450 155948.3012830455 16.49154554629931 0.0007064312595347576 5.901851220531771e-6 4.975989116788605e-6 0.006610577254832606 0.00019043553122211065 0.0002734530091821341 5.736418927867043e-12 9507.350780128572 7.387780849071548e8
9500 156772.59811315435 16.480859325233858 0.0007072800214713979 5.8804638142478555e-6 4.961335474205969e-6 0.006517535224702442 0.00019119910224363323 0.00030054124255407544 -9.047558125706083e-12 9507.350780128698 7.387780849071479e8
9550 157596.4193853581 16.47257792274822 0.0007081720447458932 5.8605323433974534e-6 4.9443399253177425e-6 0.007451383800798794 0.0001840422764938232 0.0003154316188882511 -4.330634925946479e-12 9507.350780128778 7.38778084907155e8
9600 158419.8911881475 16.46683350533722 0.0007097045466938858 5.84445921365473e-6 4.924036958909452e-6 0.007641948510354268 0.00017938040899867502 0.00029767100167577 -7.21460321944488e-13 9507.350780128603 7.387780849070964e8
9650 159243.14049954526 16.463514471701185 0.000712201801200939 5.828215314879895e-6 4.9030103883709686e-6 0.0070456618541356875 0.00018022664209915717 0.0003015807387232172 3.2869961657690467e-12 9507.350780128423 7.38778084907131e8
9700 160066.2545397256 16.46151433011482 0.0007157635327393949 5.8104909695693995e-6 4.8830936744533714e-6 0.00749820228520548 0.00017586418458170883 0.00031604305016452727 -5.546186077498043e-12 9507.350780129169 7.387780849071356e8
9750 160889.33401120547 16.4620811588156 0.0007201018011354578 5.79349571589706e-6 4.867178898119619e-6 0.00795630782704393 0.00017515623194830354 0.00030569624515441873 -6.033173324878247e-12 9507.35078012861 7.387780849071447e8
9800 161712.50119644907 16.463896368067484 0.0007242887184273214 5.777799464133917e-6 4.855007350551454e-6 0.007417306402203394 0.0001780024213715592 0.00028979446362353833 -3.876424042708777e-12 9507.350780128492 7.387780849070762e8
9850 162535.62697756398 16.461608474268814 0.0007270616035566131 5.7632485686640604e-6 4.847870320746811e-6 0.007024366637779167 0.00018645500950853489 0.0002843534370498002 2.704477475434602e-12 9507.350780128645 7.387780849071186e8
9900 163358.70386288725 16.46188917358486 0.000727238317106078 5.75707100884562e-6 4.844665072972706e-6 0.007298335773157305 0.000204129107653106 0.000256304016208464 1.4036161517842805e-12 9507.35078012906 7.387780849071445e8
9950 164181.85815961767 16.464412142106138 0.0007244775741097294 5.761511167201253e-6 4.845099368183857e-6 0.0062727073309361 0.00022273254405380527 0.00021925646594511683 9.364389882293827e-12 9507.350780128698 7.387780849071481e8
10000 165005.17097029442 16.468445835197578 0.0007193909130796204 5.7745332544982266e-6 4.847857884323132e-6 0.005767137668954092 0.0002290516548555388 0.00020196989568721513 7.85972521948828e-12 9507.350780129005 7.387780849071064e8
10050 165828.75056615408 16.47502965667257 0.0007129380746066959 5.797020628294232e-6 4.852907389973567e-6 0.005577464020461775 0.000220161438815758 0.00021987599262995872 2.9879713756696583e-12 9507.350780128638 7.387780849071227e8
10100 166652.72394874404 16.484142627241447 0.0007052278429106513 5.827930875856911e-6 4.8588889028834324e-6 0.004754593659527018 0.00021651218479856738 0.00022714434019910357 -5.54563716758924e-12 9507.350780128652 7.387780849071145e8
10150 167477.21102227212 16.495210639773195 0.0006958311454336008 5.863758514011626e-6 4.866718055960016e-6 0.0052830410641036 0.00020360007537423286 0.00022454883866629416 -8.732185661815396e-13 9507.350780128389 7.387780849071462e8
10200 168302.28671794003 16.507973875598747 0.0006849780680928063 5.901783393555062e-6 4.8774029195490326e-6 0.005571835823502624 0.00018521610145327827 0.00019490434191737904 -3.480095283089084e-12 9507.350780128589 7.387780849071643e8
10250 169128.06328287872 16.52318940047219 0.0006739020602872991 5.937952447818097e-6 4.883032909076762e-6 0.005158019726877683 0.00018061361014165556 0.00018276085180857216 -5.782820271695641e-12 9507.35078012856 7.387780849071403e8
10300 169954.66220843146 16.540812093236656 0.0006646661027596974 5.966565616456223e-6 4.883220996204988e-6 0.005259749319520779 0.0001807596161604863 0.00018681976944989742 5.010871904346492e-12 9507.350780128176 7.387780849071589e8
10350 170782.19558771967 16.560216867637546 0.0006592964245219691 5.987236376191281e-6 4.876621038930783e-6 0.0047278538386308355 0.0001664625330848324 0.0001749467752709677 -2.583632371507313e-12 9507.35078012863 7.387780849071217e8
10400 171610.73415781214 16.581288738294926 0.0006594673434722509 6.000542733032332e-6 4.860317984212671e-6 0.004908597480607568 0.00017664121928273602 0.00019090959951406639 -9.707394261600195e-13 9507.350780128703 7.387780849071354e8
10450 172440.36661490606 16.599218840008213 0.0006650886164785463 6.004898508743428e-6 4.8372749336123776e-6 0.005373312400479335 0.00020120709158621963 0.0002038838983668967 -4.528476714618607e-12 9507.350780128641 7.387780849071163e8
10500 173264.30988793782 16.576517428306477 0.0006746702809904719 5.999822788023337e-6 4.810689974507999e-6 0.004761985284858383 0.00019683457694386064 0.00018259759458061353 -6.332024408174342e-12 9507.350780128852 7.387780849071558e8
10550 174092.60156256074 16.555947495630015 0.0006870704495615243 5.988229419115283e-6 4.782440095343514e-6 0.004805497625056887 0.00017994913897911857 0.00018566282429244296 -1.3776606102214179e-12 9507.350780128918 7.387780849071236e8
10600 174919.9062510032 16.536782713436903 0.0007021075274775768 5.970025524163776e-6 4.756464541524219e-6 0.0041087924073508475 0.0001841928117385372 0.00017228931633450628 -4.2394750194539474e-12 9507.35078012892 7.387780849071237e8
10650 175746.29925761351 16.51967845436187 0.0007197062576270679 5.947031019033017e-6 4.730589079093754e-6 0.004523425161096384 0.00020289351921265464 0.00019890398281552368 -8.118076383612353e-12 9507.350780128614 7.387780849071149e8
10700 176571.89850823858 16.504991937965908 0.0007383442553560635 5.919777796180716e-6 4.709141405708755e-6 0.005081011920992751 0.00019820252257929383 0.0002074770601199205 -8.997582854887619e-13 9507.350780128581 7.387780849071366e8
10750 177396.82602987485 16.492766772351494 0.0007555436188427221 5.890906768235182e-6 4.697649221863055e-6 0.0043641907768687815 0.00017620625261383083 0.00017852731425960222 5.8609212674542815e-12 9507.350780128623 7.387780849071378e8
10800 178221.18335068817 16.48195027236387 0.0007696134819525284 5.865138038978667e-6 4.693196340025138e-6 0.004416749445226742 0.00017470688243381716 0.00019151112168147577 -9.216852471078674e-13 9507.350780128649 7.387780849071552e8
10850 179045.05193754524 16.473384741420876 0.0007797021035739369 5.842603089719844e-6 4.693765583774449e-6 0.004475243603337731 0.00017692120330004002 0.00019408846706037153 1.8733549148558196e-12 9507.350780129005 7.387780849071121e8
10900 179868.55677830486 16.467353578873208 0.0007855362230175592 5.823194205149471e-6 4.698810115597103e-6 0.004603711855452275 0.0001498555364616294 0.00018009435054544554 5.180449110323859e-12 9507.350780128427 7.387780849071542e8
10950 180691.82511817713 16.463876311017586 0.0007869837352048654 5.810235448096834e-6 4.705093243976174e-6 0.004294260214010137 0.00012799670215990488 0.0001791417041219212 -2.7408993978144033e-12 9507.35078012836 7.387780849071236e8
11000 181514.95111452215 16.46161190801411 0.0007841157881728899 5.805779126226756e-6 4.712207542779962e-6 0.004429874814377399 0.00013490955830164353 0.0001881714207123686 4.962946056725404e-12 9507.350780128736 7.387780849071445e8
11050 182338.0280897736 16.461889469629384 0.0007775781583746018 5.8104884337757115e-6 4.720605017409272e-6 0.004782625968800858 0.00011829908841942682 0.00018445661859201046 -4.385949190680085e-12 9507.350780128641 7.387780849071424e8
11100 183161.18365861254 16.46431465885848 0.0007686206258332454 5.8215778433840435e-6 4.729083246203139e-6 0.004493210555665428 0.00010441582535003491 0.00017110833902411748 -3.7930032461859614e-12 9507.350780128498 7.387780849071631e8
11150 183984.32298608098 16.461737719510847 0.0007582462170366978 5.831501862717808e-6 4.739271004357585e-6 0.004023285842777113 0.00010921996980162163 0.00016733484286524103 -4.529115185086916e-13 9507.350780128932 7.387780849071137e8
11200 184807.3989585711 16.46172927108245 0.0007465956747749154 5.84018439013625e-6 4.751640688925345e-6 0.004233710880725994 0.00011083172954506892 0.00016271129178868637 -3.14144939802534e-12 9507.35078012842 7.387780849071492e8
11250 185630.53936145015 16.464118383590264 0.0007335781720384193 5.850308596325133e-6 4.767257176078166e-6 0.003915138209777069 0.00011892419198922255 0.00015627323659206382 -4.524094529005533e-15 9507.350780128954 7.387780849071586e8
11300 186453.83012891613 16.46786389654597 0.0007198725400629078 5.862266550853109e-6 4.782472499009733e-6 0.0038462484972114908 0.00012167715121425005 0.00014444096378518623 -1.1053579809297307e-12 9507.350780128581 7.387780849071429e8
11350 187277.37331830326 16.474161432440894 0.0007057574321273532 5.877063700061422e-6 4.794874031716953e-6 0.003602238790335832 0.0001178095622611508 0.00012620089922821265 -1.5521597582366216e-12 9507.350780128652 7.387780849070967e8
11400 188101.2960450907 16.48299080294275 0.0006907408606172272 5.896531332718032e-6 4.801895234227296e-6 0.003325324531942897 0.00012124136764501969 0.00010405304485905376 -4.835229946840505e-12 9507.350780128687 7.387780849071201e8
11450 188925.72109423383 16.493928420604146 0.0006749217095388941 5.920750662391624e-6 4.800851140109368e-6 0.0032253002309516887 0.00012707101156372858 0.000114735031543578 -8.297957540935006e-13 9507.350780128623 7.38778084907131e8
11500 189750.7255528684 16.506412912281252 0.0006601380403269393 5.945549531383512e-6 4.794631152448741e-6 0.0034734371802187525 0.00011924082073999642 0.00011527262660337989 -2.5855629788922776e-12 9507.350780128645 7.387780849071041e8
11550 190576.41705967224 16.521354392710265 0.0006482576166423494 5.968926417731786e-6 4.78210113508392e-6 0.0031871309420239413 0.00011635022302503017 0.00011209670298573116 -1.0326513187773097e-12 9507.350780128585 7.387780849071231e8
11600 191402.91736401228 16.538708579119778 0.0006405339316986341 5.987327377401855e-6 4.768212028708425e-6 0.0032430061110062525 0.0001194590326019096 0.00011239296258391818 -8.445171888007651e-13 9507.350780128727 7.387780849071246e8
11650 192230.34175193435 16.55798867034613 0.0006364114256691651 5.994896368806143e-6 4.759038970140906e-6 0.0031116326035771635 0.00011046558558547304 0.00010817243891381167 -2.4839057013558048e-12 9507.350780128432 7.387780849071399e8
11700 193058.7622514494 16.57880047958455 0.0006349664987143289 5.9915744556487355e-6 4.754243795263015e-6 0.0030836760552119813 0.00010162025591853308 0.00011716051132645844 -3.27026560114218e-12 9507.35078012854 7.38778084907139e8
11750 193888.2817844427 16.601893576558847 0.0006358431385955904 5.97962870860922e-6 4.753535417512339e-6 0.0033719830153131625 8.654886112768878e-5 0.0001223806573529395 3.912521663281355e-12 9507.350780128454 7.38778084907134e8
11800 194717.77999618457 16.57883395000917 0.0006385487640299766 5.959636406861386e-6 4.755431099956316e-6 0.003143308720609639 8.336413914111773e-5 0.00012228702594699326 2.0995101048042447e-12 9507.350780128301 7.387780849071587e8
11850 195546.18126138535 16.558018424848196 0.000642511674136211 5.935522171168144e-6 4.758466698180374e-6 0.003147762872686144 0.00010524762454622305 0.00011230695346142738 -1.5073384373716715e-12 9507.350780128696 7.387780849071262e8
11900 196373.5878158655 16.53873623394467 0.000646985197682088 5.910251921816367e-6 4.763586598869096e-6 0.003371011857780104 9.53414562978594e-5 0.00010245158039645652 3.790707815626733e-12 9507.350780128536 7.387780849071393e8
11950 197200.0720539223 16.52137836014173 0.0006512349954694522 5.880692760041944e-6 4.774739307550913e-6 0.0032611589567750343 9.852727775694348e-5 0.00013027066599491377 2.021982488071867e-12 9507.35078012822 7.387780849071703e8
12000 198025.7497244024 16.506433205057096 0.0006548520035874668 5.847584824822696e-6 4.792238035102197e-6 0.0035300624040246475 8.57923502319835e-5 0.0001380365809013906 -4.34263251114553e-12 9507.35078012857 7.387780849071192e8
12050 198850.7426207101 16.49394509934979 0.0006580296828470146 5.8153401515710015e-6 4.8107147335798e-6 0.003142360397760058 9.44406576740553e-5 0.00012579903367160306 6.29426826079932e-13 9507.350780128854 7.38778084907092e8
12100 199675.1575410135 16.48300578366128 0.0006610629678174037 5.785492778958012e-6 4.8273541176521815e-6 0.003039536868527648 0.00010624835343486794 0.00013519236061654283 1.1804962391947793e-12 9507.350780128927 7.387780849071441e8
12150 200499.0720992604 16.474172937368532 0.000664090448986857 5.759672922999383e-6 4.8394685842684116e-6 0.0030125784051051596 0.00011735330416756673 0.00014422825910731518 -2.7956718720156808e-12 9507.350780128623 7.38778084907141e8
12200 201322.60947789485 16.46787194529469 0.0006673499562180474 5.736140807766636e-6 4.8465033998133696e-6 0.0029870396958813217 0.00012832278313312795 0.00015299583703898278 3.4439566101875635e-12 9507.350780128743 7.387780849071573e8
12250 202145.89681665233 16.464123097026373 0.0006704845289948997 5.714072416566052e-6 4.8516234303862935e-6 0.0030391863492695848 0.0001366659461193992 0.00016037945538838194 5.734025620837972e-12 9507.350780128472 7.387780849071459e8
12300 202969.03506211276 16.46173252842163 0.0006725039383663287 5.695830232781765e-6 4.859481747076632e-6 0.0032157004945929657 0.0001415257809157175 0.00016624232895756652 1.7701391818785463e-12 9507.350780128465 7.387780849071125e8
12350 203792.11112751256 16.461737901733027 0.0006722991753811902 5.6820746804013545e-6 4.872184526128992e-6 0.003286720670075738 0.0001419190287085259 0.00017902036491018736 -2.186414314269499e-12 9507.350780128676 7.387780849071347e8
12400 204615.25296191027 16.464311753263072 0.0006696069119563678 5.672630539382341e-6 4.886999188866053e-6 0.0033999743309323094 0.00014057274663420438 0.0001951014784477012 4.919408897131091e-12 9507.350780128445 7.387780849071424e8
12450 205438.40617058467 16.46188938703001 0.0006647306104504495 5.666207099724607e-6 4.901330377065515e-6 0.0034040043619825155 0.00013437597582077743 0.00020593479488129063 -2.374687616090769e-13 9507.350780128854 7.387780849071422e8
12500 206261.48277760213 16.461608472166912 0.0006586018409395985 5.665290232336205e-6 4.909018572087334e-6 0.0032061948149930686 0.0001287791827474516 0.00021387041879294966 -1.3975691687834972e-12 9507.350780128309 7.387780849071162e8
12550 207084.61078386672 16.46387161057302 0.0006525086656071137 5.666902434255438e-6 4.9125052186281334e-6 0.0031425916768057505 0.00012308516136960712 0.00021375663140243972 -5.574917487878731e-13 9507.350780128483 7.387780849071121e8
12600 207907.88228085436 16.46734552874763 0.0006471013877883567 5.669784680126629e-6 4.909475723788972e-6 0.0031388101906486554 0.00011356258348027559 0.0002033867216315599 -1.5180322194489212e-12 9507.350780128647 7.387780849071232e8
12650 208731.3926645242 16.473373334812088 0.0006426409370442112 5.672878864899472e-6 4.898420854928563e-6 0.0034536167713667965 0.00010404952298426196 0.00018100140662524744 5.43552781416438e-12 9507.350780128352 7.387780849071287e8
12700 209555.26916262964 16.48193555899841 0.0006386546304424976 5.672483426677796e-6 4.884478929797548e-6 0.003646591998403892 0.00012557693521042523 0.00015129882189723887 4.193732367515912e-12 9507.350780128732 7.387780849071187e8
12750 210379.63650082255 16.49275084830706 0.0006346317956262789 5.669735836748861e-6 4.8706587557241e-6 0.00463528426917037 0.00013445477958207164 0.00014595410166418077 4.1705752494341595e-12 9507.350780128463 7.387780849071187e8
12800 211204.57536387362 16.5049725906411 0.0006309665256017608 5.665415521574526e-6 4.858040213620846e-6 0.004517328154179268 0.00014610792466740463 0.00014921546769741667 3.9955771467988565e-12 9507.350780129016 7.387780849071058e8
12850 212030.18824778736 16.51965574686277 0.0006279269348595844 5.658262037420593e-6 4.851153221240556e-6 0.0044425690630305326 0.00015894825268336632 0.00015848196637069378 3.846419868042478e-12 9507.35078012832 7.387780849071587e8
12900 212856.59713816238 16.53675664280466 0.0006262019046324458 5.6489226859668e-6 4.850317694966367e-6 0.004704484736066661 0.00015916190948672693 0.0001578614679891288 7.595893092706442e-12 9507.350780128356 7.387780849071486e8
12950 213683.919624176 16.555919887628598 0.0006261684249681626 5.635256384714568e-6 4.859256749664096e-6 0.0039012282322801184 0.00015934706625486683 0.00015631526791182182 3.1402119427061394e-12 9507.350780128856 7.387780849071206e8
13000 214512.23039526533 16.576486111359475 0.0006278737993831889 5.616358713859156e-6 4.877661066959351e-6 0.004274793429431156 0.00015436428733384133 0.0001528108805111117 -5.0346076662034975e-14 9507.350780128918 7.387780849071124e8
13050 215341.62809397117 16.59934056071137 0.0006311276274561236 5.597915558428718e-6 4.899151334938433e-6 0.004273933212971315 0.0001344598940296038 0.0001488545160513062 2.73151187175337e-12 9507.350780128527 7.387780849071821e8
13100 216165.8333363012 16.58132056287624 0.0006354453744863462 5.579393105877436e-6 4.915765053667546e-6 0.004666234974138206 0.00012659464003128562 0.00018146435913171666 1.2771196987773971e-12 9507.350780128994 7.387780849071188e8
13150 216994.352333191 16.560245094518088 0.0006400356474507073 5.55753875695196e-6 4.928138124255363e-6 0.005309399779434898 0.0001264706512777991 0.00018369049186017783 -2.8063435780431922e-12 9507.350780128241 7.38778084907138e8
13200 217821.86767423627 16.540838426719983 0.0006436588385309756 5.53144446149158e-6 4.939907594771322e-6 0.004519207006524084 0.00013734546056820562 0.00017304601477574622 3.6305438611884145e-12 9507.350780128827 7.387780849071149e8
13250 218648.4501979874 16.523211996323504 0.0006448341674255738 5.5009711339061e-6 4.955985862929922e-6 0.0046026167437958065 0.00014155652038194688 0.0001881881388733353 -3.2870493816125213e-12 9507.350780128852 7.387780849071254e8
13300 219474.2125867506 16.507992964552603 0.0006418521426003014 5.4673601515761174e-6 4.9801626182997395e-6 0.004876977984167752 0.00012466303239655474 0.00018418272691977933 -2.374000955221202e-12 9507.350780128707 7.387780849071853e8
13350 220299.2763879919 16.495226398323148 0.0006339635788527616 5.436458339527754e-6 5.0099939730264346e-6 0.004432684872881509 0.00012422707517156795 0.00018352433616719566 -4.444257003654207e-13 9507.350780128045 7.387780849070897e8
13400 221123.75315470883 16.484157030033483 0.0006219428718814245 5.411484491762969e-6 5.0409631798383585e-6 0.0047755652685737005 0.00012635532089788626 0.00018083649262878865 -4.479014876479961e-12 9507.350780128598 7.387780849071496e8
13450 221947.7180621057 16.47504080424478 0.0006069167773867643 5.398776264664467e-6 5.064816951896221e-6 0.004045353196488577 0.00010020477117134163 0.0001542101775608984 1.2226148293741655e-11 9507.350780128872 7.387780849070985e8
13500 222771.29154698935 16.46845368117185 0.0005901530285918001 5.3969275191109346e-6 5.079397054852703e-6 0.003308997165731853 9.756803603444553e-5 0.00015503666755689594 -9.67895217310713e-12 9507.35078012836 7.38778084907153e8
13550 223594.60063648876 16.464416886881633 0.0005724438823991982 5.408221968106871e-6 5.080368127636187e-6 0.0035246647203166503 0.00010791567849377515 0.00016711225772170213 -3.065678173347743e-12 9507.350780128689 7.387780849071394e8
13600 224417.7526349486 16.461892483699177 0.0005536632375328282 5.431182449856253e-6 5.0714316137056145e-6 0.00328409797225504 9.301870573974469e-5 0.00017973487628887563 2.6137947167325513e-12 9507.350780128707 7.387780849071245e8
13650 225240.82932687626 16.461608765795678 0.0005333904218575396 5.464163343721209e-6 5.054138516084565e-6 0.0029730589867540402 9.893365522994912e-5 0.0001931071983986843 2.7068063192019035e-12 9507.350780128618 7.387780849071524e8
13700 226063.95733460813 16.463893680977367 0.0005128231982667053 5.505426806678818e-6 5.028171087547154e-6 0.00285830245957186 0.00011227720984585687 0.0002062727763617045 1.2004635176560946e-12 9507.350780128636 7.387780849071535e8
13750 226887.1228128164 16.46208301887802 0.0004937245186279796 5.551675500810183e-6 4.997687068415826e-6 0.002847766903869342 0.00010344074556667415 0.00021537517905279024 3.5130997551947095e-12 9507.350780128341 7.387780849071444e8
13800 227710.2017270807 16.46151293783197 0.00047697674251840624 5.5991571731596954e-6 4.963078903192364e-6 0.0033001902120304294 0.0001230515703101176 0.00021991060767589943 3.8456023961085407e-13 9507.350780128541 7.387780849071629e8
13850 228533.31761634853 16.463509863133492 0.00046428063048379784 5.641437335862491e-6 4.9297853233977235e-6 0.0033924509298230987 0.00014032712812195314 0.00021831899585444958 -3.766761344156779e-12 9507.350780128372 7.387780849071541e8
13900 229356.57003513907 16.46682790581463 0.0004569498178590095 5.6715984293103395e-6 4.902441741726957e-6 0.0042002079644589685 0.00012585761606853652 0.0002102426934831314 3.657626687215212e-12 9507.35078012874 7.387780849071316e8
13950 230180.04722169955 16.47256916866123 0.00045433298562115007 5.694649692913485e-6 4.877932882043489e-6 0.004700803394371178 0.00016647983983286707 0.00019594118776455893 2.1777708378333485e-12 9507.350780128992 7.387780849071479e8
14000 231003.8762559265 16.480847334107715 0.00045529153357858613 5.714891947329431e-6 4.858397787939277e-6 0.004607055328960996 0.00017194741894854815 0.0001822706010099484 -1.9390774088607122e-12 9507.350780128696 7.3877808490708e8
14050 231828.18309756153 16.491532500176238 0.0004599808120060255 5.735265378680134e-6 4.845271807217108e-6 0.005408286226156633 0.00017335397908979644 0.00017841963790754534 -2.2417329912217183e-12 9507.35078012862 7.387780849071586e8
14100 232653.05389988562 16.503474788958105 0.00046850814457280644 5.753031785054048e-6 4.838492361648909e-6 0.005044442950747907 0.00017866167040558878 0.0001895170901868859 -5.083865854278975e-12 9507.350780128392 7.387780849071354e8
14150 233478.5848594912 16.517882879307376 0.00047905585976398785 5.7645746439645624e-6 4.8392788524561115e-6 0.004530484351562336 0.00018666376749365554 0.0002042529697798834 2.0351715218631576e-12 9507.35078012858 7.387780849071268e8
14200 234304.89820290802 16.534713983001065 0.0004894381014278866 5.7785992131808225e-6 4.840565809258278e-6 0.004582880364978337 0.0001829792235721328 0.00020330316229832945 -1.3345413587739525e-12 9507.350780128638 7.387780849071461e8
14250 235132.11319906957 16.55375252330213 0.0004989065267957669 5.793374211392123e-6 4.842047998687882e-6 0.003732343564479379 0.00017513359398169115 0.00017284701578912376 5.907871581018375e-13 9507.35078012861 7.387780849071498e8
14300 235960.308904769 16.574057233520236 0.0005075365535173305 5.807012006986393e-6 4.845313184885593e-6 0.004067692532771616 0.00016848176556116812 0.00012747355459863385 3.3807468372910847e-12 9507.350780128725 7.387780849071685e8
14350 236789.57864444295 16.596657417315008 0.00051548496674937 5.8221940594588035e-6 4.851684452894144e-6 0.004185141680864035 0.00015476180274998086 0.00011077103786449882 -1.1792886972221076e-12 9507.350780128556 7.387780849071456e8
14400 237619.27881507337 16.583690474824913 0.0005229216805711954 5.837987636540208e-6 4.862723895723496e-6 0.004386000253361999 0.000150710774947882 0.00013969045362879906 2.233503111671347e-12 9507.350780128496 7.387780849071308e8
14450 238447.91010711156 16.562370780135275 0.0005303289817059517 5.853603461863221e-6 4.879055442113036e-6 0.005155722546987818 0.00014985916346343942 0.000154284982085251 -2.7708048472196523e-12 9507.350780128341 7.387780849071405e8
14500 239275.52861757443 16.542846997714804 0.0005372254944039327 5.865616288190564e-6 4.907667473557841e-6 0.00476709489885252 0.00016177811389717078 0.00015508982042111707 6.332648879196476e-12 9507.350780128794 7.387780849071147e8
14550 240102.20515809054 16.524968217194523 0.0005417970533796789 5.874247187560744e-6 4.9464273269781765e-6 0.005094784377433825 0.00017438284739501597 0.00018142826744993457 4.860394250474336e-12 9507.350780129074 7.387780849071279e8
