#timestep time dt l2_h l2_h_vcon1 l2_h_vcon2 linf_h linf_h_vcon1 linf_h_vcon2 l2_H l2_vcon1 l2_vcon2 linf_H linf_vcon1 linf_vcon2 dsdu_ut mass entropy 
0 0.0 100.0 0.0 0.0 0.0 0.0 0.0 0.0 0.0 0.0 0.0 0.0 0.0 0.0 -4.8005934048527736e-12 9507.350780128063 7.387780844940976e8
50 2123.654822323963 42.45211575937226 9.672120856116841e-7 5.903590613068924e-6 1.4092024875553027e-5 3.906348800737873e-6 2.88036755617906e-5 3.639919537470299e-5 7.480258801909374e-7 1.0030366198703762e-5 1.272927818836728e-5 3.834204438657931e-6 4.1236659251626064e-5 3.649340618911249e-5 -3.8360531005109595e-12 9507.350780128083 7.387780844940997e8
100 4245.981580223177 42.449024537411205 1.4659906626564156e-6 1.1052577492808458e-5 2.006141767211135e-5 5.660736272289238e-6 7.192555228053687e-5 4.8178540704251824e-5 1.1337730081091738e-6 1.943608652082746e-5 2.2216992003869655e-5 5.556123813229907e-6 6.689048870924068e-5 6.239809153184706e-5 -4.43077446223375e-12 9507.35078012806 7.387780844940984e8
150 6369.384253277078 42.49422301592583 1.639034580213548e-6 1.366556955978548e-5 1.9819874239428352e-5 6.681342319989792e-6 9.272441766610589e-5 9.765025395209956e-5 1.2676023209046622e-6 2.3364075308633297e-5 2.808495207075411e-5 6.55773016050471e-6 9.77643515729864e-5 0.00012346900693572033 -5.543570098178577e-12 9507.35078012805 7.387780844940965e8
200 8496.276656972677 42.58757583524073 1.4300008128475279e-6 1.5297570268563805e-5 2.1659663842838956e-5 5.690726794671535e-6 0.00014958476901692452 0.00013862115706030843 1.1059390516467244e-6 2.516821342124244e-5 3.265400886841475e-5 5.586326004241367e-6 0.00016324266710874384 0.0001767078305921366 -4.870363772943428e-12 9507.350780128088 7.387780844941006e8
250 10602.314616491532 42.72613620661196 1.213865497041635e-6 1.628551519810496e-5 2.298308939077803e-5 4.859444685532008e-6 0.0001800894299060868 0.00016626444739143356 9.387835619135756e-7 2.8415704258435594e-5 3.31066534832291e-5 4.769502374502074e-6 0.0002028623238711875 0.00021819859443111375 -5.889182682161386e-12 9507.350780128083 7.387780844940932e8
300 12736.218937362744 42.61013095952231 1.2412788780402007e-6 1.6668058556785235e-5 2.471384196371812e-5 5.993205232216887e-6 0.00020692094144858145 0.00018895277841155862 9.599846188039247e-7 3.0493489221559667e-5 3.267443209521943e-5 5.88326970983245e-6 0.00022726111794290477 0.0002605240978611191 -5.449800132503014e-12 9507.350780128092 7.387780844940964e8
350 14863.920973168579 42.507941284821506 1.4085210595259062e-6 1.691998005555837e-5 2.6047017155481496e-5 5.534346266765223e-6 0.0002121622565343722 0.00022114163824674926 1.0893269645748051e-6 3.1339006784973604e-5 3.707178785853579e-5 5.432091886368003e-6 0.00022614359748034677 0.00030108768581113587 -4.752165371946914e-12 9507.35078012808 7.387780844940983e8
400 16987.736611670065 42.45382796678447 1.6711399429635282e-6 1.7813404671834474e-5 2.7320909717399822e-5 7.735094721475975e-6 0.0002694375670960122 0.0002576021445427232 1.2924320791194392e-6 3.3043274091793446e-5 4.459385452062817e-5 7.592000365844384e-6 0.0002778058429802141 0.0003386453087764757 -6.1183505051754235e-12 9507.350780128038 7.387780844940957e8
450 19105.18152071725 42.447998039996634 1.9007525353874358e-6 1.9994356722002776e-5 2.9164624406423455e-5 8.534083725992814e-6 0.0002958445001412326 0.00032537845623197475 1.4700106723827355e-6 3.5426581190393225e-5 5.118734412731985e-5 8.376615599339298e-6 0.0002959805858033011 0.0004118963401454654 -5.8023200671627815e-12 9507.350780128063 7.387780844940963e8
500 21228.45400419444 42.4899628471572 1.8823165689329343e-6 2.3046576150120444e-5 3.137142235907665e-5 9.057630489725551e-6 0.0003003296160136518 0.00038112409798175324 1.455752599887345e-6 3.773682163927559e-5 5.697064918236616e-5 8.890245497257983e-6 0.00029785026466477567 0.00046075740125927397 -4.979464687682484e-12 9507.350780128045 7.387780844940993e8
550 23352.419128540463 42.45673520868992 1.7147134010553255e-6 2.4566052531402247e-5 3.3653839593516704e-5 7.792580529453992e-6 0.00034014670340440763 0.000350917669943919 1.3261310731940176e-6 3.89693984881648e-5 6.282853252301246e-5 7.648647774830065e-6 0.000338948040979898 0.00043244385160396933 -4.829547609852308e-12 9507.35078012809 7.387780844940947e8
600 25474.796498834552 42.446551520685404 1.5740382760932946e-6 2.5137492691444087e-5 3.528845384340628e-5 8.090948314141285e-6 0.00036526606048216197 0.000331950114839208 1.217335250915272e-6 3.9616988989125513e-5 6.649101223467243e-5 7.941696633653118e-6 0.0003718573878708621 0.00043376419491044597 -6.510648968761424e-12 9507.350780128065 7.387780844940968e8
650 27576.144829450855 42.48399965533277 1.6603795752867424e-6 2.5273357758134112e-5 3.68403484605695e-5 7.89622867997056e-6 0.00034818853250616447 0.00031913275175655254 1.284110188169277e-6 4.053994060391567e-5 6.765294004232917e-5 7.750065814508667e-6 0.000366596352618393 0.0004304565948307014 -6.095851839666661e-12 9507.350780128038 7.387780844940983e8
700 29702.333081761237 42.56980896643525 1.970719200106599e-6 2.5261356744986993e-5 3.855714834079555e-5 9.309211169528077e-6 0.0003618164775434903 0.0003224530688470748 1.5241217373069344e-6 4.108960877788173e-5 6.898494110752974e-5 9.13794922327173e-6 0.0003935976905501713 0.00044702399379231353 -5.678043274148711e-12 9507.350780128052 7.387780844940958e8
750 31834.02730775498 42.703094815978105 2.2456109975020543e-6 2.58284583192248e-5 4.013414541307805e-5 1.0966429695623167e-5 0.00036699552904447116 0.0003452662530065328 1.7367185211587238e-6 4.2067070900636865e-5 7.024083096267626e-5 1.0763559919905447e-5 0.00041183260314952446 0.0004595802655642415 -5.205742163500142e-12 9507.350780128063 7.387780844940983e8
800 33968.64415739214 42.62888705996494 2.392673400279942e-6 2.7570516566710284e-5 4.0242596231605664e-5 1.1089952441762144e-5 0.00036812401399841766 0.0003895377227339011 1.8504541587895633e-6 4.5159858689983714e-5 6.77444876248235e-5 1.088583088996042e-5 0.0004064909843919885 0.0005012101373619707 -5.8732620812108355e-12 9507.350780128074 7.387780844940963e8
850 36091.93613901851 42.51990658383068 2.42790145266088e-6 2.9837928287262402e-5 3.8551203060634595e-5 1.1261207503153321e-5 0.00032235076021572143 0.0004480833413018558 1.877698953680957e-6 5.012728783380333e-5 6.179375889546457e-5 1.1053559836922438e-5 0.000344890774371564 0.0005572109205659464 -4.168264505242464e-12 9507.35078012807 7.387780844940985e8
900 38216.165467048675 42.45854314134675 2.345266616243318e-6 3.179373471250187e-5 3.699011744536511e-5 1.2553283427956877e-5 0.00031584975752981263 0.0005151821081667159 1.8137905336290208e-6 5.578082997929663e-5 5.7199736347143666e-5 1.2321014191124466e-5 0.000299234441824108 0.0006145382908399065 -4.693709428052719e-12 9507.350780128083 7.387780844940946e8
950 40338.559491750966 42.44553087813926 2.2857680086343055e-6 3.309373241414076e-5 3.656642329922446e-5 9.611569930681648e-6 0.0003416098151974465 0.000579287295450098 1.7677752914822236e-6 6.102271635639879e-5 5.4965440202764234e-5 9.434528713568142e-6 0.000312104067626607 0.0006562825118226276 -4.00188312147497e-12 9507.35078012809 7.387780844940964e8
1000 42461.52898009292 42.48048861062394 2.402268975867237e-6 3.434945155124317e-5 3.6557273003307294e-5 1.2509551492721251e-5 0.0003584692378736864 0.0006072435536328046 1.8578752187434458e-6 6.595543275157698e-5 5.236611162960918e-5 1.227831372250385e-5 0.00032552130390696947 0.0006466379643398285 -4.008346318782458e-12 9507.350780128065 7.38778084494098e8
1050 44559.30813736329 42.46238253976644 2.5962466968883836e-6 3.597345343831476e-5 3.781408735374845e-5 1.205640046432966e-5 0.0003308455249575903 0.0005357452454683067 2.0078943899895553e-6 6.942126269696636e-5 5.1335350090461025e-5 1.1833885914635186e-5 0.00033162195872557336 0.0005883830230377883 -4.090575954668468e-12 9507.350780128063 7.387780844940938e8
1100 46681.775360928215 42.44464606992141 2.7113225942557593e-6 3.8041540719710134e-5 4.013370810166595e-5 1.2110323221005346e-5 0.00036264102897145433 0.0005298302477326218 2.0968921917101176e-6 7.040798342380779e-5 5.415434839443012e-5 1.1886734403245981e-5 0.0003687002061735433 0.0006153772882614158 -4.378103998867761e-12 9507.350780128078 7.387780844940993e8
1150 48804.583079339405 42.47510948648587 2.674656867638856e-6 4.0520550634619726e-5 4.1855294977512656e-5 1.2544083486651254e-5 0.0004098182063360919 0.0005065532914838039 2.0685355232682354e-6 7.054587749390582e-5 5.7787414386957095e-5 1.2311974991112532e-5 0.0003859163165718865 0.000615667566091723 -3.744450296965751e-12 9507.350780128081 7.387780844940969e8
1200 50930.14622244524 42.553860296541465 2.5442402983601207e-6 4.268397021327232e-5 4.242131864272986e-5 1.1477545548261551e-5 0.0005240164688155226 0.00047080179038533603 1.9676734988192156e-6 7.131853204326686e-5 5.9567627683912477e-5 1.1266029459757347e-5 0.0005032780458191206 0.0005947045127522911 -3.656990372263374e-12 9507.350780128054 7.387780844940972e8
1250 53033.93126639455 42.67840354660186 2.439248918976187e-6 4.366240961245584e-5 4.321609662692716e-5 1.1456460118912316e-5 0.0005979790477654763 0.0004547963627996864 1.8864748970384828e-6 7.112166361681664e-5 6.155681395600415e-5 1.1244556290558425e-5 0.0005889564286134029 0.0005920401229182787 -4.261184453262658e-12 9507.350780128085 7.3877808449409e8
1300 55168.95865481854 42.65017301404731 2.4071294836916804e-6 4.418467292693441e-5 4.490402933455026e-5 1.2476543508835144e-5 0.0005899104228661173 0.0005007036652827153 1.8616342553570305e-6 6.983676256708076e-5 6.666459094406752e-5 1.2246261857427693e-5 0.0005760281948504452 0.0006790680000257322 -3.929555042601497e-12 9507.350780128061 7.387780844940988e8
1350 57298.29047234644 42.53332510986692 2.4700878388902473e-6 4.5165453496420245e-5 4.7479968569357575e-5 9.202313190856439e-6 0.0006092354426186634 0.0005770843209676155 1.910325209246104e-6 6.821767451402924e-5 7.414675046152603e-5 9.032547157915021e-6 0.0006183497648601265 0.0007904756494184592 -3.6996673848162455e-12 9507.350780128076 7.38778084494096e8
1400 59422.997517131225 42.46438755206317 2.6149443625951363e-6 4.640357378666666e-5 5.025379481703377e-5 1.1219531504933128e-5 0.000696029711823603 0.000654753932602328 2.022354856370578e-6 6.687435812473867e-5 8.122146706802916e-5 1.1011856472654585e-5 0.0006687779364703499 0.000870990249873519 -3.3047384611886326e-12 9507.35078012804 7.387780844940963e8
1450 61541.122609552964 42.44386826528337 2.683788415730316e-6 4.776222631197647e-5 5.3220308465630726e-5 1.1082980274388245e-5 0.0007810655236726746 0.0007398061365862851 2.075597712005827e-6 6.590426534093108e-5 8.724361196276344e-5 1.08784973209741e-5 0.0007243095869603158 0.0009345528346199078 -2.9425543618344947e-12 9507.350780128083 7.387780844940956e8
1500 63663.81740233106 42.471336362550886 2.5861727910463937e-6 4.902369832238318e-5 5.598457364660387e-5 1.145071850605504e-5 0.0007413310182186262 0.0008868984241935487 2.00010339730477e-6 6.520298103886782e-5 9.371695291336444e-5 1.1239152814806463e-5 0.0007105540123888916 0.0010872676012541069 -2.5360851084173285e-12 9507.350780128072 7.387780844940976e8
1550 65788.04188279621 42.46892954439122 2.4291128937481946e-6 5.0151036271038095e-5 5.753118588528552e-5 1.279417414246053e-5 0.000717599453939059 0.0009249774900454029 1.8786358622436638e-6 6.486487822099227e-5 9.888431796006732e-5 1.2557964718903734e-5 0.0007144628943630117 0.0011464994461840823 -2.929042144240821e-12 9507.35078012808 7.387780844940944e8
1600 67910.65994630054 42.44424867319404 2.363968478536951e-6 5.097575736256471e-5 5.8698060872595755e-5 1.2125493929757013e-5 0.0007222721525434446 0.0009173824675286931 1.8282542455826203e-6 6.482211973937083e-5 0.0001019959899542837 1.1901653375098811e-5 0.0007274190820358687 0.0011852312860350922 -3.3914747222114386e-12 9507.350780128074 7.387780844940976e8
1650 70011.64025902664 42.46715128387966 2.484445166000427e-6 5.155836992810829e-5 5.973413743201841e-5 9.937891388196777e-6 0.0007169041339161555 0.0009151267051752721 1.9214289293181614e-6 6.519041411836119e-5 0.00010378497012206755 9.753915107277318e-6 0.0007472445345876239 0.0012233540505922872 -3.884247570007012e-12 9507.35078012802 7.387780844940974e8
1700 72136.61278096022 42.538360125019665 2.6186148397344965e-6 5.28687852405909e-5 6.115715122247798e-5 1.1220385720272677e-5 0.0007431556103936525 0.0009308576992809858 2.0251935428740065e-6 6.70147388680638e-5 0.00010476640972072708 1.1013413239293898e-5 0.0007485660820550388 0.001280659990651698 -3.727178091364997e-12 9507.35078012809 7.387780844940946e8
1750 74266.36825015857 42.6573487987141 2.686477470144208e-6 5.503413931334182e-5 6.181715062364947e-5 1.4329495439953709e-5 0.0007635589355395956 0.0009620488731862818 2.077677382354439e-6 7.111209244769931e-5 0.000103331000200597 1.4064722114345563e-5 0.000774850120929585 0.0013004195577987461 -4.1776218786546875e-12 9507.350780128072 7.387780844940959e8
1800 76401.46535892668 42.67078841578331 2.7138391780704145e-6 5.724736954943221e-5 6.138880881293945e-5 1.647427599686311e-5 0.0006834870340835893 0.0010477168543048887 2.0988384761401216e-6 7.729662472716316e-5 9.866950667139711e-5 1.616970329007013e-5 0.0007595342806709446 0.0013601704050359136 -4.508474020919274e-12 9507.350780128061 7.387780844940969e8
1850 78526.17621951782 42.54737719405069 2.6497521982559658e-6 5.884359009568568e-5 6.026956431681635e-5 1.6865397014621016e-5 0.0006655619499808233 0.001140360475316037 2.0492746625807455e-6 8.425443192520237e-5 9.296313847889553e-5 1.6554371739114942e-5 0.000702694540696097 0.0014343893964121623 -4.8418307478632194e-12 9507.350780128072 7.387780844940963e8
1900 80651.40408069758 42.471299032907794 2.527583488723567e-6 5.9823996457826394e-5 5.904340196209659e-5 1.221226475492039e-5 0.000651874332570779 0.0012766904702852801 1.95479139687457e-6 9.081994087808943e-5 8.785663036728012e-5 1.198620015230066e-5 0.0006582926932910977 0.0015439456128470998 -4.056487183561504e-12 9507.350780128098 7.387780844940969e8
1950 82774.06204797068 42.44366401913831 2.4922927480688166e-6 6.037825670198378e-5 5.836477475782415e-5 1.0162207476143959e-5 0.0006787425301163333 0.001371709299950436 1.9274981199048504e-6 9.683042099531499e-5 8.336905745930443e-5 9.974582363760263e-6 0.0006717751599057249 0.0015806311715667685 -4.219361287273513e-12 9507.350780128056 7.387780844940959e8
2000 84896.57230446216 42.46432536483516 2.607787633691545e-6 6.123942226566846e-5 5.8578895539774025e-5 1.4051414454533735e-5 0.0007500311568058236 0.0014126792906456094 2.0168199602324067e-6 0.0001020981623693366 8.007407975515034e-5 1.3792129252141443e-5 0.0007437563904078594 0.0015350156133789148 -4.6168249482338015e-12 9507.35078012809 7.387780844940939e8
2050 86994.79151369365 42.47727317699734 2.7789755459298974e-6 6.321209481256695e-5 5.8925554749864124e-5 1.6340658235134906e-5 0.00083125266224852 0.0013039292409146113 2.149213869111311e-6 0.00010604989077540458 7.834599126213963e-5 1.6038653150737208e-5 0.0008310510759120824 0.00140151344562477 -4.612754818649762e-12 9507.350780128061 7.387780844940958e8
2100 89117.63320772366 42.4449684096768 2.787389577092567e-6 6.57758383262877e-5 5.975662550649231e-5 1.3910915698501309e-5 0.0008769351277662902 0.001276542325354077 2.1557211420889467e-6 0.00010860986903964547 7.852869457318536e-5 1.365439549942501e-5 0.0008819090258010247 0.0014578861684801745 -3.908718123319895e-12 9507.350780128094 7.387780844940983e8
2150 91240.08182532468 42.46071092666948 2.692832585048471e-6 6.789992989081093e-5 6.013608100617826e-5 1.280846876436677e-5 0.0009154602314147879 0.001214106354588026 2.082592323442885e-6 0.00010956563367040049 7.953278283884739e-5 1.2571442941086731e-5 0.0009516199926120822 0.0014564522950638492 -4.718945763037106e-12 9507.350780128101 7.387780844940976e8
2200 93364.54906002746 42.52473494764118 2.5512831450106673e-6 6.908740265203004e-5 6.034445805243419e-5 1.2557962183895437e-5 0.0009410729056308368 0.0011522262986087652 1.9731203203007236e-6 0.00010901465034737136 8.151571265510596e-5 1.2326308923059983e-5 0.001010497532858681 0.0014397096816370877 -6.144984391710304e-12 9507.350780128067 7.387780844940964e8
2250 95466.23044952129 42.63492180478539 2.4752750436537096e-6 6.902326677601516e-5 6.175210033827552e-5 1.2586566851892402e-5 0.0010049288866444041 0.0011455889162865964 1.914336907887096e-6 0.0001064265565979087 8.664806373128699e-5 1.2354517685622989e-5 0.0010711853115859381 0.0014778121718264834 -5.229239695476672e-12 9507.350780128094 7.387780844940984e8
2300 97601.04055573666 42.69431378731694 2.5054623943910143e-6 6.830769581181254e-5 6.526249246444336e-5 1.2242057714454324e-5 0.001069459246985553 0.001246609636488614 1.937683307236041e-6 0.00010187593109924244 9.617431958390969e-5 1.201558288753939e-5 0.0011169741060471571 0.001665906110143632 -4.975727673125548e-12 9507.350780128088 7.387780844940945e8
2350 99732.20999981058 42.56291563790704 2.582565421086513e-6 6.749244161011407e-5 7.007475573000588e-5 1.1771026855959367e-5 0.0011758059403082768 0.0013535434630102996 1.997313516853398e-6 9.672912411779963e-5 0.00010803031198999392 1.1554231694611915e-5 0.001203178234300219 0.0018710360300962495 -5.875773845093366e-12 9507.35078012806 7.387780844940984e8
2400 101858.02016097557 42.4792071243545 2.644198268881413e-6 6.667301066926613e-5 7.420405126854077e-5 1.0946867899385553e-5 0.001198528704387001 0.0014702513297153597 2.0449793451714673e-6 9.238848572302504e-5 0.00011872591299333032 1.0744260229057078e-5 0.0012043647459737828 0.0019759663400189184 -5.819557812588318e-12 9507.350780128058 7.387780844940968e8
2450 103977.1136094666 42.444012218130446 2.5569497125997243e-6 6.6402126202466e-5 7.683637096016835e-5 1.433997300698977e-5 0.0011964104247559394 0.001539179949815279 1.977502750247008e-6 8.964524952763692e-5 0.0001261921580639267 1.4075274951744767e-5 0.0011775177778681094 0.0019998167778619755 -5.859669456541654e-12 9507.35078012805 7.387780844940947e8
2500 106099.44806260316 42.45711823820339 2.344769356199889e-6 6.612933909180703e-5 7.900984417841204e-5 1.9127177417439398e-5 0.0011674979740211435 0.0015676393877542437 1.8134059609117904e-6 8.73737900000894e-5 0.00013262896850688762 1.8774001027988126e-5 0.00114736096543675 0.001956552888848621 -4.8273804477219545e-12 9507.350780128034 7.387780844940953e8
2550 108223.46969994914 42.48608752370382 2.2162612517372643e-6 6.600877551980398e-5 8.037400876796102e-5 2.1261612568934303e-5 0.0011264477708717755 0.0016932153292442238 1.7140199116844324e-6 8.577652982535445e-5 0.00013682918569643743 2.0868610992497896e-5 0.0011188627239176777 0.0018742094310936273 -4.699992666667403e-12 9507.350780128083 7.38778084494099e8
2600 110346.57445243381 42.44679529804674 2.2105433595286376e-6 6.704382983767818e-5 8.037947515565368e-5 1.7351505759625027e-5 0.0010710066900510493 0.0015733970708369945 1.7095977881248248e-6 8.635088163427203e-5 0.0001372118246818004 1.703168349337358e-5 0.0010687700168684744 0.0018070293073474157 -5.4913897350823505e-12 9507.35078012805 7.387780844940944e8
2650 112447.36321973786 42.45503600559317 2.315916741198124e-6 6.835771389382185e-5 8.01553871622548e-5 1.3914198842897527e-5 0.0011465202951170311 0.0013544233322737762 1.7910918241733799e-6 8.799111242318035e-5 0.00013540939387401393 1.3656741606624273e-5 0.001053918315539479 0.001793297175880279 -5.9823247068663166e-12 9507.350780128047 7.387780844940947e8
2700 114571.35154448399 42.51143301911483 2.464573354767998e-6 6.933842834063556e-5 8.054813012022554e-5 1.531773709188398e-5 0.0014340566123132348 0.0013005148222107435 1.906060398146641e-6 8.961846246088856e-5 0.0001325278810999633 1.5035061358797459e-5 0.0013475235493820856 0.0017747589926607593 -5.135881337449542e-12 9507.35078012807 7.387780844940963e8
2750 116699.38783759248 42.615850256145016 2.5358001171085767e-6 7.057921253231487e-5 8.101153384926197e-5 1.2242846915427817e-5 0.0014805783181739125 0.0012897148589257426 1.9611460017964393e-6 9.310200281031383e-5 0.0001276641160196268 1.2017783687760503e-5 0.0014293321417454391 0.0017687674310964143 -5.611381022417271e-12 9507.350780128067 7.387780844940972e8
2800 118833.63599011023 42.71733477279738 2.5079766417112657e-6 7.202781030770599e-5 8.084268049725454e-5 1.4497347043516353e-5 0.0011338041904647373 0.0014076721883925778 1.939627784660529e-6 9.859726382429107e-5 0.00011980107174346726 1.4229135442172716e-5 0.0012242916103260243 0.001842522000499373 -5.562371952668158e-12 9507.350780128092 7.387780844940976e8
2850 120960.0 36.795035009490675 2.3662597205272015e-6 7.316159682591189e-5 8.035525365068634e-5 1.64825676950166e-5 0.0010246978072746998 0.001533163682153402 1.8300262543621178e-6 0.00010392844410100467 0.00011256480210050987 1.6179626170389823e-5 0.0011167796908877405 0.001948911359577889 -4.208276597578504e-12 9507.350780128058 7.387780844940946e8
2900 123086.45665358225 42.488637903934865 2.156956149982908e-6 7.402544463267096e-5 7.948898867145462e-5 1.7005300278100017e-5 0.0008909383228383377 0.0016334236537499903 1.668154323777714e-6 0.00010820306802511607 0.00010848391185191262 1.6690543485936916e-5 0.0009402997369170189 0.002001620377656697 -5.2901499696280335e-12 9507.350780128061 7.387780844940959e8
2950 125209.60390254542 42.446185686235054 2.0660150686335347e-6 7.475191910638593e-5 7.918523648477909e-5 1.5910074082898235e-5 0.0007228649575707187 0.001707530908071382 1.597821990843932e-6 0.00011167020948872835 0.00010637865604083811 1.561639366723658e-5 0.0007388468082133225 0.0019990026944096003 -4.670161641653997e-12 9507.350780128085 7.387780844940938e8
3000 127331.86736754548 42.45227700332721 2.1906816072502647e-6 7.600865775805726e-5 7.906532547777275e-5 2.0801152501250888e-5 0.0006829195362349214 0.001790385190434512 1.69423703638046e-6 0.0001144027881706291 0.00010421503999530532 2.0416926046698792e-5 0.000682699728151284 0.001982778690017023 -5.588054355476196e-12 9507.350780128052 7.387780844940963e8
3050 129455.63636662884 42.495920337409636 2.3452117811466518e-6 7.744785735453225e-5 7.85417262604475e-5 2.2388179347424566e-5 0.0008227153902050563 0.0020261843594324854 1.8137481250702574e-6 0.00011594042748408458 0.00010296683060525007 2.1974366073069153e-5 0.0008222349762060708 0.0019339156055441908 -4.296364463251513e-12 9507.35078012805 7.387780844940971e8
3100 131553.4767468176 42.45004664349503 2.360929376760168e-6 7.896092604535638e-5 7.780859774636225e-5 1.784930354449215e-5 0.0008959353998167199 0.001853024760491303 1.8259038543753408e-6 0.00011734705216134106 0.0001024273005107193 1.751979676687919e-5 0.000885299601923642 0.0018626193672425797 -4.248196796113965e-12 9507.350780128063 7.387780844940954e8
3150 133675.80299327575 42.4509903796519 2.336106514800102e-6 7.986804688358199e-5 7.723699713740078e-5 1.0728108512697933e-5 0.0011689343608598335 0.0012426895807300343 1.8067062622003155e-6 0.00011852294680001277 0.00010081273725002744 1.0529706863386048e-5 0.0010697594537213547 0.0013019490520233177 -3.979315535615772e-12 9507.350780128067 7.387780844940977e8
3200 135799.40558429 42.500182055535035 2.319892851543121e-6 8.015415275056342e-5 7.650086670689461e-5 1.3961580616654272e-5 0.001427831384212769 0.0010064056480392487 1.7941668823595994e-6 0.00011787809185792475 9.930938019546256e-5 1.3703454914195983e-5 0.0013338657172068942 0.0012421228597376626 -4.210543311326154e-12 9507.350780128076 7.387780844940952e8
3250 137926.69523712227 42.597411543798614 2.209834892746223e-6 7.98108569503792e-5 7.718447037945667e-5 1.337278913074838e-5 0.001508360569654717 0.001016605211247619 1.7090498715964611e-6 0.00011476929944981705 0.00010223141611183945 1.3127770840026434e-5 0.0014486724194921856 0.0012997241084296673 -3.879480579101904e-12 9507.350780128074 7.387780844940968e8
3300 140032.4089228869 42.739599739060736 2.1311877657650186e-6 7.904159676309074e-5 7.99907118124053e-5 1.1539018944270343e-5 0.0012621743102083258 0.0011083537569834343 1.6482254802764021e-6 0.00011015512606918 0.00011031308539289768 1.1325420816972835e-5 0.0013623758025586707 0.0014575000630763478 -4.568530927120454e-12 9507.350780128023 7.387780844940964e8
3350 142165.71982459372 42.59870666603093 2.2621797948366546e-6 7.753727081415268e-5 8.404913464385104e-5 1.2007615568345017e-5 0.0012133586431677722 0.001231473597328801 1.74953255584021e-6 0.00010499766420017878 0.00011960524184986701 1.1787612039913925e-5 0.0013291559349074948 0.0017033824526069485 -4.278383909604619e-12 9507.350780128085 7.387780844940959e8
3400 144292.94429666657 42.50023512012112 2.454132625812847e-6 7.563571348430152e-5 8.712770858220496e-5 1.83060344609886e-5 0.0011424293314209531 0.0013619497915191372 1.8979857105121577e-6 0.00010050066639602762 0.0001262592019967112 1.7967507359246246e-5 0.0012122627331768625 0.0018474900093038461 -4.359648660584535e-12 9507.35078012807 7.387780844940963e8
3450 146416.47615500574 42.450109537074454 2.4086680710765225e-6 7.484618411773393e-5 8.786514215780499e-5 1.3413364772106472e-5 0.001133688196804403 0.0014565906560092936 1.862824173471583e-6 9.835280298970714e-5 0.00013120334180432587 1.3165349270376876e-5 0.0010752519766547143 0.001913771154006945 -3.5101057898523517e-12 9507.35078012806 7.387780844940977e8
3500 148535.3405410444 42.448450507421995 2.210015223447456e-6 7.460057592541239e-5 8.826961421458568e-5 2.004941954148002e-5 0.0011887882560321866 0.0016421085927432442 1.7091893363874894e-6 9.721080609938566e-5 0.00013552157787057967 1.9679243181540432e-5 0.001102294538865699 0.001881991684486646 -3.3521326888379635e-12 9507.350780128076 7.387780844940944e8
3550 150658.74646693893 42.49479237615886 2.1501732987817645e-6 7.408658256591032e-5 8.962547861464253e-5 2.3702094186718433e-5 0.0009343995450089947 0.001910798379837219 1.6629085784895295e-6 9.503137204892368e-5 0.00013854389004783692 2.326395562089892e-5 0.0009317568189470641 0.0021042260989310732 -3.5999779268199635e-12 9507.350780128058 7.387780844940965e8
3600 152782.55065349492 42.4541823795858 2.2562719264917923e-6 7.406780273987855e-5 9.016393729583459e-5 1.980484527894609e-5 0.0010466944559993155 0.001973349183912966 1.744963507868392e-6 9.370029834403256e-5 0.00013860860601760207 1.943902808920182e-5 0.0010474787698612827 0.0022331712844770057 -4.2128444852490204e-12 9507.350780128081 7.387780844940934e8
3650 154904.90365547955 42.44805726402833 2.386186223375878e-6 7.480321254625361e-5 8.818730718513173e-5 1.2497248539956866e-5 0.0011530073380311473 0.001471662014225617 1.8454370831277054e-6 9.438514561271137e-5 0.00013681482467265506 1.2266453342944255e-5 0.0011806127546710574 0.0017097022864996693 -4.415194634127017e-12 9507.350780128065 7.387780844940976e8
3700 157006.48106173743 42.48945802499571 2.477285360199044e-6 7.529272018312102e-5 8.654256041662107e-5 1.3448480134606378e-5 0.001420575616894003 0.000761615292810415 1.915891653558564e-6 9.631568574386462e-5 0.00013339757854343684 1.3199574990119132e-5 0.0013225904560217787 0.0010201639504535901 -3.239363679892407e-12 9507.350780128078 7.387780844940976e8
3750 159133.04075796806 42.57909234566693 2.52106548295197e-6 7.609380523756713e-5 8.617808781654001e-5 1.2988912838865063e-5 0.001715162561215735 0.0006998534530392376 1.9497504786751163e-6 9.970106765488786e-5 0.00012647405657569582 1.2750291476604127e-5 0.0016391309639537473 0.000971660196105109 -3.2051504692638246e-12 9507.350780128074 7.387780844941003e8
3800 161265.29106539697 42.71597076949561 2.4115192095622438e-6 7.798598595427114e-5 8.530141327096644e-5 1.3190188651505829e-5 0.0015856180147718287 0.0007903257926431384 1.8650291969714828e-6 0.00010514932859935166 0.00011790313948887892 1.2946118214937044e-5 0.0015746377507892938 0.0010422208308384785 -3.6630250907949774e-12 9507.35078012804 7.387780844940982e8
3850 163399.4982970176 42.61700457146076 2.209147061472726e-6 7.955710994125973e-5 8.398000511205602e-5 1.3080727091910873e-5 0.0014056485487646576 0.0010154353449445394 1.708517914229406e-6 0.00011053927899222687 0.00011086428054862506 1.2840422177601337e-5 0.0015470864999409292 0.001198404796693405 -5.090344130353606e-12 9507.350780128054 7.387780844940954e8
3900 165521.28747400542 42.51181117792861 2.068572761658477e-6 7.967833378650624e-5 8.266963900617465e-5 1.4278675726956695e-5 0.0013699743675331276 0.0013029878056469196 1.599800068459765e-6 0.00011340053036690125 0.00010706866554976234 1.4015074241173707e-5 0.0014609763076777554 0.00147578829136352 -3.4162515881929235e-12 9507.350780128061 7.387780844940971e8
3950 167645.21362563208 42.454469508363985 2.116443761485503e-6 7.931544258283303e-5 8.162515180549468e-5 1.695622034681686e-5 0.0012636900106386415 0.0015901127195948057 1.6368227104574344e-6 0.00011457832046912833 0.00010574945746831179 1.6642484609940644e-5 0.0013037542175288715 0.0017171417829117016 -4.355394743399335e-12 9507.350780128098 7.387780844940974e8
4000 169767.513050697 42.44578484519856 2.270580135393855e-6 7.935784373092885e-5 8.231904396579145e-5 2.0746407364481487e-5 0.0011769354763725547 0.0017498634181802922 1.7560292407266274e-6 0.00011439312795079548 0.00010665344123427555 2.0363842881689715e-5 0.0011766784658419672 0.001789213501689306 -4.399702870912508e-12 9507.350780128065 7.387780844940943e8
4050 171890.61189509305 42.48533312166813 2.3785826078479127e-6 8.031490958724366e-5 8.351692011797593e-5 2.3519320128282667e-5 0.0010941825171402575 0.0018465170417152983 1.8395565722442535e-6 0.00011419157495564357 0.00010809747364175736 2.3084621562162706e-5 0.001089904848401102 0.0017816239330045404 -4.0445027004024794e-12 9507.350780128061 7.387780844940959e8
4100 173989.21849097457 42.45964083966798 2.383180425790112e-6 8.183060445757516e-5 8.352155138585115e-5 1.9254830376182168e-5 0.0010219267633424052 0.001847500027688101 1.8431124488337572e-6 0.00011627135573655137 0.00010694838399669586 1.8899258107060342e-5 0.0010222961075238327 0.001832747126121226 -4.794291021696303e-12 9507.350780128063 7.387780844940968e8
4150 176111.65415835814 42.446031515022575 2.356564322461813e-6 8.288657806840382e-5 8.240292062626072e-5 1.598253881716794e-5 0.0011886879179503827 0.0013132513901505404 1.8225279933508617e-6 0.00011856290688257691 0.00010456066273986983 1.568755708986958e-5 0.001210109090044895 0.0013613340433038632 -5.213142964741675e-12 9507.350780128072 7.38778084494097e8
4200 178234.63260744998 42.48044178527037 2.273368380272631e-6 8.305853507907454e-5 8.166350185306036e-5 1.189095503669566e-5 0.0013876066960743349 0.0010068303274527457 1.7581856233453823e-6 0.00011909592361159337 0.00010362573601771944 1.1670860607916557e-5 0.0013636000339434004 0.0012267893873461923 -5.385497445546893e-12 9507.350780128041 7.387780844940953e8
4250 180360.5590285472 42.56295052278945 2.210801291943613e-6 8.27629058667196e-5 8.177246019762521e-5 1.434530868480119e-5 0.001657156006991775 0.0010527631140131188 1.7097972688022952e-6 0.00011714807949178543 0.00010618226648894358 1.4081179796065285e-5 0.0015768786391195983 0.0013325690476480084 -4.786043553094214e-12 9507.35078012807 7.38778084494096e8
4300 182463.7796893979 42.69095062848117 2.2444378168830585e-6 8.242461932201293e-5 8.371998092171067e-5 1.3114093390513403e-5 0.0015568413522566785 0.0010804278537256753 1.7358112026114796e-6 0.00011345626812006125 0.00011267834086398673 1.287148302215976e-5 0.0015593190817007436 0.0014091502618255734 -4.7388101395958985e-12 9507.350780128078 7.387780844940985e8
4350 184598.6486719638 42.63925606912356 2.42393085436092e-6 8.118501837879255e-5 8.697876487246543e-5 1.5630280272365413e-5 0.001445265914890562 0.0011058893877889749 1.874628158420699e-6 0.00010874655407543704 0.00012048203082388435 1.5342179907719547e-5 0.0015988613035590156 0.0015069897401730388 -5.1037740264175926e-12 9507.350780128047 7.387780844940988e8
4400 186727.53059262672 42.52618817796696 2.56290332724438e-6 7.985639134091325e-5 8.84399489050241e-5 1.8269496833789215e-5 0.0014604651170657954 0.0010845218441849496 1.9821071776534636e-6 0.00010560433253452973 0.00012595923628427576 1.7932507236878443e-5 0.001565483945598416 0.0014839328096132118 -5.2010819034155004e-12 9507.350780128038 7.387780844940966e8
4450 188851.9792824919 42.46113329696261 2.537596555409187e-6 7.958487067724175e-5 8.792105602885233e-5 1.4623685062200486e-5 0.0014392878953002307 0.0011620393070247662 1.9625353375582117e-6 0.00010506161292631226 0.00012809082715359608 1.4353108755151338e-5 0.0014930313190485598 0.0014028882951347497 -5.8212808213492005e-12 9507.350780128061 7.387780844940956e8
4500 190971.3327764641 42.4446426839467 2.3458844791833432e-6 8.023561992565334e-5 8.785121762623857e-5 1.5677193526368314e-5 0.0013209786501421285 0.0012627589706930712 1.814268378641284e-6 0.00010601422583791118 0.0001297307696178554 1.5388182989293273e-5 0.0013244560481522412 0.0014657095880528644 -5.022746667755843e-12 9507.350780128047 7.387780844940971e8
4550 193094.17656756515 42.47647760266431 2.293292329594802e-6 8.023691490147585e-5 8.96881310022845e-5 1.7776023547620607e-5 0.0011596928061834485 0.0011612693575544153 1.7735944772569951e-6 0.0001052384034476693 0.0001329242160065549 1.744746278517426e-5 0.0011569604427496155 0.0013276702902006675 -5.902384758178101e-12 9507.350780128067 7.387780844940959e8
4600 195218.41515704052 42.46608905632894 2.4765239517386107e-6 7.961524486220403e-5 9.209854594800077e-5 1.6935267846560188e-5 0.0010091684427759404 0.0015061463315056741 1.915302792809232e-6 0.00010289344431293674 0.0001359837544342874 1.6622895026354488e-5 0.0009974804022323206 0.0016983585586857657 -4.762135849309885e-12 9507.350780128063 7.387780844940965e8
4650 197340.99416267613 42.44542778641236 2.633382191505397e-6 7.996323199096141e-5 9.272552403418317e-5 1.835133620133949e-5 0.0010684810989605947 0.0011801568213206718 2.036614369258534e-6 0.0001022241986869162 0.00013734980130890816 1.801250264810048e-5 0.001078559727511446 0.0013930714056235188 -4.481166725127015e-12 9507.350780128076 7.387780844940968e8
4700 199441.90306598382 42.47216308884707 2.8259487943350347e-6 8.009219461815437e-5 9.194104821128575e-5 1.3710832545252159e-5 0.0012741518722715504 0.0009344569388096394 2.1855422049626727e-6 0.00010220072499381806 0.00013647017708075444 1.3457047359139004e-5 0.0012388091226742848 0.0011384482063023426 -4.873913170990845e-12 9507.350780128027 7.387780844940974e8
4750 201567.2188663252 42.54695514363749 2.8885447082879644e-6 8.00574264641633e-5 9.199617488453458e-5 1.4878212556580703e-5 0.0017824050587803577 0.0006977442602261167 2.233952852770308e-6 0.00010325080605053856 0.0001336271445811521 1.4603876486825786e-5 0.001694777085542232 0.0008822422663262102 -5.407151836762824e-12 9507.350780128076 7.387780844940974e8
4800 203697.49243466978 42.669414955013195 2.805257988947771e-6 8.147578467462493e-5 9.083312632077418e-5 1.6009550360284725e-5 0.0019495535073619265 0.000652952950845981 2.1695402772131872e-6 0.00010731398712702797 0.00012625310042335924 1.571351234406553e-5 0.0019065438970481058 0.0008156295600776402 -6.124148429655792e-12 9507.350780128067 7.387780844940996e8
4850 205832.61538608893 42.65987523257479 2.7250294618388144e-6 8.355553808066941e-5 8.801899525647066e-5 1.9191120830731867e-5 0.0016627110084145834 0.0008139703173418905 2.1074928571084486e-6 0.00011273855194200363 0.00011737364118843973 1.8836632893396176e-5 0.0016225003904161456 0.0009253633844116784 -4.8100488940416596e-12 9507.350780128078 7.387780844940917e8
4900 207955.74670980193 42.54023833418521 2.678678296430083e-6 8.458503956786567e-5 8.683968831897056e-5 1.4757437255164233e-5 0.0014038551887417896 0.0008306202356034617 2.0716456299909477e-6 0.00011680925044236968 0.00011316957821055525 1.4485203255729899e-5 0.0015122421071005433 0.0009526118316702992 -3.8902532127657755e-12 9507.350780128092 7.387780844940953e8
4950 210080.7144226865 42.46795903823057 2.849019108072901e-6 8.436936384846891e-5 8.708286052678181e-5 1.3123377355600412e-5 0.0013776265534478913 0.0010113484695562106 2.2033844052372192e-6 0.00011782487306014579 0.0001130292109353561 1.2880431848594257e-5 0.0014367045626506318 0.0011086344985265682 -5.513712270806668e-12 9507.350780128076 7.387780844940953e8
5000 212203.3060328241 42.44430565599319 3.111500635558114e-6 8.419344938503388e-5 8.843802119070805e-5 1.4496274881490047e-5 0.0014073380539372986 0.0010656118828658596 2.4063832909540853e-6 0.0001163208428408374 0.00011469290533072974 1.4228713018809966e-5 0.0014182264880934485 0.0011082528881006639 -4.898598143171749e-12 9507.350780128052 7.387780844940951e8
5050 214325.95393114618 42.4691108847956 3.1303986038600512e-6 8.474087858516358e-5 9.06799710125389e-5 1.635817970589693e-5 0.0013973364160147323 0.0009690579343869329 2.420998668059327e-6 0.00011603676638886308 0.00011667402186244606 1.6056071824155747e-5 0.0013937952073846127 0.0009487503544550188 -5.155801233179518e-12 9507.350780128067 7.387780844940952e8
5100 216424.78530700968 42.473588700697924 3.0374324979199756e-6 8.582621739396776e-5 9.195225716420388e-5 1.650066924420233e-5 0.001305010839945712 0.0011426026583111883 2.3491002144956505e-6 0.00011792423732145142 0.00011581810458344788 1.6195846388415304e-5 0.0012927619023352455 0.0011143485580385035 -4.033862164076943e-12 9507.350780128067 7.387780844940935e8
5150 218547.5470373342 42.44533595122143 3.015174077689757e-6 8.638797631733122e-5 9.168614212813037e-5 1.7166324768390554e-5 0.001163467022253977 0.0011367421497981097 2.3318859192739986e-6 0.00012015440273148363 0.0001128323322352124 1.6849549028260535e-5 0.0011451325898788937 0.0011843454666979744 -3.967047713238292e-12 9507.350780128054 7.38778084494098e8
5200 220670.11182516327 42.464870967881005 3.033083660315141e-6 8.674306112978368e-5 9.08925310076513e-5 1.7629051703650845e-5 0.0012537917822931523 0.0009512499223097261 2.3457368951932636e-6 0.00012124647276094054 0.00011052297207319848 1.7302712720975372e-5 0.0011605608707357627 0.0010082983978735632 -3.83489677018699e-12 9507.350780128078 7.387780844940965e8
5250 222794.88206238658 42.532610867347394 3.070329608021246e-6 8.709774963428372e-5 9.105523599903047e-5 1.625000661908473e-5 0.0017247375429281428 0.0010448693873149769 2.374542297060025e-6 0.00011979901359309788 0.00011340548040432563 1.5950224763782518e-5 0.0016347980757102176 0.0011388839250459472 -3.684259857585602e-12 9507.350780128045 7.387780844940931e8
5300 224895.8374302223 42.64642401009274 3.154576708652196e-6 8.723497216071423e-5 9.260827745646792e-5 1.4386012539921869e-5 0.0019180266724469278 0.0011440914325763954 2.439697615671978e-6 0.0001170101280535754 0.00012035648553752831 1.41204403101467e-5 0.0018668237564736655 0.0012844085442373454 -3.982868762571547e-12 9507.35078012806 7.387780844940988e8
5350 227030.87401451173 42.68365674669741 3.2629013071957717e-6 8.731861377115946e-5 9.501511248871212e-5 2.2185469985098506e-5 0.0016522746327732288 0.0011402650628616344 2.523474074193146e-6 0.00011378618716942864 0.0001264333614494149 2.177513784036477e-5 0.00161835547434354 0.001343180657604734 -3.774545516655826e-12 9507.350780128078 7.387780844940972e8
5400 229161.61392060868 42.5563154492444 3.3428629189276546e-6 8.718433243646374e-5 9.653719490890606e-5 2.237275936060372e-5 0.0012153627513344922 0.0009998027696715408 2.585315066347844e-6 0.00011028676985313302 0.0001317644337575623 2.1960370182837305e-5 0.0013156088907836088 0.0013796856073036185 -3.3494677686211327e-12 9507.35078012805 7.387780844940971e8
5450 231287.19402605822 42.476514576716255 3.223285418716574e-6 8.784806247699618e-5 9.639714516779924e-5 1.605526281825827e-5 0.0012390854654328797 0.0010338376872340957 2.492835799207212e-6 0.00011026420136026805 0.00013614031293856258 1.575814253038546e-5 0.0012989277373707865 0.0013277675372110537 -3.164094999400361e-12 9507.350780128052 7.38778084494095e8
5500 233407.33597916164 42.445167990106384 3.1372380892559693e-6 8.962850390847548e-5 9.528433711688605e-5 1.4380092523293993e-5 0.0013184305558160557 0.0010275344503804758 2.4262882132993053e-6 0.0001130054361740683 0.0001364931264022326 1.4114586107747462e-5 0.0013362499810329073 0.0012909535177559345 -3.806539874891228e-12 9507.350780128058 7.38778084494095e8
5550 235529.8274164994 42.46216108965491 3.2476470817566372e-6 9.060459254780888e-5 9.626496352566668e-5 1.6117388393913973e-5 0.0013596099417655274 0.0010056901994412982 2.511676707741755e-6 0.00011342402607422251 0.00013797063964206177 1.5819989117984206e-5 0.0013576981799015703 0.0012344367282025412 -2.8432095055903888e-12 9507.350780128072 7.387780844940947e8
5600 237654.01953278654 42.48182699420182 3.3941819856754412e-6 8.97800763568684e-5 9.988517345071407e-5 1.8526241215905684e-5 0.0013047694959305671 0.001092312996946659 2.625004386450739e-6 0.00011151097466044622 0.00014358306288033283 1.8183791306858613e-5 0.001294905526346367 0.0012159456133461093 -3.5224310458551952e-12 9507.350780128056 7.38778084494095e8
5650 239777.01576489792 42.44660419031754 3.4861206445638917e-6 8.971122604579094e-5 0.00010189689972309852 1.7933535397401607e-5 0.0013334575656381313 0.0012132206921160646 2.6961082294056233e-6 0.00011071586506075381 0.00014769917837960245 1.760308449345906e-5 0.0013346266910911875 0.0014137011775423817 -3.1485266580187016e-12 9507.350780128032 7.387780844940989e8
5700 241899.4628449364 42.45902470041294 3.537216398159395e-6 9.091070625596469e-5 0.00010124070979298468 1.5658404114230514e-5 0.001495901784338308 0.0008782486999263847 2.735624842799606e-6 0.00011153060455244201 0.00014772195181812653 1.53687040774878e-5 0.0015493671792327084 0.0010739361915250228 -3.097069958602046e-12 9507.350780128027 7.387780844940935e8
5750 244001.80497633253 42.51876485656527 3.633897111302881e-6 9.199161861125218e-5 9.984405325696012e-5 2.097024534818499e-5 0.0015223360673138702 0.0007742481416522758 2.8103961123278175e-6 0.00011350262115997733 0.0001439467280594362 2.058351042671314e-5 0.001629110877320346 0.001048788350571198 -4.153582556145569e-12 9507.350780128101 7.38778084494097e8
5800 246130.30362053527 42.626969378410394 3.617112919834626e-6 9.305991493518697e-5 9.932940535014945e-5 1.9730991921756225e-5 0.0017759315887338925 0.0007361073992820674 2.797415495376927e-6 0.00011822864966316596 0.00013825729847463073 1.9367615882439638e-5 0.0017234342025512657 0.0010056747028659092 -3.022430176307722e-12 9507.350780128058 7.387780844940925e8
5850 248264.94743726338 42.70606613364982 3.552286028406941e-6 9.467257530644668e-5 9.818309855605383e-5 1.6461592839074632e-5 0.001711659429867493 0.0006848506860015829 2.7472794463745822e-6 0.00012503253767631785 0.0001309271007092545 1.615705362450972e-5 0.001687517738352819 0.0008815602392758674 -3.872427490600588e-12 9507.350780128041 7.387780844940965e8
5900 250396.63743014628 42.57200110117291 3.622117872346665e-6 9.623844672945762e-5 9.702356184517914e-5 1.4677153687577804e-5 0.0015751015476441102 0.0007296556738828553 2.801286243131348e-6 0.00012987991421190101 0.00012537143854443407 1.440702653216241e-5 0.001712968179494974 0.0008720958798438373 -3.64201551167713e-12 9507.350780128043 7.387780844940958e8
5950 252515.9367502194 42.485539934802446 3.7362608728609434e-6 9.70617990973056e-5 9.724412722277739e-5 1.4530323777917375e-5 0.0016017686425975938 0.000825007867489492 2.8895625578063913e-6 0.00013190367907203496 0.0001250570653143927 1.4261363149011275e-5 0.0016872972084646268 0.000992920456089964 -3.959476046961304e-12 9507.350780128041 7.387780844940935e8
6000 254639.02993867797 42.44704076884819 3.8778746915091705e-6 9.744504021562053e-5 9.831444589025332e-5 1.4777508776283813e-5 0.0016646911148254788 0.0009840428003192857 2.9990843503035317e-6 0.00013257791445447556 0.00012732859987002479 1.4504833211116312e-5 0.0016954237868468665 0.0011478384627073661 -3.2339764058333826e-12 9507.350780128094 7.387780844940952e8
6050 256761.4321541096 42.45686315462893 3.871313795182588e-6 9.822461285737748e-5 0.0001004480623156896 1.7898179512286164e-5 0.0017196659086152217 0.0011497911938710545 2.9940102612558314e-6 0.00013470338067272263 0.00012815487090114827 1.756761897775211e-5 0.0017168863893741756 0.0012688146507483743 -4.479845751743673e-12 9507.350780128058 7.387780844940963e8
6100 258885.43829995368 42.49089653890407 3.855849918259143e-6 9.912868761296553e-5 0.00010166626848957839 1.847967033569297e-5 0.0016359878916861635 0.0013986457735310398 2.982050753803795e-6 0.00013825257564771936 0.00012537846420787653 1.8138143728536e-5 0.001625689534863953 0.0014751706203548823 -4.5092823991962544e-12 9507.350780128045 7.387780844940953e8
6150 260983.4137180248 42.449085122685034 3.938180215037657e-6 9.950336013103084e-5 0.00010086659336901218 2.1682742857665626e-5 0.0013687696302075733 0.001481574374782605 3.0457236479184135e-6 0.00014028041029119927 0.00012218714116672723 2.1282754913505098e-5 0.0013440941697979894 0.0016657810771310072 -4.889952468100479e-12 9507.350780128036 7.387780844940926e8
6200 263105.7939546636 42.45401592992928 3.955344263181858e-6 9.997219407942997e-5 0.00010003311733543368 1.6562674676967866e-5 0.0014030121534999776 0.001510643874341342 3.0589980397628294e-6 0.0001422449241300667 0.0001212107407477823 1.6256246964150178e-5 0.001447235284113146 0.001790223810268102 -5.494299705434063e-12 9507.350780128074 7.387780844940958e8
6250 265229.64687397156 42.5070959385394 3.95743615515024e-6 0.00010076554001226834 0.00010028708008302711 1.731570107030275e-5 0.0014496647045760035 0.001481941665713826 3.0606158745211325e-6 0.00014302925812458977 0.000124334144371068 1.6995875585605948e-5 0.0014897149913973586 0.0018340840407512378 -5.1357071221192745e-12 9507.350780128052 7.387780844940963e8
6300 267357.38512507593 42.60840473747619 4.044039006831439e-6 0.00010148641799451755 0.00010160785745050457 1.766436237921845e-5 0.0018893458207962256 0.0014720197136789436 3.127593092154258e-6 0.0001401744232626934 0.00013217687546360104 1.7340118349591005e-5 0.0018275162492732916 0.0018870176605494003 -4.628254239680986e-12 9507.35078012807 7.387780844940954e8
6350 269462.3796666448 42.73109977806679 4.104179434621985e-6 0.00010250284117033779 0.00010343499739191411 2.30675931111439e-5 0.0020302175249438284 0.0014723866142124812 3.1741047074469976e-6 0.0001355104183618069 0.00014067829629416613 2.2640659508338176e-5 0.0020088986565653896 0.0019451775544043546 -5.457166952182874e-12 9507.350780128012 7.387780844940968e8
6400 271595.1331284057 42.58962578508307 4.1094574501584255e-6 0.00010334874383645544 0.00010473426958241828 2.4216201790703718e-5 0.001675292742015321 0.0014159066790885827 3.1781866376429323e-6 0.00013130503965838383 0.0001470042227623527 2.3771711592187562e-5 0.0016594527908722664 0.0019666834431522427 -5.3791644311235615e-12 9507.350780128058 7.387780844940927e8
6450 273722.01113521284 42.495327445201355 4.012074788450644e-6 0.00010323150322081589 0.00010614812419258169 1.611949713719211e-5 0.0014533561004520103 0.0012700831932789794 3.10287249266609e-6 0.0001292113492472986 0.00015313714842682985 1.5821222979262207e-5 0.0015382172425900404 0.0017087360111150112 -4.636670180250806e-12 9507.35078012807 7.387780844940945e8
6500 275845.3982602648 42.44913684703972 4.051779132984531e-6 0.00010324106909406822 0.00010615235774070595 1.7847543143663668e-5 0.001441924707570507 0.001331441805557882 3.1335791781051575e-6 0.0001289691397313314 0.0001570640479889384 1.7517801322910084e-5 0.0014757028632389191 0.0016855107435273234 -4.460433186371067e-12 9507.350780128065 7.387780844940964e8
6550 277965.61648679886 42.45133698989528 4.16156687665623e-6 0.00010430584427078664 0.00010610954140539074 2.213103467080428e-5 0.0016716882100488927 0.001391083809077998 3.2184872089464085e-6 0.000129562235440398 0.00016036981150763444 2.1722276970294467e-5 0.0015147725730183608 0.0017560588925401004 -5.980218807269683e-12 9507.350780128081 7.38778084494094e8
6600 280089.25878374494 42.501209090909065 4.262767552358554e-6 0.00010450780146109563 0.00010940069731850406 2.1791373311366566e-5 0.001622463126991717 0.001444706540227677 3.2967541429965845e-6 0.0001285028830256363 0.00016536704813856462 2.13885346176919e-5 0.0014651552702552857 0.0017457752630702604 -5.764758476175551e-12 9507.350780128034 7.387780844940931e8
6650 282212.8914691736 42.45226672910019 4.300066034348913e-6 0.000104719608672064 0.00011257119753269233 2.4173056005711533e-5 0.0016160501289663109 0.001085880333671769 3.3256001740135504e-6 0.0001274851007158658 0.000168969674205994 2.3726659833353926e-5 0.0016141363817645414 0.0013147297947829887 -5.481970620522862e-12 9507.350780128072 7.387780844940934e8
6700 284335.2516645897 42.45016193127574 4.212815412951639e-6 0.00010564300278529598 0.00011359117064235594 2.1937963164397736e-5 0.001701890964190294 0.0009776354933937806 3.2581219819607338e-6 0.00012738340013317302 0.00017001100964560847 2.1532447779799757e-5 0.0017425232869776252 0.0011755861209435778 -5.882328936201433e-12 9507.350780128058 7.387780844940909e8
6750 286436.8034417065 42.495525454487144 4.2162443081524665e-6 0.00010695096303063443 0.00011241470438636942 2.4963800027281718e-5 0.0017684570421026096 0.0008826733780285853 3.260773832975856e-6 0.00012819704258619548 0.00016703516101335944 2.4501986156875874e-5 0.0017917964257119267 0.0010922114729494303 -4.555233128394802e-12 9507.350780128063 7.38778084494095e8
6800 288563.7760377366 42.589519064540156 4.227913293119777e-6 0.00010766282907111986 0.00011305022017602098 1.9057338217303357e-5 0.0019842191865677545 0.0007942582284204672 3.2697984335592977e-6 0.00013195835422509514 0.0001623401368967215 1.870781827983041e-5 0.0019118732797785692 0.001015631766841343 -5.094104118360687e-12 9507.350780128056 7.387780844940976e8
6850 290696.66391117795 42.730922753163384 4.2085190765970335e-6 0.00010883033119506017 0.00011389465547741803 2.3331240223805035e-5 0.0021013407453331196 0.0008191251122592422 3.254799266260603e-6 0.0001389566664633575 0.00015506305295920743 2.2899375942274976e-5 0.002080959229276752 0.0010312399747233797 -4.9138503004804484e-12 9507.35078012805 7.387780844940963e8
6900 292830.38862343796 42.60641167286264 4.191019607441992e-6 0.00011079939690370154 0.00011342807221682334 2.3038471645487092e-5 0.0017806868125660876 0.0008985881779678386 3.24126546533776e-6 0.00014545963787486666 0.000147320208206912 2.2616168868078424e-5 0.0017217594089640551 0.0010818428879019414 -5.180655634555243e-12 9507.350780128054 7.387780844940977e8
6950 294950.8074396517 42.50557385104033 4.205391058392868e-6 0.00011239001455282905 0.00011263968750279518 1.8475289172987237e-5 0.0016549593199120364 0.00102764294478881 3.2523801085538793e-6 0.00015007828860740932 0.00014266630473764344 1.8133842267600053e-5 0.0016770501606023544 0.0012094456706858428 -4.713395760372887e-12 9507.350780128027 7.387780844940921e8
7000 297074.5275386233 42.45234664271476 4.2349705341478e-6 0.00011284527091658967 0.00011339817115057234 1.9354497530144e-5 0.0016963633226408756 0.00117663088303661 3.27525638741313e-6 0.00015250371853015124 0.00014210873079006293 1.8996488783157766e-5 0.001684107672438337 0.0013435890690543628 -5.157106890929431e-12 9507.350780128094 7.387780844940945e8
7050 299196.82064771047 42.447517866886 4.18394806424829e-6 0.00011339805113833441 0.00011437514328411332 2.3626308074553773e-5 0.001684476239044698 0.0013577822606708496 3.2357964504220943e-6 0.00015424264635553137 0.00014359958332847749 2.3190267678361088e-5 0.0015276924124402607 0.001492797756452487 -4.259090040391097e-12 9507.350780128078 7.387780844940935e8
7100 301320.0976174781 42.490585795999834 4.219198077309677e-6 0.00011372502820725218 0.00011514988789045283 2.4889979687167916e-5 0.0016333292920019732 0.0015864302924432077 3.2630582293433293e-6 0.00015595182975757137 0.0001425748652316242 2.442996268731547e-5 0.001475161497917222 0.0016628745158174668 -4.099428390791044e-12 9507.350780128052 7.387780844940954e8
7150 303419.1906905068 42.45686442749003 4.3227786291979955e-6 0.00011397128439802215 0.00011482428826939763 1.9194210109386774e-5 0.0013742782208902155 0.0016325782127637296 3.343165720397875e-6 0.00015781400430914326 0.00013919914011091303 1.883967616190542e-5 0.0013745986887073991 0.0018018934552750077 -2.9149785638436654e-12 9507.35078012808 7.387780844940935e8
7200 305541.58898646326 42.44724715978916 4.3213468648197375e-6 0.0001147689073234534 0.00011423394464750994 2.417285997871059e-5 0.0014787892980968763 0.0016643428434385342 3.342058417432441e-6 0.00015968895861940405 0.0001369433195847729 2.372689603121307e-5 0.0015100701592001616 0.0019428599233401345 -4.196912397573397e-12 9507.350780128054 7.387780844940934e8
7250 307664.73483917426 42.48587637929042 4.387630672565481e-6 0.00011596645608591192 0.0001137505252764558 2.1728470660841717e-5 0.0015549576323698215 0.001677751343305222 3.3933212214964714e-6 0.0001593471250389936 0.00013819049322759858 2.1326270848173664e-5 0.0016413529142349872 0.002050824866629908 -3.864187919121987e-12 9507.350780128054 7.387780844940974e8
7300 309791.0449325728 42.57278542124762 4.463247251273686e-6 0.00011691533387103554 0.00011503017530308786 2.4536027545003357e-5 0.0020559910402956206 0.0016761717747065276 3.451801836748332e-6 0.00015616373557867348 0.00014470628890893923 2.408480262099795e-5 0.001969994342477913 0.002127578635510151 -5.183453609337498e-12 9507.350780128065 7.387780844940928e8
7350 311893.52670379006 42.70503517141859 4.493412645030564e-6 0.00011747302043782205 0.00011706297976113046 2.6229630733264007e-5 0.0022356473525570156 0.0015822970588078755 3.4751312549275583e-6 0.0001508581165788357 0.00015338452345251954 2.5744417421705656e-5 0.0022033746891423566 0.00206854951674131 -3.672972235747645e-12 9507.350780128076 7.387780844940933e8
7400 314028.07298217836 42.62667599697957 4.474474563971113e-6 0.00011761407409852773 0.00011861094270276332 2.7963163526846886e-5 0.001938953215301797 0.001432614436817071 3.4604848552781135e-6 0.00014554232653617033 0.00016231804271780464 2.7448582238401605e-5 0.0018824024775343422 0.0019602860389285608 -3.9358114788576776e-12 9507.350780128063 7.387780844940994e8
7450 316156.4382627252 42.518012621722335 4.342281986638003e-6 0.00011675429266045376 0.00012086207819228809 2.168491820812494e-5 0.0015722792947410423 0.001494782911378057 3.3582492954831295e-6 0.0001426511454056053 0.0001714733967334182 2.1285043983306265e-5 0.0016803973995868056 0.0019360918269696239 -4.077703164770499e-12 9507.350780128088 7.387780844940965e8
7500 318280.5877852747 42.457213851182985 4.3717184229917326e-6 0.00011600534508211546 0.00012151549494680875 1.9851682028526036e-5 0.0015445537602081626 0.0015594177015574226 3.381014950027062e-6 0.0001421449951156469 0.00017703145120295428 1.9484367092622334e-5 0.0015968023193043853 0.0019864004789466455 -3.7643989095084086e-12 9507.35078012806 7.38778084494093e8
7550 320401.54341451306 42.44473935710698 4.485323593585466e-6 0.00011676735764856062 0.00012075874248128583 2.53415677348096e-5 0.0016287837482500639 0.0014194770139753245 3.468875315909398e-6 0.00014251245580204223 0.00017963921809881206 2.487470705012539e-5 0.001593612487112833 0.001770401078254538 -3.5266696474069654e-12 9507.350780128061 7.387780844940941e8
7600 322524.4897209939 42.48033045036544 4.490306592226001e-6 0.00011745889048241532 0.00012280389661993641 2.5852596914527314e-5 0.001859035921610219 0.001510957296402878 3.4727290849019595e-6 0.00014201085133241302 0.0001833808660417606 2.5374716032842693e-5 0.0018425995379877723 0.001722340796973208 -3.0193852369364075e-12 9507.350780128052 7.387780844940954e8
7650 324648.6357652892 42.462127959732285 4.504167496983825e-6 0.0001168934121829948 0.00012597091684135486 1.8820878964366033e-5 0.001986277256991449 0.0016975364904973213 3.483448880110543e-6 0.00014099101839848416 0.00018634977392935638 1.8473448668701635e-5 0.0019804261198428895 0.0019006314706412966 -3.213166288910284e-12 9507.35078012805 7.387780844940976e8
7700 326771.1157678485 42.44541884937472 4.517627305834702e-6 0.00011691190454633826 0.00012621711859272714 1.9715961418329714e-5 0.0020448917979521016 0.0013503560391374223 3.4938584743595867e-6 0.0001405005575315102 0.00018555794950572124 1.935197641469058e-5 0.0020739499560823516 0.001554823033866857 -4.198493736725051e-12 9507.350780128043 7.38778084494095e8
7750 328872.11432998045 42.47649796498849 4.508851168982019e-6 0.00011842333161241537 0.00012461849846334122 2.821872543305917e-5 0.0021122948754517213 0.0009925025036201251 3.48707115481213e-6 0.00014185191355170097 0.00018074841593212438 2.7696551567259995e-5 0.002215610367782275 0.001334969026824054 -3.1336685791373614e-12 9507.350780128063 7.387780844940982e8
7800 330997.7650803195 42.555951164694875 4.4469087220069844e-6 0.00011990716823258963 0.00012468172305224765 2.439992833617117e-5 0.0021408906710954786 0.0009788928972486878 3.4391658875910135e-6 0.00014661922496345857 0.00017369554747350321 2.3950327580835653e-5 0.0022642616857005086 0.001276688936483603 -3.3926310525354084e-12 9507.350780128014 7.387780844940946e8
7850 333128.6067018897 42.68302113206475 4.313597692134942e-6 0.00012143650307248996 0.0001256769968995839 1.805139574856224e-5 0.0021777350937680537 0.000993393017412317 3.336065335044603e-6 0.00015351907186153177 0.00016610718918350713 1.7717480278633304e-5 0.002239542401971063 0.001250257114618039 -4.749333894216531e-12 9507.350780128045 7.38778084494097e8
7900 335263.5767329211 42.64583566998203 4.263456347644018e-6 0.00012385978263020097 0.0001245333599535375 2.393679580618345e-5 0.0018788351038828638 0.0009915014339110682 3.2972868459146162e-6 0.00015973909159943588 0.00015834901462936465 2.3495164392337414e-5 0.0020811129642320514 0.0012808871746568594 -4.234156189166954e-12 9507.35078012806 7.38778084494097e8
7950 337385.39291515405 42.530753802622684 4.252028168945605e-6 0.00012586205488221774 0.0001228111391351417 2.0363338606659812e-5 0.00176860097257029 0.0011453705425734666 3.2884484809306154e-6 0.00016466423974158113 0.00015353722301669415 1.9987678605838105e-5 0.0018992593972655032 0.0014319841429532517 -4.446492131041352e-12 9507.35078012806 7.387780844940957e8
8000 339510.0010296479 42.462945212146494 4.238082480000874e-6 0.0001264038966454699 0.00012271745825697788 1.984229888542276e-5 0.0017803324668790473 0.0013069621868214323 3.277663115028653e-6 0.00016724374110944982 0.00015263404617681827 1.9475046050483365e-5 0.001849982835730859 0.0015698771089728291 -3.8230807589956965e-12 9507.350780128045 7.387780844940976e8
8050 341632.44797920453 42.44334897677697 4.154873080792664e-6 0.00012663026723918578 0.00012346824071942844 2.3330926687577147e-5 0.0017323334997537349 0.0013668961911440449 3.2133103375888322e-6 0.00016884668115233604 0.00015347449610318903 2.290055439551353e-5 0.001739282635555728 0.0015630009127254017 -4.208984945624645e-12 9507.350780128063 7.387780844940969e8
8100 343755.1444583263 42.471920779131395 4.122367099747802e-6 0.00012692570852172193 0.00012460558043496798 2.7005902035504996e-5 0.001639413383907176 0.0016088955980923256 3.1881707477877594e-6 0.0001697994935397529 0.00015239131969842695 2.6506865776852584e-5 0.0016334521283198717 0.0017131716400811392 -4.023665781120878e-12 9507.350780128067 7.387780844940954e8
8150 345854.83121861744 42.46939140388572 4.227445679497107e-6 0.00012707182852613187 0.00012521500519239168 2.1552901004156036e-5 0.0016583490113145534 0.001963724173124068 3.269436788892206e-6 0.00016988402331515423 0.0001503986420767652 2.1155039914323985e-5 0.0016572362543892793 0.0019212779890481748 -4.562427647198574e-12 9507.350780128067 7.387780844940945e8
8200 347977.48725386726 42.44529017867498 4.234731133955561e-6 0.00012787810502936484 0.0001247909660556202 1.9657523331598128e-5 0.001746798372721709 0.0017947010354665198 3.2750712392527836e-6 0.00017139243712069427 0.00014949178240140963 1.929462095716225e-5 0.0017656041185631014 0.002062261962160708 -5.491627127400517e-12 9507.350780128045 7.38778084494094e8
8250 350100.16271768365 42.46929514875803 4.22025026200633e-6 0.00012880165901372396 0.00012448799416847918 1.84640722898298e-5 0.0018326530147624752 0.0018386990582116582 3.263871971638618e-6 0.0001719495740543166 0.0001496619586107622 1.812225840743941e-5 0.0019113622103348494 0.00221871387410431 -4.311978751533463e-12 9507.350780128061 7.387780844940972e8
8300 352225.27066698624 42.541584721320845 4.305298355463459e-6 0.00012959284348215707 0.00012468187654868086 2.1815388848648085e-5 0.002246399943224927 0.0018373872602191 3.329646764895886e-6 0.0001696765764385923 0.00015305817307962095 2.141301113774444e-5 0.0021309758313004597 0.002307675146764091 -5.185168960281664e-12 9507.35078012805 7.387780844940991e8
8350 354325.316293556 42.65957031380985 4.333860996365571e-6 0.0001304526218486619 0.00012610860847768858 2.8247759230750103e-5 0.0023370962003418662 0.0017842647404371346 3.351736640445322e-6 0.0001653990463235096 0.0001596843805852 2.7725755832180826e-5 0.0022809997914827224 0.002313174413272493 -5.127819570902792e-12 9507.35078012807 7.38778084494095e8
8400 356460.4405368457 42.66948055384281 4.255999255840913e-6 0.00013050121108100978 0.00012845778404557267 2.3668416760234353e-5 0.0019751383748857656 0.0016862509132045639 3.2915196540626983e-6 0.0001605053724334516 0.00016835476567205073 2.323087881521463e-5 0.0021240773214135436 0.0022727032772835113 -5.5021489675669705e-12 9507.350780128083 7.387780844940945e8
8450 358590.57956146146 42.54636235598869 4.205016219351095e-6 0.00012938780550137983 0.00013044221373709517 2.0252318115976437e-5 0.0018844175505959954 0.0015141760281517016 3.2520902142201227e-6 0.0001569408889536844 0.000176531848662701 1.987880816718662e-5 0.0020337874051823868 0.0020836865903358765 -5.96383873731623e-12 9507.350780128052 7.387780844940951e8
8500 360715.7713818441 42.47081390123279 4.2512219479382755e-6 0.00012860392895197933 0.00013053970920415622 2.1976266329479918e-5 0.0018604073840553853 0.001337352305276115 3.287824962896067e-6 0.00015595847037564993 0.00018115105631214988 2.1569446886148122e-5 0.0019434116137707373 0.001687987655959374 -5.515496542101271e-12 9507.350780128065 7.38778084494095e8
8550 362838.413652325 42.443480876888856 4.316823866227525e-6 0.00012918789864880566 0.00012969900605767015 2.5258883702424765e-5 0.001838915656416818 0.0014687600342932331 3.338560404894819e-6 0.00015685305505700237 0.00018252104981685674 2.4792541479232247e-5 0.0018559412212796312 0.0017190558264280503 -4.661083299938327e-12 9507.350780128023 7.387780844940951e8
8600 364960.06481135316 42.46445373206665 4.37242922777795e-6 0.00012910728480191352 0.00013228400001552812 2.7904956263425564e-5 0.0018239822533260793 0.0017071052965361086 3.381564674728971e-6 0.00015572218399082581 0.00018525407965689714 2.7389966964592458e-5 0.0018066807039886254 0.0019196039474608682 -5.5335307004651705e-12 9507.350780128027 7.387780844940946e8
8650 367084.27684302867 42.47696718593666 4.542699151283656e-6 0.00012764382397792873 0.0001361389508941566 2.485905505281753e-5 0.0016410387135061672 0.002263316945924191 3.5132486262585997e-6 0.00015253713747725243 0.00018906790073837433 2.439966263904481e-5 0.0016117767286607319 0.0025122966859344982 -5.953148425182045e-12 9507.350780128065 7.387780844940931e8
8700 369207.13325780525 42.44584908640228 4.598464212942627e-6 0.00012740274343025793 0.00013586053054256855 2.1291405429086343e-5 0.0017197070640298593 0.00199878041238514 3.5563764055240316e-6 0.00015129069985095705 0.00018964593320759882 2.089869629735492e-5 0.0017264325461009136 0.0022837768034854444 -6.004746794207929e-12 9507.350780128058 7.387780844940921e8
8750 371329.6549834216 42.4627339558748 4.528955711842624e-6 0.00012812305183496487 0.00013497314901617829 2.2131248161967337e-5 0.0019535145419553378 0.0013851139643659383 3.502619676788092e-6 0.00015201637045765106 0.00018669091713759543 2.1721651041029942e-5 0.0020295159051964876 0.0016195444251435058 -5.215179943987874e-12 9507.350780128054 7.387780844940953e8
8800 373432.23993878975 42.52700090650458 4.503180650913187e-6 0.00012907459719387748 0.00013453577756795615 2.7634486582758006e-5 0.0024110887747008387 0.0009384608624684804 3.482685669628376e-6 0.0001559058218107605 0.00017985479334354422 2.7124706234017332e-5 0.0022763421328141956 0.001221865659078537 -5.568339306343347e-12 9507.350780128043 7.387780844940939e8
8850 375561.26117258624 42.63948229226403 4.516764572703147e-6 0.00013047481056262816 0.00013456495557114074 2.238103761731155e-5 0.002571422293172437 0.0013532793196221408 3.4931912507776454e-6 0.00016178508041413833 0.0001717783552103957 2.196823164756021e-5 0.0024958370045848966 0.0017273780588842923 -5.742891580545779e-12 9507.350780128072 7.387780844940956e8
8900 377696.18574697664 42.691143363365434 4.567992121118807e-6 0.00013166689386193486 0.00013444080501162888 2.7550542332971608e-5 0.0022325283090468754 0.001351206806165686 3.532809792114634e-6 0.00016604697189775167 0.00016518843230661128 2.7040887643752905e-5 0.002334635395525777 0.0016324756657127336 -5.214035579002521e-12 9507.350780128072 7.387780844940954e8
8950 379827.24066286755 42.56140595182582 4.638048018994449e-6 0.00013305265246720224 0.00013243508017103076 2.4429125613111383e-5 0.0019261934949238912 0.0012431475499407043 3.586989868489997e-6 0.00017022271054521995 0.00015977130889889974 2.3979069451374192e-5 0.0020880454699949012 0.001437981725413758 -4.5172829032092834e-12 9507.350780128045 7.387780844940928e8
9000 381945.3627675803 42.47913974407811 4.643189253602039e-6 0.0001332521352067872 0.00013211772169096877 2.1928601441922352e-5 0.0018538697662368244 0.0013485208993375222 3.59096601456867e-6 0.00017302300424853096 0.00015877571040665223 2.1522778764838252e-5 0.001946321921233778 0.0014932309664961055 -4.9667756853856766e-12 9507.350780128032 7.387780844940925e8
9050 384068.2392271275 42.44465592943437 4.634789735657051e-6 0.00013273604922323513 0.00013262127298908967 2.33425886149011e-5 0.0018706343122316654 0.0013998135990704902 3.5844699658780826e-6 0.00017308991367236487 0.00016111023971843405 2.2911668703242066e-5 0.001898909508710505 0.0014731898190331553 -4.495192016440596e-12 9507.350780128076 7.387780844940944e8
9100 386190.6255805555 42.45858363043635 4.61051735951605e-6 0.000132557592716046 0.0001336245814187606 2.7374660228229946e-5 0.0018817408229612272 0.0015895283579222704 3.5656981103600883e-6 0.00017270975848659444 0.00016207589776143946 2.6869281801589425e-5 0.0018777344827622838 0.0015821668188561813 -4.512797337068454e-12 9507.35078012804 7.38778084494097e8
9150 388314.7041770652 42.48522623888186 4.675701524965527e-6 0.0001330400830224025 0.0001348986549910545 2.6554772143129187e-5 0.001842664637551923 0.0023141659566561197 3.6161104692000376e-6 0.00017272524396382685 0.00016002346576907367 2.6063915718424032e-5 0.0018286489028540138 0.0022254635541264544 -4.660156704115808e-12 9507.35078012806 7.387780844940944e8
9200 390413.3752710906 42.447348979459385 4.686920217976777e-6 0.0001340583924352655 0.0001349435111898713 2.06549833894834e-5 0.0018247065404396374 0.0021984792187055282 3.624786821407957e-6 0.00017442799139063883 0.00015890565102388154 2.0274339467763588e-5 0.0018262315000626588 0.0022205494727143395 -3.317680171437036e-12 9507.350780128047 7.38778084494095e8
9250 392535.77835034666 42.456616082367766 4.676229806873787e-6 0.00013514139920297265 0.00013435735778226593 2.1159892823031996e-5 0.002046612208426406 0.0019955389768594872 3.61651903371864e-6 0.00017563342434609558 0.00015902723220114347 2.076836605144752e-5 0.002045534401334178 0.0023754571416287353 -4.778125370610871e-12 9507.350780128027 7.387780844940971e8
9300 394659.87516797986 42.51412329040096 4.797871656077546e-6 0.0001357010789180537 0.00013385957177072615 2.610186552133454e-5 0.0025987598341825706 0.002079054587542515 3.710594834332798e-6 0.00017347500477953544 0.00016075958649009367 2.5620358815106705e-5 0.002444938432614983 0.0025819915814463182 -3.5169825092624503e-12 9507.350780128034 7.387780844940966e8
9350 396788.07063456165 42.619507976492116 4.832228491047568e-6 0.00013636590446794677 0.00013516968200292086 3.156257508610028e-5 0.0027285366125607753 0.0020957136150904915 3.7371658440439523e-6 0.00016937489188932636 0.00016682122274283993 3.098204255716143e-5 0.002635952630560318 0.0026936176873241123 -3.6676883422142735e-12 9507.350780128056 7.387780844940945e8
9400 398892.0823566539 42.71725762595097 4.666874025259438e-6 0.00013705684673086 0.00013718393514648497 2.3510773894702906e-5 0.0024020839871076406 0.0020781765638503108 3.6092834264706375e-6 0.00016529122971882526 0.00017453949693266253 2.30758357454506e-5 0.0023669661150432044 0.0027570980295209746 -4.509642316581861e-12 9507.350780128038 7.387780844940944e8
9450 401024.2527139078 42.5800312761509 4.594428608781859e-6 0.00013716366365150936 0.00013860227028908765 1.949079597353207e-5 0.001995645099150068 0.001991189767458476 3.553255335802832e-6 0.00016243328675591754 0.00018036604839406661 1.9132489704266642e-5 0.0021751555915597402 0.0027614534504053984 -4.934199333079932e-12 9507.350780128096 7.387780844940966e8
9500 403150.75892590417 42.48996955085531 4.601568908402808e-6 0.0001372045798067669 0.00013903220153760386 1.9987494108424437e-5 0.002074024540418068 0.0019014385830265412 3.5587775258047247e-6 0.00016272500946965516 0.000184828401282073 1.961753064580472e-5 0.0021888492226620274 0.0025671082662739176 -3.6281893235981402e-12 9507.350780128074 7.38778084494097e8
9550 405273.9866712341 42.44804793883307 4.723951797462033e-6 0.00013827507215867098 0.00013689898120373858 2.1553445672804774e-5 0.0022074964373693497 0.0017146958351307565 3.6534264344266217e-6 0.0001648618883155895 0.00018430636713405077 2.115566745426167e-5 0.0022536988224710224 0.0022406077830643923 -2.8013825106928856e-12 9507.350780128043 7.38778084494094e8
9600 407395.89593226253 42.45447288772854 4.78141987742475e-6 0.00013907667913138592 0.00013612000435819695 2.2382984455789583e-5 0.002366554474815386 0.0014217614593771278 3.6978712999689104e-6 0.00016544931755934017 0.00018529757414627863 2.1969541510700554e-5 0.002362387486471478 0.001788036213423171 -3.1808426445561353e-12 9507.35078012805 7.387780844940966e8
9650 409519.7679201652 42.49576572494094 4.839947118651315e-6 0.0001379718665296812 0.00013979308567970441 2.2307370570953123e-5 0.0023314280645659823 0.001882997949648162 3.7431353033728817e-6 0.0001624277315789677 0.00019073362182671686 2.189506761546039e-5 0.0023180435754988167 0.0020669502832557636 -3.2730810468886916e-12 9507.350780128045 7.387780844940972e8
9700 411643.1983928474 42.450259109574894 4.936741473363277e-6 0.00013745366569831936 0.00014153629506078111 2.089559091286336e-5 0.0020414387644859533 0.0019681801654606364 3.817994461418162e-6 0.0001594673522161462 0.00019291316500663077 2.050991359549524e-5 0.0020394713454972295 0.0022288029278154423 -3.898494938005328e-12 9507.350780128065 7.387780844940946e8
9750 413765.5679195056 42.45246303845719 4.8138950146744454e-6 0.0001386984679710896 0.00014007114272212396 2.102512425165843e-5 0.0022937851946746796 0.0016256292978419494 3.7229870356877364e-6 0.00016048069889603044 0.00019135560484538416 2.0636236741090605e-5 0.0023582752974914798 0.0018885276611010692 -3.76361015438676e-12 9507.350780128056 7.387780844940953e8
9800 415867.0928702718 42.50187484821922 4.84695743650906e-6 0.0001396902879078583 0.00013859956391331125 2.5711261853725584e-5 0.0025439068199819095 0.001064587361408443 3.748556967620202e-6 0.00016387263203474796 0.00018501374738420152 2.5235971678755965e-5 0.002593058201936777 0.0012581709382177566 -4.145620341216115e-12 9507.350780128021 7.387780844940947e8
9850 417994.48017529567 42.59961913759514 4.920129488492277e-6 0.0001402203615657795 0.00013929869916654895 2.8062277974496702e-5 0.0027842279013519486 0.0013047502977128235 3.8051470262072464e-6 0.00016746240193988708 0.0001792723630841074 2.7548083314930592e-5 0.0026944570592117734 0.0016977761290072652 -4.832315910594793e-12 9507.350780128072 7.387780844940965e8
9900 420127.9604576191 42.741208342362015 4.918271970006375e-6 0.0001417525989790273 0.0001401153380533375 2.4380196556880456e-5 0.002659411292360849 0.0014408286354135023 3.8037104520353512e-6 0.00017174127311139376 0.0001742868177886979 2.392890402717493e-5 0.0027391136969726546 0.0017622871324177094 -4.041000774836026e-12 9507.350780128061 7.387780844940965e8
9950 422261.1633758126 42.597470389960264 4.97970866380901e-6 0.00014395939878528166 0.000138391090004165 2.262535016040709e-5 0.0023071699867396366 0.0011656634355460683 3.851224578091333e-6 0.0001770748010116723 0.00016775176857731627 2.221055860162294e-5 0.0025250742688389927 0.001346818300614294 -3.987789867038044e-12 9507.350780128061 7.387780844940947e8
10000 424380.46560185275 42.500824071951726 4.913902951671789e-6 0.00014506365924265107 0.00013755902384027797 2.0500206370590166e-5 0.0021758129846916404 0.0011302141972563129 3.8003315252893394e-6 0.00018172188716699772 0.00016617832675211542 2.012102959171156e-5 0.0023089602673629574 0.001234782561242788 -3.6068737907718496e-12 9507.350780128096 7.387780844940933e8
10050 426504.0524846999 42.451669885727256 4.929850830565105e-6 0.00014455596962613512 0.0001380946592372311 2.2412150365241144e-5 0.0021766638838744807 0.0010789493103773194 3.812665351887953e-6 0.00018290157156474227 0.000167613181684125 2.1997825330457266e-5 0.0022322200870039523 0.0012647933448280456 -4.2884615964016006e-12 9507.35078012808 7.38778084494096e8
10100 428626.41188334784 42.45075362742036 5.057020269421929e-6 0.0001435610137613746 0.000139292486114116 2.3379976031947593e-5 0.0022484810962480123 0.0012321835594022892 3.911016099203581e-6 0.00018282052659015762 0.0001669889169368239 2.2948249739830268e-5 0.0022451937338378303 0.0014462923519313125 -5.071994087050211e-12 9507.35078012807 7.38778084494097e8
10150 430749.9515179325 42.49778330141452 5.188277384980234e-6 0.0001427265375393069 0.00014169480913967035 2.4645103427837152e-5 0.002203205392554844 0.0019075102801397587 4.012528188285442e-6 0.00018231603120565378 0.00016484016739740863 2.4189515507530707e-5 0.0021938288981485023 0.0018097388503372938 -5.408187556473532e-12 9507.350780128045 7.38778084494094e8
10180 432000.0 17.94411454006331 5.300598153514247e-6 0.00014240658922697483 0.00014243347212779958 2.2698219589064344e-5 0.00208898302230286 0.002090578935324904 4.0993952187920236e-6 0.0001820514278473084 0.00016363804331171673 2.227917600245658e-5 0.002065675291359653 0.0020395681370554875 -5.075715785973717e-12 9507.350780128052 7.387780844940977e8
