#timestep time dt l2_h l2_h_vcon1 l2_h_vcon2 linf_h linf_h_vcon1 linf_h_vcon2 dsdu_ut entropy h_squared 
0 0.0 100.0 0.0 0.0 0.0 0.0 0.0 0.0 1.183577425637245e-12 6.049694847641275e8 1.2304772251844485e8
200 6813.767353823188 34.068813224231 0.0004418423650709662 3.269855442213898e-6 1.322178015493471e-6 0.004348839311205666 0.00011088141272415364 5.329379829303871e-5 1.6190746543794649e-12 6.04969484764117e8 1.2304772251844312e8
400 13627.527170427236 34.06879147422789 0.00047830159135816945 5.747538101832885e-6 2.3424867158719834e-6 0.004529770096269203 0.00025545718602774936 9.42981442444285e-5 1.0510719161171057e-12 6.049694847641134e8 1.2304772251844563e8
600 20441.286419533713 34.06879504130397 0.0005057368234104863 7.995739114343797e-6 3.4616170975565723e-6 0.006274680787100806 0.0004191888931683596 0.0001416068195712883 1.4357256453644856e-12 6.049694847641186e8 1.2304772251844431e8
800 27255.04493402412 34.06878241360055 0.0005733232776325326 1.0204620557800346e-5 4.651106317633919e-6 0.007592383914015954 0.0005927122136548391 0.00024031613174499422 1.1631351137254756e-12 6.049694847641245e8 1.2304772251844756e8
1000 34068.802323546566 34.068790040520945 0.0006775230902657925 1.2410730896179454e-5 5.859344857232785e-6 0.008814600198093103 0.0007462083128984276 0.00036171756131832267 1.1593335096787718e-12 6.04969484764117e8 1.2304772251844308e8
1200 40882.55685074624 34.06876911127437 0.0007311444403025149 1.4561441432407419e-5 7.195676364895709e-6 0.010244959652482066 0.0008853201479484263 0.0003871702671029431 1.0552789852896419e-12 6.049694847641172e8 1.2304772251843065e8
1400 47696.30934750232 34.068773674005 0.0007793478812347419 1.6650337932662937e-5 8.570341973257631e-6 0.010682927235393436 0.0009900333305483539 0.00040688695596183266 1.0730232799283927e-12 6.049694847641122e8 1.2304772251843056e8
1600 54497.363903416386 34.06877606178603 0.0009257118068371092 1.8725901864715505e-5 1.0014222843055858e-5 0.015273727110979962 0.00114846667688899 0.0004604320486598923 9.65334009629321e-13 6.049694847641066e8 1.2304772251842768e8
1800 61311.1135180776 34.06869887624216 0.000991454688865601 2.0778223571582566e-5 1.1549909017510875e-5 0.015671074386773398 0.0013340457739377115 0.0005399148847768237 1.1241788850702288e-12 6.04969484764126e8 1.2304772251842481e8
2000 68124.85623655908 34.06866633853675 0.001131845258243446 2.2880818298412552e-5 1.320959359651264e-5 0.018291801774466876 0.0015304959042144184 0.0005347548066058083 1.2680523551427026e-12 6.049694847641115e8 1.2304772251841505e8
2200 74938.59886183565 34.06871018175993 0.0012122305519531034 2.511677313362804e-5 1.4925858886877769e-5 0.020525542240648065 0.0017136836572687053 0.0006218253864911372 1.1458523869605338e-12 6.049694847641199e8 1.2304772251839834e8
2400 81752.34767702284 34.06871174155846 0.001364085338376917 2.756360830585357e-5 1.667704447592591e-5 0.020937642959324876 0.001898135013712568 0.0006939204043704822 9.09589257573216e-13 6.049694847641113e8 1.2304772251838982e8
2600 88566.09269417082 34.06868500906097 0.0016250802476507195 3.0270933376792058e-5 1.8606957297264182e-5 0.02591816629683308 0.0020540591367959604 0.0007807874181441077 1.2765461839720853e-12 6.049694847641182e8 1.2304772251837827e8
2800 95379.82155937335 34.06860630569122 0.0017934069935541576 3.314304946980999e-5 2.077239383299148e-5 0.02690985830849968 0.0021328974177046295 0.0008847807747087433 9.135914520173247e-13 6.049694847641041e8 1.2304772251836906e8
3000 102193.54163113819 34.06859449524148 0.001984929926979148 3.616100801181231e-5 2.3171798978193853e-5 0.030516751136019593 0.002244233083812913 0.0010070332707840385 8.152858218632159e-13 6.049694847641302e8 1.2304772251834622e8
3200 108994.69689922329 34.0685909296089 0.002127083087703346 3.937258987558705e-5 2.5747710414660885e-5 0.031483694236158044 0.0021915503537451794 0.0011182693256832493 6.773081591648624e-13 6.049694847641077e8 1.2304772251831985e8
3400 115808.41522505548 34.068596843352566 0.0024048350513037596 4.293985736767276e-5 2.8492438591563964e-5 0.0379123910843191 0.0020306946630579067 0.0011988586934742335 8.804560850373892e-13 6.049694847641106e8 1.2304772251829186e8
3600 122622.13120457184 34.068519917536726 0.002676216539407861 4.709078225871666e-5 3.153241479486926e-5 0.04328707346576266 0.0020343214471555127 0.0012739050363542725 9.486832144182769e-13 6.049694847641176e8 1.230477225182539e8
3800 129435.82294317902 34.06840299749245 0.0028321938300193434 5.205430946935582e-5 3.494582295958112e-5 0.047560637694914476 0.002250530449825233 0.001403086542435955 1.1691872074098262e-12 6.04969484764114e8 1.2304772251819997e8
4000 136249.49544528674 34.06836178265 0.003123116460513404 5.788183471708749e-5 3.898197381356322e-5 0.05298423846579681 0.002432481703748969 0.001478423649605598 1.2576605855150741e-12 6.049694847641231e8 1.2304772251813482e8
4200 143063.16454691085 34.068410045543565 0.003425341718954114 6.440975835953785e-5 4.374277009485661e-5 0.05953550767299021 0.0028607330336702236 0.001500506740562707 1.2527997557284965e-12 6.049694847641242e8 1.2304772251804976e8
4400 149876.84365424415 34.068500284457734 0.0036621418167281264 7.101224800755098e-5 4.925302395135334e-5 0.06547368718020152 0.0032123419753037896 0.0015778665437829187 1.2138778962961026e-12 6.049694847641104e8 1.2304772251792802e8
4600 156678.33381725915 34.06861635866676 0.003907389195890413 7.706832337283779e-5 5.519388100223168e-5 0.07241159822660848 0.003582713736416998 0.0017395609689211111 1.0016354462271617e-12 6.049694847641267e8 1.2304772251777788e8
4800 163492.06674104455 34.06870961904012 0.004058166338979293 8.238812494688373e-5 6.136378671960109e-5 0.07794068858856917 0.004446476769871421 0.0018369432842167133 1.2656530826868589e-12 6.049694847641205e8 1.2304772251757635e8
5000 170305.8076821534 34.068671981047814 0.004256658486708575 8.731751953425102e-5 6.763937971229268e-5 0.0808009158117784 0.004463969512672361 0.002011357963663807 1.2065125717612873e-12 6.049694847641133e8 1.2304772251735109e8
5200 177119.5498575937 34.06866738864233 0.00452253071291362 9.241776302516297e-5 7.40984253921547e-5 0.08264698049242725 0.005583434027618961 0.0024836050541573867 7.491521799050733e-13 6.049694847641213e8 1.2304772251708002e8
5400 183933.29087756074 34.0686327456664 0.004842438399785635 9.820486999541751e-5 8.10029940521784e-5 0.08511652746528853 0.004596581689794238 0.00281678871618421 1.1924820920078595e-12 6.049694847641135e8 1.230477225167765e8
5600 190747.01080799263 34.06854429937906 0.005212562923241592 0.00010503456633667103 8.857888337939191e-5 0.09519586727765272 0.006507416525583898 0.0031871278292404243 1.4253576737612417e-12 6.049694847641248e8 1.2304772251642232e8
5800 197560.7241524696 34.06861084855059 0.005712424264514598 0.00011320076382562588 9.706759632456399e-5 0.11142768323770724 0.005598274579755896 0.003924076168753267 1.1308442978267977e-12 6.04969484764117e8 1.230477225160259e8
6000 204374.45332304723 34.06873806029338 0.006153163182637032 0.00012250824408529124 0.00010663565491329639 0.1220519773723936 0.006961628487918398 0.0037951359756144692 1.4053412498625065e-12 6.049694847641097e8 1.2304772251557593e8
6200 211175.68854746257 34.06870410234794 0.0066231170223284746 0.0001323509061932019 0.00011723255344979502 0.14215518786659231 0.007383323271050984 0.004715758539383372 1.246772249829079e-12 6.049694847641108e8 1.230477225150502e8
6400 217989.41186818568 34.06862040326401 0.007152236433572431 0.0001417412097264814 0.0001287791585481232 0.1558988671949919 0.009228780235496004 0.0047741666382098355 1.0469404210141089e-12 6.049694847641155e8 1.2304772251443732e8
6600 224803.14769548844 34.06872860319378 0.007651324859323854 0.0001500600652175557 0.00014091871846408244 0.144898850699974 0.011502184759713208 0.005584060330354058 9.31682302196562e-13 6.04969484764121e8 1.2304772251371075e8
6800 231616.89110101174 34.06877975213076 0.008028935683592774 0.00015746775319803864 0.00015340704911311203 0.17041716665880813 0.01023098929984198 0.006200207756721886 1.1672963911641001e-12 6.049694847641045e8 1.2304772251288019e8
7000 238430.64313952223 34.068757115773465 0.0086868987531136 0.0001646249646990377 0.00016573554331983134 0.16360600292864547 0.014404398511640507 0.005905780350791669 1.4193258289002374e-12 6.04969484764114e8 1.2304772251196207e8
7200 245244.37898317858 34.06877287431285 0.009410283606221016 0.0001717927601122349 0.0001774691844100502 0.16410117395207635 0.014684687763224624 0.007572400325704172 9.439788551836056e-13 6.049694847641144e8 1.2304772251098502e8
7400 252058.12144106466 34.068676984500655 0.009865927823659694 0.00017884640018690486 0.00018880825384270006 0.18303765380187542 0.014536719410698229 0.008153331368184136 1.0971030789905368e-12 6.049694847641209e8 1.2304772250997703e8
7600 258871.861064274 34.06868573493622 0.01002733533616585 0.00018603773934244798 0.00020017390590460903 0.2204232835683797 0.015515276263435504 0.009563553468088425 1.2536289045026651e-12 6.049694847641098e8 1.2304772250893381e8
7800 265673.0606036657 34.068590113032684 0.010823569291743383 0.0001942361282482428 0.00021146384033414128 0.1996315915548621 0.01598718372309056 0.00934333749086632 1.1013022285589355e-12 6.049694847641066e8 1.2304772250788094e8
8000 272486.7881716707 34.06865643723082 0.012436315690757526 0.00020356255504410143 0.00022282742012298082 0.19924870740396727 0.018201998749937484 0.008065525872715855 1.4077072462033784e-12 6.049694847641244e8 1.2304772250682518e8
8200 279300.5011910148 34.06813858843357 0.013395137301969806 0.00021338186613283796 0.00023546950830032892 0.23493079650688742 0.019188732858352153 0.011571117241994687 1.3879441438667841e-12 6.049694847641219e8 1.2304772250570217e8
8400 286114.1252605082 34.067848476579684 0.013507025902826434 0.00022301808664658914 0.00024975266415458604 0.26797574703050486 0.016980353427048095 0.011043141719580901 8.6878449538657e-13 6.049694847641155e8 1.2304772250440101e8
8600 292927.68468344776 34.06771008836298 0.01543015994218213 0.00023189447508780703 0.0002644997012118807 0.2813679365826829 0.01870563067503228 0.013311221292984309 1.2533739182857947e-12 6.049694847641218e8 1.2304772250299932e8
8800 299741.22606714495 34.06760171692824 0.01965191446262059 0.00024026904138403136 0.00027875175025567387 0.2628269692086178 0.015938665158882495 0.012168814665764225 1.0401661852650713e-12 6.049694847641095e8 1.2304772250160807e8
9000 306554.8457842735 34.06852305982718 0.0223175911800403 0.00024919388860044397 0.00029350636870249325 0.2753284511145466 0.022312039505655856 0.01071500103320136 1.4812646548418241e-12 6.049694847641134e8 1.2304772250012913e8
9200 313356.6860591031 34.06901792880707 0.021539810118473415 0.00025966389874693634 0.00031021335528844796 0.2893721548771282 0.020691567146321338 0.010899431681121216 1.1562629479976266e-12 6.049694847641047e8 1.2304772249835503e8
9400 320170.4812557852 34.06873949367254 0.021848377439309674 0.0002724147722434733 0.000328183504570198 0.3529180025361711 0.01648112056082847 0.01582876762795274 1.0937264099172614e-12 6.049694847641081e8 1.2304772249644177e8
9600 326984.18693513976 34.06795417905625 0.02797986676526436 0.000287656465565275 0.0003459071622535778 0.39988347131475166 0.014576914759739379 0.024426951568265756 6.528093609165818e-13 6.049694847641236e8 1.23047722494806e8
9800 333797.63055618375 34.066488789666906 0.03399855710981756 0.00030712901454841966 0.0003646142294416541 0.2898315880847804 0.021365567959547027 0.023293087386457495 1.2091534045904866e-12 6.049694847641143e8 1.230477224933239e8
10000 340610.93061486346 34.06695059693584 0.03500217600876533 0.00033398138113061417 0.0003885500858186899 0.32223867691755004 0.022831061542192485 0.014670581396424492 1.2647578606851794e-12 6.049694847641166e8 1.2304772249139224e8
10200 347424.4816092933 34.06864912770548 0.035227259049596935 0.00037213214718287424 0.0004210643607167542 0.349952697108165 0.02469633310790409 0.020680355307947734 1.257188902124723e-12 6.04969484764119e8 1.2304772248864149e8
10400 354238.0876878639 34.067730604972404 0.04328165173019508 0.0004213337773984854 0.0004601473302376746 0.5314266770510585 0.022727896654906488 0.0275136366731545 1.1020161629879273e-12 6.049694847641213e8 1.2304772248539811e8
10600 361051.43570782285 34.066637879028 0.055182025800296915 0.00047948533441144556 0.0005060402066479372 0.7398220062714245 0.01937090703497657 0.03151417643641 1.676882122580795e-12 6.049694847641132e8 1.230477224815328e8
10800 367853.6021340798 34.06650862237849 0.061928722309107634 0.0005546983940774033 0.0005644055586337592 0.7663567527033592 0.023356378066199696 0.01924690549971675 1.2902908903086193e-12 6.049694847641155e8 1.2304772247553949e8
11000 374666.8698567883 34.066247659899076 0.06387605084279173 0.0006558296231496527 0.0006422558475320593 0.9316741224374709 0.029977148416818644 0.022163114417513896 1.230652530862979e-12 6.049694847641163e8 1.2304772246522462e8
11200 381479.6665311021 34.061579250685746 0.0711408073966188 0.0007793763591009066 0.000739792985334266 1.1073494955871865 0.036862374345195625 0.03236691061932634 1.33598235868496e-12 6.04969484764113e8 1.2304772244907404e8
11400 388291.91164383845 34.06129025076472 0.0872339919558881 0.0009239763936825687 0.0008554866844927583 1.475140664848368 0.05015903210452799 0.04284494219361484 9.26243385011293e-13 6.049694847641096e8 1.2304772242578302e8
11600 395104.709863045 34.06742283598185 0.1022451693176907 0.0010998986659467168 0.0009936613590995295 1.5520422238478204 0.05562895805110471 0.03709350451946923 1.0529488523272155e-12 6.04969484764097e8 1.2304772239138888e8
11800 401918.50915944803 34.06792585916246 0.11137219433611371 0.0013088846366138963 0.0011630813211125197 1.8618239667466696 0.06958212827386043 0.040113754675783805 1.4281497590307195e-12 6.049694847641155e8 1.2304772233905497e8
12000 408731.72660191945 34.063737114073625 0.12231771814985161 0.0015414485885630303 0.0013677466235442826 2.220256211779997 0.1003412970616783 0.04227417394687444 1.0628155431679084e-12 6.049694847641209e8 1.2304772226095471e8
12200 415537.4827167571 34.06191836270686 0.14216652023189927 0.0018040629103387436 0.0016075276553895047 2.6089825900344294 0.11227720841893404 0.05540375185728934 9.785373823423676e-13 6.049694847641121e8 1.230477221483906e8
12400 422349.9023488743 34.0631169826463 0.1647180721236309 0.002113955318197866 0.0018809588676552869 2.916342878670548 0.1540377130106492 0.07147240431724397 8.864738991366834e-13 6.049694847641199e8 1.2304772198867212e8
12600 429161.22088647017 34.05157889530216 0.18350046040691975 0.0024685225603827588 0.0021918948037039387 3.3898492767802963 0.1397818858028008 0.0971940390235857 8.557206861230987e-13 6.049694847641051e8 1.2304772176455906e8
12800 435970.7130540583 34.044506240396935 0.20410441857819428 0.002853125482101325 0.0025458233379190938 4.34032267891962 0.19794086522891624 0.1039732385709808 1.028430490633456e-12 6.049694847641184e8 1.2304772146082036e8
13000 442779.9966502697 34.050117057240605 0.23304214321214867 0.003274987533426534 0.002950653654387626 5.303781191261805 0.22905015670682077 0.0972882566406225 1.4103578798528272e-12 6.049694847641166e8 1.2304772105973573e8
13200 449592.09243738087 34.069574111660074 0.2657801065095239 0.003738505118340516 0.0034101205458300587 5.804535446202863 0.26057714950089217 0.11277330111002022 1.0122747680116743e-12 6.049694847641213e8 1.2304772054290968e8
13400 456404.8906970289 34.04886257371529 0.2999466326250627 0.004242344864705218 0.003928038852012331 5.883253309586507 0.2822055188110399 0.21629914444923498 9.48966903993747e-13 6.049694847641262e8 1.2304771988260609e8
13600 463212.95329860697 34.03428126058929 0.34000560341833297 0.004773649377758381 0.00450074369440366 7.1211813798727235 0.3477565685771652 0.20711507807954488 1.029982675284504e-12 6.049694847641112e8 1.2304771905763093e8
13800 469997.7725171843 34.04609690845126 0.3834924892179982 0.005370328833729086 0.005121952376627583 7.125747505977415 0.4116833050583343 0.1570265629725348 1.1881176552481739e-12 6.049694847641228e8 1.230477180315527e8
14000 476810.63374733087 34.07068710810448 0.43045010762498104 0.006074703404071214 0.005807381753422396 7.300635699686609 0.5827918113055769 0.32024859673849737 9.77225715632749e-13 6.049694847641037e8 1.2304771669766206e8
14200 483621.76010421244 34.043719571501576 0.4790456779596719 0.006853940289795455 0.006561196239780175 9.014681070828374 0.8334417298995116 0.5516598572989719 1.4682684350550476e-12 6.049694847641174e8 1.2304771492608652e8
14400 490428.7233071429 34.02706954139247 0.5260336472367895 0.00770993273464554 0.007369986637390718 18.612131124582447 1.1389042076988547 0.4941206442136119 1.3111202264300156e-12 6.04969484764116e8 1.2304771261285657e8
14600 497233.9224213998 34.03634500965811 0.5826025030733551 0.008645603146156694 0.008171263764733191 21.179222495302383 0.7595601829273916 0.4460641289084129 1.2902096593307815e-12 6.04969484764116e8 1.2304770989157441e8
14800 504043.259984454 34.03869259478139 0.6479159585665211 0.0098040867068681 0.009036021126624931 12.15348730111873 0.7887204419975455 0.5276293969161304 1.282218219299292e-12 6.04969484764114e8 1.2304770690384236e8
15000 510846.0840771827 33.996211008798234 0.7282012703780792 0.01107160749003168 0.009934147701292237 16.647119224626294 0.7715561855097183 0.44278177753787124 1.1149714976493915e-12 6.049694847641156e8 1.230477035898926e8
15200 517647.16546911135 34.00623659420681 0.8027977395387385 0.012250568875863066 0.010925209102778754 28.86427683975853 0.82359829439771 0.6583906691367634 9.52068216350471e-13 6.049694847641157e8 1.2304769978004861e8
15223 518400.0 4.713279541407246 0.8136087328443848 0.012385580187251619 0.011040089012846421 25.977968490602507 0.9314762727544265 0.5554292548817553 1.216128230484399e-12 6.049694847641186e8 1.2304769930773368e8
