#timestep time dt l2_h l2_h_vcon1 l2_h_vcon2 linf_h linf_h_vcon1 linf_h_vcon2 l2_H l2_vcon1 l2_vcon2 linf_H linf_vcon1 linf_vcon2 dsdu_ut mass entropy 
0 0.0 100.0 0.0 0.0 0.0 0.0 0.0 0.0 0.0 0.0 0.0 0.0 0.0 0.0 -4.831848783775176e-12 9507.350780128065 7.387780844940976e8
50 2123.653588830331 42.4520766866604 6.046631556797703e-7 3.470410079664624e-6 7.0227937018602855e-6 2.2743831175280516e-6 1.864622482936331e-5 2.3027383466863662e-5 4.676365152741148e-7 6.216664347117251e-6 7.27823823339208e-6 2.2323786965573073e-6 2.36038293046714e-5 3.3104121284709394e-5 -4.0160558220079855e-7 9507.35078012807 7.387780844937218e8
100 4245.977343042628 42.44894446232721 6.085799822152056e-7 4.436480615576744e-6 6.61698217300659e-6 3.476077806353608e-6 2.4208137153542964e-5 1.5837800892590502e-5 4.7066572433802265e-7 8.211866346641985e-6 1.0280327005795278e-5 3.4118386291576205e-6 3.8175243864255916e-5 8.169434649333341e-5 -3.859312001287736e-7 9507.350780128083 7.387780844928786e8
150 6369.374331806775 42.49409152065439 5.674927429084136e-7 5.6795663952465924e-6 6.8892349411400675e-6 3.5423562218609375e-6 3.06546907888287e-5 1.771707233496987e-5 4.3888953088049464e-7 9.659650799557877e-6 1.1385624503385483e-5 3.476818745328663e-6 5.867493294739105e-5 8.215999117152223e-5 -3.869924730166326e-7 9507.350780128078 7.38778084492036e8
200 8496.259314626464 42.58741825277803 5.481959441044193e-7 6.868077005901481e-6 7.5086249183697675e-6 3.5362293241599535e-6 3.617817598949844e-5 1.9007995502602935e-5 4.2396570483846387e-7 1.118333133877329e-5 1.1884898599335e-5 3.4713544475699595e-6 8.008831625595901e-5 6.370979246186681e-5 -3.567498278266056e-7 9507.350780128067 7.387780844912548e8
250 10602.307030969416 42.72598304663324 5.55226092978202e-7 7.998156979316834e-6 8.16014731822906e-6 3.4320337929247094e-6 4.050204206084068e-5 2.0623321121056824e-5 4.294027060685364e-7 1.2526100068899513e-5 1.3108949015217175e-5 3.3685110929057734e-6 9.439711831537227e-5 5.831963270321501e-5 -3.533372488430732e-7 9507.350780128054 7.38778084490503e8
300 12736.198565605333 42.60988182839649 5.554494067947056e-7 9.021891995387876e-6 8.824762869053061e-6 4.436531577742871e-6 4.459141848679289e-5 2.601461605609763e-5 4.295754132938307e-7 1.3578612649454427e-5 1.4681960924225189e-5 4.3551506604423515e-6 0.0001023388239689399 6.61591277331554e-5 -3.459326551750211e-7 9507.350780128021 7.387780844897578e8
350 14863.888662214662 42.507711883420114 5.643282358925406e-7 9.936175095307791e-6 9.518312956137285e-6 4.989988961264082e-6 4.803801101105108e-5 3.1798943977715077e-5 4.364421533280522e-7 1.4551115689655796e-5 1.6371100192659582e-5 4.8977923201614335e-6 0.00010905322894655118 7.606447920851233e-5 -3.427497529606595e-7 9507.350780128094 7.387780844890331e8
400 16987.693441970216 42.45361533974403 5.719446208196728e-7 1.07665396087179e-5 1.0226796760116685e-5 4.7741960397852805e-6 5.089811551517965e-5 3.692540284171954e-5 4.4233253985608653e-7 1.5452172567197067e-5 1.834904872713524e-5 4.68587642810746e-6 0.00011287821104503456 8.292097720120309e-5 -3.4608937033414157e-7 9507.35078012806 7.387780844883009e8
450 19105.17302767428 42.44779856928736 5.745678790283942e-7 1.1549266150900946e-5 1.0702735498846604e-5 4.2336868315230056e-6 5.274100247255695e-5 4.083261457739437e-5 4.4436132450568383e-7 1.618897148099023e-5 2.024608014441251e-5 4.155568227330992e-6 0.00011646539456068537 8.622011679767725e-5 -3.4773239966263247e-7 9507.350780128067 7.387780844875641e8
500 21228.435379902694 42.489750588316696 5.66809905912421e-7 1.2306085043149354e-5 1.1094865062420284e-5 3.930328025264402e-6 5.707834784964057e-5 4.325757492567634e-5 4.383614360055496e-7 1.6883486114919532e-5 2.186247701395341e-5 3.857695575816671e-6 0.00012466643814637723 8.920339316148115e-5 -3.4468029073699673e-7 9507.350780128076 7.387780844868265e8
550 23352.390261097524 42.45653602604654 5.693472246734226e-7 1.3024805356576874e-5 1.1382734497257129e-5 3.952966711519951e-6 6.185465982038184e-5 3.900283161491188e-5 4.403237565003823e-7 1.7605870400203618e-5 2.290863674484952e-5 3.879953494361317e-6 0.00012877201227312135 8.521056825271588e-5 -3.4463460971227395e-7 9507.350780128056 7.387780844860966e8
600 25474.75725711659 42.446346206859175 5.692815617736438e-7 1.3760662900040406e-5 1.1483555064650643e-5 4.278596185880822e-6 6.606180778474685e-5 4.1407040702049836e-5 4.402729738983303e-7 1.8439422547881644e-5 2.3173352640446734e-5 4.199669989711907e-6 0.00012906149786092724 8.554303461368215e-5 -3.462910918796478e-7 9507.350780128096 7.387780844853617e8
650 27576.135747409357 42.48376418116403 5.596036931651755e-7 1.4502002624493238e-5 1.1419311172570447e-5 4.6237609938977075e-6 6.685317876825983e-5 4.298555934853935e-5 4.3278826987772886e-7 1.9350985677241463e-5 2.2838862253329454e-5 4.538173027264358e-6 0.00012445253539101578 8.269941245265909e-5 -3.434622253422396e-7 9507.350780128052 7.387780844846381e8
700 29702.31193409431 42.56956561832715 5.512435225652773e-7 1.5236831897822126e-5 1.1342015107784407e-5 4.680917308156635e-6 6.477912647474729e-5 4.519596824319436e-5 4.2632265177453397e-7 2.0339684197477564e-5 2.22460551929465e-5 4.594802264381152e-6 0.00011553846186924937 8.008740735232797e-5 -3.3877162885688504e-7 9507.350780128072 7.387780844839109e8
750 31833.99372269709 42.70284144899068 5.547770199564778e-7 1.5972689849945386e-5 1.1240062312943475e-5 4.744830498683718e-6 6.374300498693543e-5 4.7041120316980594e-5 4.29055400398314e-7 2.1422721226613428e-5 2.148993735542632e-5 4.657055100292315e-6 0.00010601404557513602 7.27562420604704e-5 -3.3984048882405234e-7 9507.350780128083 7.387780844831887e8
800 33968.59466506849 42.628603925130925 5.551914310398167e-7 1.6678917508878435e-5 1.1117395784251349e-5 4.829427565933375e-6 6.535513717826338e-5 4.7871299256987906e-5 4.2937589909774474e-7 2.249351866151763e-5 2.07074166775661e-5 4.740537129033484e-6 8.896039294607579e-5 7.486104265443858e-5 -3.4188988591045423e-7 9507.35078012808 7.387780844824624e8
850 36091.92892710894 42.51975861657087 5.551754447171554e-7 1.7307194565371632e-5 1.1020449009385765e-5 4.8321448819403865e-6 6.744042145264113e-5 4.891397815427662e-5 4.2936353553891845e-7 2.350837697826366e-5 2.0012798289520297e-5 4.743043990220927e-6 7.350816079525066e-5 7.96432172107077e-5 -3.404145306348663e-7 9507.350780128072 7.387780844817355e8
900 38216.155251700584 42.45856266600268 5.613386939878046e-7 1.7880357794888655e-5 1.0990777148836063e-5 4.694244599609142e-6 6.829497564078911e-5 5.086970500165183e-5 4.341300909083264e-7 2.4480872582174677e-5 1.9441578402755947e-5 4.607388550487545e-6 6.898871618523149e-5 8.174914935139297e-5 -3.4136464143386815e-7 9507.350780128072 7.387780844810126e8
950 40338.554126905416 42.44569072219112 5.668920589380086e-7 1.8348347719025534e-5 1.1047124806680527e-5 4.5263916104767765e-6 6.776358848105307e-5 5.360843917705278e-5 4.38424971801491e-7 2.5250523113308296e-5 1.906719019111877e-5 4.443017317139786e-6 6.441027903668319e-5 8.457062666980403e-5 -3.44811382910309e-7 9507.350780128065 7.387780844802883e8
1000 42461.53507682889 42.480765621908056 5.651030461431498e-7 1.8723816032216623e-5 1.116258731027871e-5 4.350876379974583e-6 7.105212647538893e-5 5.78322710667851e-5 4.370413788011013e-7 2.584399674695494e-5 1.8852572359941674e-5 4.2704508784808216e-6 6.767121561822264e-5 8.809636214836215e-5 -3.435340902572136e-7 9507.35078012805 7.38778084479555e8
1050 44559.30973070803 42.462458376138215 5.656701675923345e-7 1.9032934862724695e-5 1.1319995547261095e-5 4.085091762985478e-6 8.030780715076962e-5 5.640769941465404e-5 4.3747998118079644e-7 2.6265901389168744e-5 1.8822153832011257e-5 4.009696759086621e-6 8.030141131408372e-5 8.636897140657841e-5 -3.394889359608446e-7 9507.35078012808 7.38778084478841e8
1100 46681.78110801031 42.444730452268516 5.682444271635549e-7 1.9266963519458116e-5 1.1612539452677773e-5 3.959355040355606e-6 8.614161948229375e-5 5.468660431951253e-5 4.394708710909153e-7 2.6425748093451368e-5 1.913404083401904e-5 3.88625480257463e-6 8.965473686738134e-5 8.611374527868056e-5 -3.380786278661111e-7 9507.35078012805 7.387780844781147e8
1150 48804.59263321428 42.47517953143672 5.644509531552771e-7 1.9439167031131224e-5 1.1975654061839979e-5 4.440783836919329e-6 8.678699382667019e-5 5.423876813785005e-5 4.365370608357836e-7 2.6399276503156315e-5 1.963061454248378e-5 4.358614132949848e-6 0.00010017099824915831 8.948450585625158e-5 -3.371109330849877e-7 9507.35078012806 7.387780844773992e8
1200 50930.159096329 42.553919925004124 5.593945858846696e-7 1.9575952889981362e-5 1.2368590597216749e-5 4.839045322146426e-6 8.27021428137384e-5 5.357739937891171e-5 4.3262654975630265e-7 2.6246055666684786e-5 2.0250785861660686e-5 4.7498680778058106e-6 0.00010817864215536487 9.013465547935144e-5 -3.3281697064144736e-7 9507.350780128038 7.387780844766884e8
1250 53033.932105306216 42.67841268041857 5.595236365615214e-7 1.9676490940668892e-5 1.283770710678283e-5 5.006191396132264e-6 7.438627649897072e-5 5.2875988020943486e-5 4.3272635542177455e-7 2.5954664392686892e-5 2.1188924276369465e-5 4.9135946329468734e-6 0.00011109168673482922 9.125784342087052e-5 -3.31071113819511e-7 9507.350780128081 7.387780844759903e8
1300 55168.965375597436 42.65043205655864 5.599473558071671e-7 1.974943522879006e-5 1.3365370694348945e-5 5.167571150443721e-6 6.535134126583682e-5 4.933241554518432e-5 4.3305405289910706e-7 2.560143773536718e-5 2.2363754095938833e-5 5.072192429244035e-6 0.00011181323885055555 9.149747400636898e-5 -3.3250779846750656e-7 9507.35078012806 7.387780844752872e8
1350 57298.31547476883 42.533793073534625 5.587135009226414e-7 1.9816566622368754e-5 1.3858312285857264e-5 5.279937419228109e-6 6.736854259287864e-5 4.674774932885176e-5 4.3209980987409e-7 2.5293654625081098e-5 2.3514171579391593e-5 5.182532124805142e-6 0.00011491085787096458 8.383777674424831e-5 -3.3394668332111155e-7 9507.350780128076 7.387780844745749e8
1400 59423.049967747465 42.46499721023498 5.593021061315641e-7 1.9890940530367527e-5 1.4288427794868671e-5 5.1401774292210295e-6 7.00170313017883e-5 4.770724124877896e-5 4.3255502744069247e-7 2.5027808570757257e-5 2.4608251768185258e-5 5.045032063353436e-6 0.00011636379069465374 7.090925506474726e-5 -3.345929609568417e-7 9507.350780128054 7.387780844738642e8
1450 61541.13877715794 42.44451559295982 5.622291195224328e-7 1.9988261770467098e-5 1.4614028321046242e-5 4.8709049419512284e-6 7.888802905068484e-5 4.85326498819741e-5 4.348187313383287e-7 2.482005041316976e-5 2.554932735538831e-5 4.781035886282306e-6 0.00011604436864612173 6.60431838155046e-5 -3.3600503639909487e-7 9507.350780128078 7.387780844731559e8
1500 63663.866536843416 42.47199118579991 5.632555256360033e-7 2.0126777112946404e-5 1.4793953894804715e-5 4.7766167266147494e-6 8.212502222694656e-5 5.084803836867112e-5 4.356125369027352e-7 2.4746594733258582e-5 2.6084164793707265e-5 4.688363019346007e-6 0.0001239058448642324 7.469336184264898e-5 -3.37290414971491e-7 9507.35078012807 7.387780844724413e8
1550 65788.11109904654 42.469111080039866 5.584293197300886e-7 2.0331511114940782e-5 1.4817711030069547e-5 4.6015265373070985e-6 7.915049696466365e-5 5.7900035830652686e-5 4.318800288257415e-7 2.4886091397485638e-5 2.6111189272435603e-5 4.516571965523746e-6 0.00013384432587110813 8.413686054571995e-5 -3.3526400902981623e-7 9507.35078012808 7.38778084471723e8
1600 67910.73622531537 42.44434673173045 5.519159950409246e-7 2.0625745789499066e-5 1.4674738288560399e-5 4.170085130088488e-6 7.161008680326301e-5 5.7924564718863024e-5 4.2684273090074853e-7 2.5251407035715303e-5 2.5720024188497713e-5 4.0931039938968675e-6 0.00013663725017887027 8.615888822153784e-5 -3.3103070927172616e-7 9507.350780128083 7.387780844710172e8
1650 70011.64139666986 42.467195291752546 5.469691465892901e-7 2.0999690431864797e-5 1.4426417335812247e-5 4.192085321146841e-6 7.380038725930399e-5 5.697298969418306e-5 4.2301691986892275e-7 2.5794087522113093e-5 2.503316931676416e-5 4.114478891671107e-6 0.00014207252915842775 8.635386913881327e-5 -3.2716721008515283e-7 9507.350780128067 7.387780844703271e8
1700 72136.61488717263 42.53835180620286 5.440812133809827e-7 2.1438892670671296e-5 1.4121693070614948e-5 4.664685887903528e-6 7.510039169333572e-5 5.812425204883108e-5 4.207834399391224e-7 2.651388465334522e-5 2.4166826961148043e-5 4.578640574309805e-6 0.0001478670043155435 9.183292040206745e-5 -3.234015429033557e-7 9507.35078012807 7.387780844696367e8
1750 74266.36886051885 42.65730480630873 5.444569286796746e-7 2.1919962184936443e-5 1.3798067265443768e-5 4.664080397710897e-6 7.442114503521471e-5 6.197552326546191e-5 4.2107401195689385e-7 2.738990168619519e-5 2.3287579767332683e-5 4.5778998279277265e-6 0.00014571243599312403 9.477987328517263e-5 -3.224406609759296e-7 9507.350780128067 7.3877808446895e8
1800 76401.4735836231 42.67120676798167 5.454863598075663e-7 2.240824178317892e-5 1.3499500006874594e-5 4.498642234038407e-6 7.19432554144419e-5 6.40926996296948e-5 4.2187015701828717e-7 2.8336238572326775e-5 2.2523415496572994e-5 4.415472351725491e-6 0.00013608627021259066 9.306171872361815e-5 -3.230036947467684e-7 9507.350780128061 7.387780844682562e8
1850 78526.18641467951 42.54797991676111 5.490008965774925e-7 2.2868452436028975e-5 1.3260774556864319e-5 4.651904549114785e-6 6.812564554220688e-5 6.546809546348574e-5 4.245882418106291e-7 2.9263149077989056e-5 2.198873679795479e-5 4.56611588192431e-6 0.00012277693580685505 9.13418300240503e-5 -3.2296809086753077e-7 9507.350780128098 7.38778084467577e8
1900 80651.44943569756 42.47208081109579 5.563106250458751e-7 2.3283062135209925e-5 1.3085752162810552e-5 4.730471513184722e-6 7.211202510392612e-5 6.697366503781415e-5 4.3024146528973597e-7 3.0121375587845545e-5 2.1684587249421662e-5 4.642904445363359e-6 0.00010131685153406627 9.443835536323038e-5 -3.2560862380023337e-7 9507.350780128088 7.387780844668789e8
1950 82774.14835749235 42.4444835016133 5.614031684040547e-7 2.3627726746275487e-5 1.2970551272788548e-5 4.422976145264524e-6 8.35262036733092e-5 6.923781151198253e-5 4.341799543594896e-7 3.084378232298098e-5 2.1523033284292057e-5 4.341314623404928e-6 8.343285308816293e-5 9.700343906919282e-5 -3.293812974018823e-7 9507.350780128043 7.387780844661882e8
2000 84896.69710544044 42.4650243258532 5.647172068285834e-7 2.388117266837262e-5 1.2928326371900089e-5 4.067918363011493e-6 8.987309398493107e-5 7.348700089175195e-5 4.367429770375252e-7 3.1364763524528257e-5 2.1506862542470052e-5 3.992854621302603e-6 8.600643380373413e-5 9.999751939726047e-5 -3.29827896298951e-7 9507.350780128083 7.387780844654878e8
2050 86994.79277636803 42.47736985311574 5.697382261659661e-7 2.4042179878533344e-5 1.298278789677742e-5 3.90504160484715e-6 8.942742182263669e-5 7.605671050274337e-5 4.406261506089722e-7 3.163660674020215e-5 2.1740588190307277e-5 3.832869333725209e-6 9.084909769148039e-5 0.0001054895699738432 -3.2803431739525834e-7 9507.35078012804 7.387780844647963e8
2100 89117.6398300306 42.44508975256605 5.734040306281252e-7 2.4128923201776097e-5 1.3137369254328096e-5 3.829734184927589e-6 8.51557491383115e-5 7.405445161941272e-5 4.4346122334060266e-7 3.164993495251245e-5 2.2238315219187052e-5 3.7591130820151957e-6 9.537686906430647e-5 0.00011089483461529491 -3.2623086553649854e-7 9507.350780128047 7.387780844641026e8
2150 91240.09398591676 42.46080813491776 5.718068093642092e-7 2.4155441709258584e-5 1.3390821453718942e-5 3.738069656362517e-6 8.617188637637699e-5 7.255648022501794e-5 4.4222595874969283e-7 3.142702603402602e-5 2.2937999719864178e-5 3.6688951842243033e-6 9.968704891060064e-5 0.00011666671978779428 -3.2409111800709355e-7 9507.350780128047 7.387780844634138e8
2200 93364.56661351274 42.52485732073586 5.654606917155095e-7 2.413887658096144e-5 1.374362880156197e-5 4.184214847714999e-6 8.569544806165912e-5 7.055031658136723e-5 4.373179759898751e-7 3.103468439796788e-5 2.3829599897782266e-5 4.10702979038537e-6 0.00010965465613701762 0.00012089095955489637 -3.2130966780545154e-7 9507.350780128054 7.387780844627274e8
2250 95466.23216033536 42.635098566262684 5.611443853234045e-7 2.4092929546261723e-5 1.4176619400221968e-5 4.667311890632155e-6 8.399358391833628e-5 6.825297639311012e-5 4.3397981579220915e-7 3.0557689463437235e-5 2.490602480943767e-5 4.581264133551413e-6 0.00012136342396198623 0.00012135624357905318 -3.1844572763278645e-7 9507.350780128072 7.387780844620577e8
2300 97601.06365624127 42.69533667300345 5.644992378903704e-7 2.403208244577406e-5 1.4672160117233765e-5 5.052197718184512e-6 7.977526549230566e-5 6.401783694495222e-5 4.3657440345413405e-7 3.0042148861830802e-5 2.6177388627897943e-5 4.958733399156891e-6 0.00012851799628475134 0.00011730045081031988 -3.173076059811657e-7 9507.350780128074 7.387780844613798e8
2350 99732.29397764195 42.56431318601344 5.727786042292288e-7 2.3971630816187732e-5 1.5189544120114237e-5 5.1363919997891975e-6 7.971566882029176e-5 5.7073684040102096e-5 4.429775288757475e-7 2.952883614139616e-5 2.7568329648412606e-5 5.041791466465165e-6 0.00012885058235913264 0.00010681254519983277 -3.1944309202746256e-7 9507.350780128061 7.387780844606969e8
2400 101858.18067498841 42.48082916330185 5.78983397137756e-7 2.3924928383955944e-5 1.568144635233881e-5 4.914805371620951e-6 8.143521133648982e-5 4.8718297872648656e-5 4.4777621340832296e-7 2.906379944981359e-5 2.8982538811965485e-5 4.823840808252536e-6 0.00013000017317417733 8.623977880583955e-5 -3.228315323091694e-7 9507.35078012808 7.387780844600176e8
2450 103977.12494704044 42.44562716250583 5.818112936362492e-7 2.3911391476367784e-5 1.608516751051077e-5 4.6229069673737565e-6 8.969165173513262e-5 4.9220388672206276e-5 4.4996326193872253e-7 2.871632946203661e-5 3.0266418973186607e-5 4.53757385595725e-6 0.00013559403589722072 7.971150169178945e-5 -3.247580673064206e-7 9507.35078012804 7.387780844593298e8
2500 106099.53550263825 42.45852763316711 5.822778827578704e-7 2.395635617981464e-5 1.633659942116637e-5 4.466990379063594e-6 9.598629215655468e-5 5.2330911149048404e-5 4.503241142721e-7 2.8559527396139925e-5 3.1220823264793945e-5 4.3845090397509e-6 0.00014630683231735302 8.664569368737682e-5 -3.2513335281979076e-7 9507.350780128058 7.387780844586399e8
2550 108223.60629518062 42.48612801942762 5.808079666805826e-7 2.40828310324828e-5 1.640632847852492e-5 4.412478904110193e-6 9.53459152241974e-5 6.465207441896373e-5 4.491873054116626e-7 2.863718677108811e-5 3.166224900374949e-5 4.330918234899352e-6 0.00015617239669329878 9.307181046592699e-5 -3.2421334845535156e-7 9507.350780128047 7.387780844579501e8
2600 110346.71349002009 42.44685107192219 5.786687073520751e-7 2.430251425465406e-5 1.6297110654647253e-5 4.321659969615436e-6 9.205036573889121e-5 6.599517946049809e-5 4.47532837518425e-7 2.894670754658935e-5 3.150163256835275e-5 4.24200337118131e-6 0.0001561271838332268 9.73397542282748e-5 -3.2206391191929477e-7 9507.35078012806 7.387780844572656e8
2650 112447.36350920981 42.45513231929172 5.75767784018212e-7 2.4609743309079016e-5 1.6031351805341917e-5 4.106147981446895e-6 9.215732784713959e-5 6.545174418887255e-5 4.4528931124200687e-7 2.9463136184785226e-5 3.083925580123742e-5 4.030171094612556e-6 0.00015479838986729697 9.839447694824811e-5 -3.1878767352394323e-7 9507.350780128074 7.387780844565867e8
2700 114571.35827178079 42.51157987998579 5.741999292860274e-7 2.4993682345849402e-5 1.5660096595122887e-5 4.430941373876507e-6 9.085198008528172e-5 6.42029627245859e-5 4.440767582416502e-7 3.0176774422781826e-5 2.9870761860705792e-5 4.349172145622998e-6 0.00015268048293345807 0.00010104336934327416 -3.1508031474671456e-7 9507.350780128118 7.387780844559181e8
2750 116699.40321356003 42.61606605695684 5.754989983731914e-7 2.5426039818288102e-5 1.5258737522774665e-5 4.660368102792589e-6 8.770201640372765e-5 6.84720966812439e-5 4.450814368533438e-7 3.1059770718985e-5 2.879346826116285e-5 4.574695410185836e-6 0.0001494278866621937 0.00010679304886784477 -3.1335377043694655e-7 9507.35078012808 7.387780844552482e8
2800 118833.66862019162 42.7181117091311 5.765660267156088e-7 2.587187849566828e-5 1.4880731189335878e-5 4.815028318588737e-6 8.210392372833664e-5 7.18038516827317e-5 4.4590665898235927e-7 3.2044754596773366e-5 2.777803447482841e-5 4.725946756187949e-6 0.00014186346991408035 0.00010550245076310254 -3.148013003960727e-7 9507.350780128072 7.387780844545783e8
2850 120960.0 36.71434835570108 5.749085567707252e-7 2.6291930333257995e-5 1.4567706281399474e-5 4.87332694250265e-6 8.138506391089128e-5 7.302946327263718e-5 4.4462479905320665e-7 3.3021767037485205e-5 2.6960984542724138e-5 4.783757579241768e-6 0.00012242709864865358 0.00010315820461650094 -3.1733756257714316e-7 9507.350780128067 7.387780844539093e8
2900 123086.52265352919 42.49007283787128 5.746823745262676e-7 2.6660305610087193e-5 1.4338144040927219e-5 4.803448787422699e-6 8.68552279176499e-5 7.410546620522356e-5 4.444498734374476e-7 3.3906987261099366e-5 2.6349885105727925e-5 4.714540141285571e-6 9.740755222099223e-5 0.00010178311800158882 -3.2021574382116674e-7 9507.350780128054 7.387780844532309e8
2950 125209.74489303482 42.447722910587075 5.793563689208414e-7 2.6953488097648085e-5 1.4195956128248758e-5 4.624273742902548e-6 9.477235836188194e-5 7.59404634906306e-5 4.480646636379594e-7 3.463876030242797e-5 2.5905535896484862e-5 4.5389154127400504e-6 9.084686275478087e-5 0.00010559223561348193 -3.2281605565865617e-7 9507.350780128081 7.387780844525497e8
3000 127332.0817525523 42.453641153566245 5.876740478667969e-7 2.716337133484346e-5 1.4133508378903336e-5 4.402562755360595e-6 0.0001008295517036287 7.920473452247408e-5 4.544974193987685e-7 3.516472282389834e-5 2.5631241336719386e-5 4.321241249812751e-6 9.210356072554612e-5 0.00011191033216213778 -3.2379055428357696e-7 9507.350780128052 7.387780844518623e8
3050 129455.90470144023 42.49573464107895 5.957823925334004e-7 2.729184027466198e-5 1.4161691181225678e-5 4.207853061537814e-6 9.999655018464793e-5 8.425876561483048e-5 4.607682794769201e-7 3.5435634362813224e-5 2.557630089250866e-5 4.130076983671199e-6 9.723870202278427e-5 0.00012090305755815283 -3.2334428589404874e-7 9507.350780128072 7.387780844511695e8
3100 131553.46800625377 42.44984624105053 5.985342987726094e-7 2.734091534877281e-5 1.4302158279961066e-5 4.090782340991884e-6 9.078669985942564e-5 7.972221736940062e-5 4.6289655839062666e-7 3.543275054629927e-5 2.5790709803100728e-5 4.015264518129758e-6 0.00010046398684204454 0.00012630761423185893 -3.2146482661287625e-7 9507.350780128092 7.387780844504964e8
3150 133675.78575613227 42.45086750005968 5.947345510355736e-7 2.732356763164152e-5 1.4557480816076473e-5 4.017830178004718e-6 9.190777247133687e-5 7.794859924732245e-5 4.599578961401104e-7 3.518108030313307e-5 2.6294696199963205e-5 3.943525924851779e-6 0.00010511747444001694 0.0001335062919207296 -3.1794651198810714e-7 9507.350780128078 7.387780844498137e8
3200 135799.38565949505 42.50019844982711 5.87810130629387e-7 2.7254899497363336e-5 1.4920323228474323e-5 4.389925910398616e-6 9.230958688963285e-5 7.626112505538926e-5 4.546026635624472e-7 3.4741500888290404e-5 2.706411957986827e-5 4.308763695111266e-6 0.00011250270212759783 0.00014104716917441023 -3.1444730815712735e-7 9507.350780128081 7.387780844491472e8
3250 137926.68174734485 42.597658696400714 5.819472483308362e-7 2.7146230229877898e-5 1.538486044884262e-5 4.758745634564925e-6 9.11560252368249e-5 7.403097254404594e-5 4.500684070548468e-7 3.417643733109856e-5 2.80688231084558e-5 4.671555171022051e-6 0.00012174226796169714 0.0001459432605204191 -3.1236695310728514e-7 9507.350780128072 7.387780844484789e8
3300 140032.4263179312 42.74011570811401 5.806697974990831e-7 2.7015290243810416e-5 1.5909154609041146e-5 5.0062271699126435e-6 8.705799742258134e-5 7.008907599077595e-5 4.4908044764469586e-7 3.3547999853616143e-5 2.9243798419314513e-5 4.91355718196275e-6 0.00012891889056056442 0.00014692481053390837 -3.1266949141415735e-7 9507.350780128063 7.387780844478226e8
3350 142165.7553650179 42.59927057397442 5.841769801376532e-7 2.687314411708e-5 1.6459393398083125e-5 5.093394778306689e-6 8.409096383188979e-5 6.201060020900616e-5 4.5179284487327344e-7 3.2895842749682284e-5 3.0546628348082674e-5 5.000073565490392e-6 0.0001278506959116188 0.00014184535182595748 -3.1510500763324904e-7 9507.350780128047 7.387780844471488e8
3400 144293.0182735672 42.50117018228812 5.906701356316763e-7 2.6736216610574868e-5 1.6977717515044304e-5 5.019159966274406e-6 8.525532399339626e-5 5.41577074315683e-5 4.5681454427763145e-7 3.229580621272572e-5 3.186063082989172e-5 4.926342365832959e-6 0.00012714738738018062 0.0001211965411220839 -3.185727888385894e-7 9507.350780128078 7.387780844464813e8
3450 146416.6010588035 42.451196696472024 5.970375513528332e-7 2.6634346067173175e-5 1.7404360433303485e-5 4.861548144869128e-6 9.559076449411788e-5 4.9879805146795956e-5 4.6173899861577783e-7 3.1830508366063647e-5 3.303336387774576e-5 4.771657295427847e-6 0.00012901352374749015 9.481500678716966e-5 -3.220515930269376e-7 9507.350780128056 7.387780844457995e8
3500 148535.38246985138 42.44949354780439 6.005193845266954e-7 2.659849005120731e-5 1.767587413578532e-5 4.680597614230587e-6 0.00010338939216176253 5.2900402561577035e-5 4.644317909832415e-7 3.156823387944992e-5 3.386685530919797e-5 4.594178814056468e-6 0.0001349711346422509 7.89453445691445e-5 -3.243105118906106e-7 9507.350780128041 7.387780844451135e8
3550 150658.83373544956 42.495513189648534 6.003941366481384e-7 2.665091036568902e-5 1.7760168659273728e-5 4.482037337229965e-6 0.0001040177645511749 6.934619736773829e-5 4.643349263402358e-7 3.154381019840032e-5 3.4210447549023394e-5 4.399185857858037e-6 0.00014493371849751965 9.948908514898801e-5 -3.2397881270958136e-7 9507.350780128056 7.387780844444238e8
3600 152782.62084165667 42.45372781577639 5.986404839024504e-7 2.680778181969035e-5 1.765567580885423e-5 4.25480277839123e-6 9.501827812951053e-5 7.267175157680402e-5 4.629786802189116e-7 3.17766705521219e-5 3.401160216425177e-5 4.1762119125639375e-6 0.0001489424898022421 0.0001064094318599628 -3.2124443024074414e-7 9507.350780128056 7.387780844437364e8
3650 154904.95266636933 42.44767517927218 5.962398902818076e-7 2.7072899202960174e-5 1.7380995525347325e-5 4.039905496074935e-6 9.338707507218627e-5 7.210163729073869e-5 4.611221006938921e-7 3.226748055345211e-5 3.332502657319814e-5 3.965297789695357e-6 0.00015415266354317514 0.0001077546630868345 -3.1755731225239706e-7 9507.350780128078 7.387780844430631e8
3700 157006.4706488489 42.48921671618954 5.923755368405235e-7 2.7430143576074613e-5 1.6986229173366495e-5 4.178042364726459e-6 9.412303661313976e-5 6.957674699041696e-5 4.5813347345515685e-7 3.298695006150597e-5 3.231337725069682e-5 4.100714945707409e-6 0.00015909247347229558 0.00010603138799719488 -3.1417271596111777e-7 9507.35078012804 7.387780844423983e8
3750 159133.02510246323 42.57914964227905 5.89503225864677e-7 2.7856925370371034e-5 1.6523174660865924e-5 4.526023338020724e-6 9.292392688888698e-5 6.62897489608882e-5 4.5591207550239273e-7 3.3902904753466884e-5 3.1145989124547026e-5 4.44287503993413e-6 0.0001611449922347221 0.00011858716328028302 -3.116780631330932e-7 9507.350780128076 7.38778084441728e8
3800 161265.2893986336 42.716454365597514 5.895145688987896e-7 2.8310362370286208e-5 1.607196875734516e-5 4.807503691566178e-6 8.864402265937687e-5 6.738414044202115e-5 4.559208480187796e-7 3.493136560295277e-5 3.0019794622289875e-5 4.718545940326459e-6 0.00015871369673979623 0.00011946386285837513 -3.1147492157230975e-7 9507.350780128088 7.387780844410701e8
3850 163399.50643689506 42.617379556328004 5.910862247929208e-7 2.875157375610465e-5 1.5690011564193173e-5 4.9324191019335855e-6 8.201208905198856e-5 6.795067058709263e-5 4.5713634077376464e-7 3.597295266848257e-5 2.9066605035865138e-5 4.841806062408482e-6 0.00014134202019774 0.0001184264328766416 -3.134600331484777e-7 9507.350780128094 7.387780844404066e8
3900 165521.30972984372 42.51262653649421 5.948277835475453e-7 2.9145637658768605e-5 1.539161762832327e-5 4.844631724416948e-6 8.313989315770852e-5 6.882602727387479e-5 4.6003000062680414e-7 3.693039506241095e-5 2.8337588899443763e-5 4.755193996706906e-6 0.00011509575230986502 0.0001181428323100794 -3.169813616793159e-7 9507.350780128085 7.38778084439733e8
3950 167645.28399009263 42.455536346386765 6.001762327867286e-7 2.9467927453475944e-5 1.5180861669686986e-5 4.630433854785855e-6 9.428686997405476e-5 7.067857951698959e-5 4.641664030860251e-7 3.773231269479762e-5 2.7838250733445755e-5 4.5447583643196984e-6 9.604574280779212e-5 0.0001201354498684049 -3.2096298295482774e-7 9507.350780128061 7.387780844390548e8
4000 169767.63645757196 42.44677340820421 6.052265485046481e-7 2.9697968324657115e-5 1.5067391627206418e-5 4.446059631783407e-6 0.00010308227401012306 7.391030301282284e-5 4.6807223399504225e-7 3.830390329604049e-5 2.7569963528749788e-5 4.364074080476626e-6 9.737585359166935e-5 0.00012524583524879283 -3.232349011959379e-7 9507.35078012807 7.387780844383693e8
4050 171890.77513466036 42.48589592577443 6.088979325349014e-7 2.9831381730006843e-5 1.5058531012588319e-5 4.33878348236837e-6 0.00010440661603936911 7.935084929362819e-5 4.7091162187291645e-7 3.8595747527108904e-5 2.7523077396041572e-5 4.258591429922139e-6 9.863924727620643e-5 0.0001337195105451393 -3.2338263364415775e-7 9507.350780128074 7.387780844376878e8
4100 173989.2031990242 42.45906494418412 6.10276041739446e-7 2.9873210843433614e-5 1.5155021226553845e-5 4.229390204980804e-6 9.734636121688479e-5 7.518222108922002e-5 4.719774288106051e-7 3.859333923582904e-5 2.769714586438192e-5 4.151287526352351e-6 9.535254443337126e-5 0.00013828712427617782 -3.2165114899731656e-7 9507.350780128056 7.387780844370092e8
4150 176111.6093298467 42.44544304093698 6.08425161864779e-7 2.9839428293288103e-5 1.53525123385107e-5 4.125543543701168e-6 8.466454173737524e-5 7.255852754978346e-5 4.705459888314937e-7 3.832010690156553e-5 2.8121568221664373e-5 4.049400439815371e-6 9.880556806813766e-5 0.00014243481173606293 -3.1756315550349454e-7 9507.350780128076 7.387780844363278e8
4200 178234.56213190965 42.480036534446974 6.04191186046439e-7 2.9746775443247957e-5 1.5659202576774742e-5 4.2373559130228385e-6 8.53703520463232e-5 7.10472036740239e-5 4.6727150173885193e-7 3.7829972278150426e-5 2.8824042628122495e-5 4.1589250075625644e-6 0.00011619246351577768 0.00014845463032645332 -3.132389212356951e-7 9507.35078012809 7.387780844356601e8
4250 180360.47671818914 42.56289528567944 6.002587750383091e-7 2.9607002759285896e-5 1.607135124219726e-5 4.6782417916845695e-6 8.561155713160488e-5 6.978549986649203e-5 4.642302399015462e-7 3.7178868040146926e-5 2.979313840050943e-5 4.592104964382465e-6 0.00013041502794510363 0.00015110409717528938 -3.1063203521616047e-7 9507.35078012807 7.387780844350003e8
4300 182463.78572863495 42.69128886738194 5.992377261963492e-7 2.9437557445295717e-5 1.655626056650337e-5 4.994947855792186e-6 8.40969558201996e-5 6.773472352595525e-5 4.634405775623249e-7 3.6430460958899654e-5 3.098131446230281e-5 4.902541457103919e-6 0.00014166534441378823 0.00014842281248990833 -3.10251165109768e-7 9507.350780128074 7.38778084434343e8
4350 184598.63466357588 42.63863479474045 6.013253639904589e-7 2.9250530852123276e-5 1.7093881153031658e-5 5.131046022456505e-6 7.974996287655491e-5 6.276640931777191e-5 4.6505512221174293e-7 3.563951704408336e-5 3.2368814676254475e-5 5.036469573717582e-6 0.00014472578760569177 0.0001395766681735746 -3.1206641485366694e-7 9507.35078012808 7.387780844336817e8
4400 186727.49681943233 42.52601152272581 6.05772990943751e-7 2.9068779840244616e-5 1.7619952809586054e-5 5.109929137923276e-6 8.134980676705931e-5 5.7213344765048e-5 4.6849484356895073e-7 3.491479430905803e-5 3.381074341460799e-5 5.01567404929694e-6 0.00014488753579824034 0.00011979610261192941 -3.1511711436579413e-7 9507.35078012807 7.387780844330137e8
4450 188851.94644810553 42.461309170172434 6.116389851027211e-7 2.8920077719952586e-5 1.806810902295614e-5 5.023212450646321e-6 9.346973059914776e-5 4.9633911502548784e-5 4.730315067373602e-7 3.4345195521564214e-5 3.512613026468361e-5 4.930269912337035e-6 0.00014736354140616376 9.346312868590976e-5 -3.183376320132523e-7 9507.350780128054 7.387780844323412e8
4500 190971.33886427816 42.44492737022739 6.172058112431401e-7 2.8831223625323468e-5 1.8384840464172154e-5 4.903630905182791e-6 0.00010357311016032316 4.926110227447981e-5 4.773367982907368e-7 3.3990750897185703e-5 3.6129011436295324e-5 4.813232011389538e-6 0.0001526160839870275 7.944289254267053e-5 -3.207937504318854e-7 9507.350780128072 7.387780844316597e8
4550 193094.1917630122 42.47649056039231 6.205847676893617e-7 2.882856205601661e-5 1.852639945838803e-5 4.7245200069159215e-6 0.00010842081434066414 6.439135145332564e-5 4.799500274952614e-7 3.3879957368770766e-5 3.666856516590903e-5 4.637194969085123e-6 0.00015952764637275279 9.389964094350296e-5 -3.215383568541067e-7 9507.350780128096 7.38778084430984e8
4600 195218.39980071553 42.465109466031734 6.213592755557329e-7 2.8932159805562595e-5 1.8461056403651784e-5 4.492286660115056e-6 0.00010499929662920262 7.081875398083164e-5 4.805490191105217e-7 3.402533285295511e-5 3.664596080692761e-5 4.409425960479699e-6 0.00016145759473418255 0.00010291069751020334 -3.2050575554037685e-7 9507.350780128074 7.387780844302995e8
4650 197340.92909301692 42.444445962929954 6.193273909948537e-7 2.914485805784627e-5 1.819543010195191e-5 4.337516862375399e-6 9.747950975191424e-5 6.937377941649062e-5 4.789775930888561e-7 3.4429805776108955e-5 3.606562246763479e-5 4.257430256201198e-6 0.00016342514223331866 0.0001030484275261568 -3.173592934144289e-7 9507.35078012806 7.38778084429621e8
4700 199441.88911700394 42.471402056483896 6.161562416365006e-7 2.9452136560234917e-5 1.7791017692883165e-5 4.440796112639574e-6 8.547742396075894e-5 6.910472499883162e-5 4.7652507846337465e-7 3.5079233614563737e-5 3.5068397829366425e-5 4.3585977274680475e-6 0.00016859078460752802 0.00010783089674563503 -3.130086382239774e-7 9507.350780128061 7.38778084428958e8
4750 201567.17864499576 42.546695742509094 6.137446484788752e-7 2.9836725955957078e-5 1.7310994299797304e-5 4.830389405041139e-6 8.582935037243817e-5 7.243336387344444e-5 4.746599920743873e-7 3.5959312695137056e-5 3.383929113671647e-5 4.741322912768073e-6 0.0001722039655407475 0.00011654484208811525 -3.0957599309956027e-7 9507.350780128047 7.387780844282975e8
4800 203697.45366688014 42.66970170460339 6.12149659648695e-7 3.026245418255319e-5 1.682778758792286e-5 5.015659376802072e-6 8.497412827727584e-5 7.41671022411787e-5 4.73426454011165e-7 3.700067851909508e-5 3.260623817361937e-5 4.9229131306278605e-6 0.00017070626128788468 0.00012080846093999383 -3.0867932303068347e-7 9507.35078012809 7.387780844276386e8
4850 205832.5525655665 42.658754180651925 6.113966591550911e-7 3.06905408971478e-5 1.6394642528349695e-5 5.011173967552687e-6 8.281024599964284e-5 7.458370012240885e-5 4.7284409584308744e-7 3.809713383501763e-5 3.152213975290955e-5 4.918610257263075e-6 0.00015602895696356184 0.00012131089018057245 -3.1038767980224075e-7 9507.350780128047 7.387780844269782e8
4900 207955.73661615516 42.53959515844606 6.138430251407185e-7 3.1076806583074764e-5 1.6044594894766922e-5 4.8958003521133264e-6 8.524923950119867e-5 7.331896425873245e-5 4.747360749634867e-7 3.911363540250783e-5 3.065684207586231e-5 4.805486344728149e-6 0.00013015049451378416 0.00012227101768607783 -3.138321341645102e-7 9507.35078012806 7.387780844263177e8
4950 210080.68464223164 42.4677925002336 6.207136038513388e-7 3.1394727001615685e-5 1.5784399446211947e-5 4.756937728504706e-6 9.251746706795538e-5 7.263208538589797e-5 4.800496672589172e-7 3.996110017565866e-5 3.00157242803081e-5 4.668875286155342e-6 9.893222380082693e-5 0.00012487311734783054 -3.17712467039468e-7 9507.350780128072 7.387780844256485e8
5000 212203.27415449262 42.444310995566866 6.29514015434309e-7 3.162665258820941e-5 1.5617787520057734e-5 4.648948956409434e-6 0.0001038053682628422 7.370680724720928e-5 4.868557604815304e-7 4.058111176188435e-5 2.9600070928799883e-5 4.563141978338885e-6 9.410574984500383e-5 0.00013049485695218794 -3.204405473778567e-7 9507.350780128036 7.387780844249678e8
5050 214325.91844331543 42.46892510941943 6.358185974474825e-7 3.1765971547203234e-5 1.555306796644502e-5 4.563208161543529e-6 0.00010987196246031165 7.73269694367714e-5 4.917316202640927e-7 4.093812074818793e-5 2.941814469663025e-5 4.478933445170942e-6 9.509447571662399e-5 0.00013975563885545135 -3.210188765664467e-7 9507.350780128032 7.387780844242858e8
5100 216424.77656958383 42.472711892255056 6.360467802620155e-7 3.181568251496474e-5 1.5601889685597064e-5 4.441292766103277e-6 0.0001096616929362228 7.74101219106628e-5 4.919080930914854e-7 4.1015058568602e-5 2.9493160519320804e-5 4.359247149616098e-6 9.737377872112902e-5 0.00014752545200037617 -3.193900742514773e-7 9507.350780128081 7.387780844236149e8
5150 218547.49439705384 42.444511671554615 6.302558881614949e-7 3.178451268631189e-5 1.5765820725111373e-5 4.3097673464316824e-6 0.00010350602425198736 7.324172208047951e-5 4.874295126179718e-7 4.0814834709071725e-5 2.984504101216387e-5 4.23023782950893e-6 9.866990275401155e-5 0.00015307547086677682 -3.1560924450834843e-7 9507.350780128058 7.387780844229397e8
5200 220670.02505287426 42.464368196318524 6.229172515451601e-7 3.168322649073359e-5 1.6044339905412845e-5 4.22984977236633e-6 9.071655472765023e-5 7.13695988908124e-5 4.817539320514897e-7 4.035672504114392e-5 3.0474769918617247e-5 4.151549205209567e-6 0.00010089708798800822 0.00016103629058176647 -3.112254519079917e-7 9507.350780128101 7.387780844222744e8
5250 222794.7812863219 42.532553078399616 6.187332641640655e-7 3.152721685089003e-5 1.6430385882344053e-5 4.571002891196564e-6 8.612668917601948e-5 7.070413283893171e-5 4.78518105196005e-7 3.968279252243303e-5 3.136411338381882e-5 4.486676539653653e-6 0.00011345678342656901 0.00016685019641781755 -3.081856457779824e-7 9507.350780128121 7.387780844216172e8
5300 224895.8392492207 42.646738323467375 6.200495802116103e-7 3.1335814831777597e-5 1.6893745139353004e-5 4.824536737700567e-6 8.608226369584247e-5 6.971537393325031e-5 4.795361223245349e-7 3.887440425171306e-5 3.246414028423721e-5 4.735473629296848e-6 0.00012324579160702384 0.00016882035897780354 -3.0717939355275485e-7 9507.350780128061 7.387780844209732e8
5350 227030.86202262685 42.68235392559177 6.252144052151085e-7 3.11193671571245e-5 1.7419272374711378e-5 4.974934888880958e-6 8.49647946105689e-5 6.801850344008583e-5 4.835305128279224e-7 3.8007651592260004e-5 3.376738160889583e-5 4.882920802594157e-6 0.00012893461164136964 0.00016508911679194535 -3.086694995436765e-7 9507.350780128103 7.387780844203168e8
5400 229161.54432158679 42.55531749707902 6.306053377292314e-7 3.090220355371665e-5 1.7953116226629323e-5 4.989691581634787e-6 8.785637668381269e-5 6.510760204571664e-5 4.87699771152114e-7 3.720018939616508e-5 3.51711465868998e-5 4.897718381683065e-6 0.00013011587270781596 0.0001506232883344933 -3.120113931036255e-7 9507.350780128096 7.387780844196528e8
5450 231287.0851418896 42.475918558120654 6.342774734927656e-7 3.071480198072787e-5 1.842673409257068e-5 4.891620269798943e-6 0.0001001967915474697 5.991291231367462e-5 4.905397404077664e-7 3.6540505020162156e-5 3.6518947308280544e-5 4.801095483550114e-6 0.0001333458781445026 0.00012206046279702044 -3.1595846096042896e-7 9507.350780128045 7.387780844189868e8
5500 233407.33492131528 42.44481770249601 6.352180072987177e-7 3.058536804183454e-5 1.878410365085601e-5 4.737973460041862e-6 0.0001122562061218621 5.160804463971537e-5 4.912671337433283e-7 3.608737839720156e-5 3.761526509879402e-5 4.6504940264713306e-6 0.00014023111857534528 8.929477260251327e-5 -3.193523276706117e-7 9507.350780128088 7.387780844183091e8
5550 235529.81011941237 42.46183001926477 6.345866374153827e-7 3.053933159395897e-5 1.8977781552148606e-5 4.5553733510866125e-6 0.00011820829454636282 6.617867161012333e-5 4.907788426871746e-7 3.5868196217046174e-5 3.826893405942763e-5 4.471317249226026e-6 0.00015080898363346588 9.801957267647857e-5 -3.2048248703072484e-7 9507.350780128074 7.38778084417637e8
5600 237653.97478524598 42.48085733473549 6.356373420569581e-7 3.0600691647052794e-5 1.896383398145319e-5 4.334055790904247e-6 0.00011674193881766869 7.56565846717536e-5 4.915914403343387e-7 3.5907316073062614e-5 3.8336944823227766e-5 4.253942559851274e-6 0.00016055206513433676 0.00010896965712252102 -3.188870347564284e-7 9507.350780128043 7.38778084416954e8
5650 239776.9219959077 42.44565677745146 6.382298497359927e-7 3.077722023764616e-5 1.8740900973276312e-5 4.148488619282881e-6 0.00011058288931324809 7.239893508231847e-5 4.935964430311491e-7 3.622978669087813e-5 3.7801340590246815e-5 4.072046859388365e-6 0.00016478046283976188 0.00010989354588657669 -3.1532327012412225e-7 9507.350780128074 7.387780844162785e8
5700 241899.32907639028 42.45841403649702 6.388707603709296e-7 3.1063222064348434e-5 1.8361421395775227e-5 3.98642466937437e-6 9.693802006884368e-5 7.6767986447412e-5 4.94092112746602e-7 3.684306838288435e-5 3.6797840263532615e-5 3.9126708205578375e-6 0.00017251188213621786 0.00011925538890103515 -3.106937072171694e-7 9507.35078012806 7.387780844156145e8
5750 244001.78713727836 42.51863326763705 6.357899248996526e-7 3.143683718663435e-5 1.7902721418122037e-5 4.383542368830338e-6 9.042881740234558e-5 7.879760700905734e-5 4.917094453894245e-7 3.7700793832595044e-5 3.5564900242946575e-5 4.302700737429806e-6 0.00017702223608667816 0.0001238694684956811 -3.071485899141838e-7 9507.350780128036 7.387780844149666e8
5800 246130.28938287086 42.62720727250834 6.312594008283954e-7 3.186818891420639e-5 1.742705120193717e-5 4.6516084518637635e-6 9.016870185505068e-5 7.885079238610731e-5 4.882056127670327e-7 3.873327592623599e-5 3.4298063471704925e-5 4.565942062464549e-6 0.00017572054231082264 0.0001220187287737903 -3.056859428974301e-7 9507.350780128081 7.387780844143121e8
5850 248264.92605033732 42.70448678319628 6.289579621193414e-7 3.2311051235148525e-5 1.6993804655695486e-5 4.7659560858312845e-6 9.007391207219535e-5 7.766384803731671e-5 4.864257180160417e-7 3.983181640606573e-5 3.316188900555286e-5 4.677785972188679e-6 0.00016409610662942886 0.0001193194232220448 -3.0667702024300976e-7 9507.350780128063 7.387780844136602e8
5900 250396.5436160185 42.57069307744346 6.306007774236526e-7 3.272385281646346e-5 1.6634712136555726e-5 4.759467273355386e-6 8.802850461182894e-5 7.589411772796934e-5 4.876962442850995e-7 4.089424287794539e-5 3.222952974270059e-5 4.6718712286118055e-6 0.00013794253515151623 0.00012125160884891407 -3.10034573659797e-7 9507.350780128058 7.387780844130027e8
5950 252515.88493432704 42.484574600166795 6.352996862541241e-7 3.307268790542181e-5 1.636131619872669e-5 4.684675970610698e-6 0.00010174095696723825 7.630818899064193e-5 4.913303029034953e-7 4.182612913280128e-5 3.151786867557697e-5 4.597961218846343e-6 0.0001062760830277022 0.00012585022952901523 -3.143741782052922e-7 9507.350780128088 7.387780844123428e8
6000 254638.9373942834 42.446348147971825 6.413122588161126e-7 3.3339121612273705e-5 1.617617682537878e-5 4.588824020555467e-6 0.00011447710609158743 7.809496957362191e-5 4.959803273917121e-7 4.2551703701367305e-5 3.102460256465194e-5 4.504150764634571e-6 9.632950011822777e-5 0.00013367621611064256 -3.178250034307441e-7 9507.350780128063 7.387780844116718e8
6050 256761.31022314902 42.45636340119611 6.466322877758743e-7 3.351057162518916e-5 1.6090477518136506e-5 4.491180541666393e-6 0.00012171939109351608 8.173291141094538e-5 5.000947500746231e-7 4.299947785694609e-5 3.076811549185545e-5 4.4082331510849964e-6 9.790834131290528e-5 0.00014457853764889174 -3.191718137095184e-7 9507.35078012808 7.387780844109966e8
6100 258885.29021034422 42.48995366462728 6.498454458011787e-7 3.358715681464013e-5 1.6115098602582975e-5 4.374677542120858e-6 0.00012105141268100344 8.603567661181016e-5 5.025797535169913e-7 4.3132334021433566e-5 3.0771545158994276e-5 4.293828242179817e-6 0.00010129437404652307 0.000156183270151102 -3.180613873637761e-7 9507.35078012806 7.387780844103193e8
6150 260983.37085027923 42.44804785558244 6.500445436733648e-7 3.35777385890207e-5 1.6251478469707164e-5 4.260046075077066e-6 0.00011352014999217231 8.092659070808259e-5 5.0273373252637e-7 4.295283728680844e-5 3.1051844248801915e-5 4.181459733939888e-6 0.00010269221290388046 0.00016120174108759204 -3.1480463410692617e-7 9507.350780128072 7.387780844096527e8
6200 263105.70373790275 42.45319601743855 6.469757917031115e-7 3.349371341905545e-5 1.6505120244972442e-5 4.166165038785082e-6 0.0001003281425511358 7.805748173016286e-5 5.003604103477534e-7 4.2492173346196114e-5 3.162752503119792e-5 4.089086409765731e-6 0.00011324200109863057 0.0001698817549277327 -3.1028505826960484e-7 9507.35078012807 7.387780844089878e8
6250 265229.52569169266 42.506666121775844 6.421654182184027e-7 3.3350549719501064e-5 1.6869786920838523e-5 4.510699962887799e-6 9.26241353804933e-5 7.652630547681751e-5 4.966401468065696e-7 4.181941741231154e-5 3.248505644051888e-5 4.427386104370403e-6 0.0001301412388456054 0.00017644065065327178 -3.0669137511407153e-7 9507.350780128041 7.387780844083337e8
6300 267357.24977587606 42.60821510705884 6.380459557867048e-7 3.316512818148343e-5 1.7322912467941433e-5 4.903730486214456e-6 9.236617184683403e-5 7.518649323615709e-5 4.934542224818377e-7 4.1015350784957315e-5 3.3589952463646805e-5 4.813718589570624e-6 0.00014230429312767223 0.00017845961882087243 -3.050464923871745e-7 9507.35078012807 7.387780844076858e8
6350 269462.37159660005 42.730364771976795 6.371497057748513e-7 3.295398086074165e-5 1.783368780152308e-5 5.102775907578843e-6 9.25534320205929e-5 7.507889431301278e-5 4.927610774972433e-7 4.0167775944927435e-5 3.488321462861782e-5 5.008334041756884e-6 0.00014971179669955023 0.00017459493626527503 -3.0585845736342767e-7 9507.350780128065 7.387780844070408e8
6400 271595.09257093846 42.58905649585 6.404177358328763e-7 3.273010426166477e-5 1.837194576660495e-5 5.115752193829043e-6 9.095938279410615e-5 7.210536742351365e-5 4.952885180648028e-7 3.933127478315009e-5 3.63154049773513e-5 5.021852214120381e-6 0.0001475581052096547 0.00016375882022422072 -3.090141025211036e-7 9507.350780128061 7.387780844063877e8
6450 273721.94812809955 42.49502283758362 6.46669613410502e-7 3.2525261089008904e-5 1.8861438940021738e-5 5.018306858899032e-6 0.000103578727327459 6.71831501285206e-5 5.001236171055845e-7 3.8597259654450024e-5 3.772048266032148e-5 4.925448440933448e-6 0.0001471235272319296 0.00013488248133616433 -3.133803139152973e-7 9507.350780128072 7.387780844057251e8
6500 275845.32843891456 42.44916512234184 6.530181274934538e-7 3.236787036966366e-5 1.925014535767345e-5 4.894917737826357e-6 0.00011806712514183395 5.94651276241785e-5 5.050334532275007e-7 3.803586887823295e-5 3.891617052187423e-5 4.8044817795256665e-6 0.00015075225768770005 0.00010043457501262308 -3.173359884842006e-7 9507.350780128096 7.387780844050561e8
6550 277965.62207733677 42.45157163778538 6.571340542481339e-7 3.228469604504583e-5 1.9492297990721307e-5 4.7677623430728455e-6 0.00012787925827101976 7.099327767651095e-5 5.082166431166286e-7 3.770613348267793e-5 3.971092440610127e-5 4.679702312829016e-6 0.00015841294648198147 0.00010677553392691873 -3.192353702571029e-7 9507.350780128027 7.387780844043816e8
6600 280089.28041536955 42.50097554274353 6.590214890092155e-7 3.230414658528125e-5 1.953700954896794e-5 4.610750918552737e-6 0.00012960025601037791 8.577202236285043e-5 5.096763540420637e-7 3.765517671130136e-5 3.9951803772682246e-5 4.525515865475106e-6 0.00016837851183721826 0.00012245066488781215 -3.1866654989822413e-7 9507.350780128043 7.387780844037031e8
6650 282212.8669614109 42.451341767311135 6.581890695922142e-7 3.244184011631123e-5 1.937423376434044e-5 4.423299777381261e-6 0.00012169985760545378 8.17359724419643e-5 5.090325745902825e-7 3.791210267891166e-5 3.958844486665271e-5 4.34161609653464e-6 0.0001696670790097103 0.00011964508328273155 -3.1597250229103963e-7 9507.350780128036 7.387780844030268e8
6700 284335.18445636 42.449414767078046 6.551880031770381e-7 3.2692474549995076e-5 1.904353149004984e-5 4.244934754893136e-6 0.0001091434107855076 7.818428424269573e-5 5.06711599303086e-7 3.8470494501862096e-5 3.87098126177161e-5 4.1664686802354935e-6 0.0001751481480653927 0.00012089859087091862 -3.113589152476716e-7 9507.350780128056 7.387780844023625e8
6750 286436.7868409277 42.49506068706695 6.529737357024684e-7 3.303564369038612e-5 1.8606431792927654e-5 4.4407805135468816e-6 9.380759098438745e-5 8.061780141574136e-5 5.049991213485799e-7 3.9279576471887256e-5 3.752624660581345e-5 4.358628992312064e-6 0.00017937761235415988 0.00012651972128572135 -3.072809541714631e-7 9507.350780128063 7.387780844017165e8
6800 288563.7385337768 42.589100357197914 6.520068320255395e-7 3.344741345860345e-5 1.81193677221206e-5 4.740334845714147e-6 9.395470586822084e-5 8.092457558551439e-5 5.042513339854523e-7 4.0285679067529975e-5 3.6235152292408286e-5 4.6533949942275305e-6 0.00017961891903771674 0.0001395975558869502 -3.054862179227857e-7 9507.350780128085 7.387780844010613e8
6850 290696.60281810723 42.730398035377846 6.515676787415646e-7 3.3882895888431994e-5 1.765669350210632e-5 4.988425018293789e-6 9.475137916866832e-5 7.9780433733437e-5 5.039117000769549e-7 4.139591487955514e-5 3.501762894628376e-5 4.89608862895113e-6 0.00017378980579587966 0.00014138099905006547 -3.061150758482291e-7 9507.350780128063 7.3877808440041e8
6900 292830.3282255093 42.60649533997926 6.524390360304574e-7 3.430002538703612e-5 1.726229141606882e-5 5.188554747790317e-6 9.404776410280314e-5 7.624359632867842e-5 5.045855934370952e-7 4.2509793268189074e-5 3.3971541357023896e-5 5.093446755869169e-6 0.0001516721390165852 0.00014291081769474755 -3.089324495609342e-7 9507.350780128072 7.387780843997482e8
6950 294950.813399253 42.505849673486935 6.558109023835075e-7 3.465962504747646e-5 1.6955081019670688e-5 5.289407332826465e-6 0.00010316090163563895 7.474879928020704e-5 5.071933392821076e-7 4.351200322775475e-5 3.314882216764846e-5 5.191652336749103e-6 0.00012360959934706707 0.00014524260667684102 -3.1310671226362314e-7 9507.350780128072 7.387780843990945e8
7000 297074.55386081367 42.45288235752805 6.612166317423486e-7 3.493835254312354e-5 1.674517937213511e-5 5.243843577114727e-6 0.00011591060012556012 7.659394193542232e-5 5.113740412419537e-7 4.43141180677924e-5 3.256331935782511e-5 5.146845876659208e-6 9.723496111133886e-5 0.00014926353570881884 -3.168040117002692e-7 9507.350780128076 7.387780843984238e8
7050 299196.8786986494 42.44823365334641 6.667889228665261e-7 3.5122361007316035e-5 1.6634903558718264e-5 5.054006572452609e-6 0.0001268000274434422 8.034736245149858e-5 5.156835593224643e-7 4.484759884872675e-5 3.2228386565601046e-5 4.960731250427387e-6 9.711186658904855e-5 0.00015588803158000564 -3.185171452393705e-7 9507.350780128078 7.387780843977498e8
7100 301320.19400869316 42.4914041797347 6.706643498113048e-7 3.521182536576745e-5 1.6619329031703143e-5 4.769722174512039e-6 0.00012949043807182064 8.691854166660561e-5 5.186807506255848e-7 4.507558331281377e-5 3.2155335033695705e-5 4.681568078305872e-6 0.00010492815981248629 0.00016559148596709616 -3.1783896304479263e-7 9507.35078012809 7.387780843970728e8
7150 303419.17056359636 42.45603255349961 6.712663363031511e-7 3.521267894333763e-5 1.670853297091459e-5 4.474153598852323e-6 0.0001227519974804097 8.244203515011304e-5 5.19146317055029e-7 4.497836506139038e-5 3.2357591815322004e-5 4.3915120466294785e-6 0.0001068759408680176 0.00016916966524374455 -3.152294333707982e-7 9507.350780128038 7.38778084396404e8
7200 305541.52951139625 42.446516780999175 6.682325484793872e-7 3.51316063926662e-5 1.691749624179444e-5 4.2912883333470275e-6 0.00011180184595347074 7.876474153279692e-5 5.168000355709656e-7 4.456042005084973e-5 3.2854607366849266e-5 4.212118592745777e-6 0.00010781764107175144 0.0001759741055869394 -3.1118419274020364e-7 9507.35078012807 7.387780843957454e8
7250 307664.6415483504 42.48524959107607 6.633504325425147e-7 3.498303853998144e-5 1.7242440476968815e-5 4.444494827394718e-6 9.59286380899111e-5 7.725099238627113e-5 5.130242875985381e-7 4.388222432659773e-5 3.3645417132926325e-5 4.362226034553133e-6 0.0001156875952330485 0.00018402233447202437 -3.0727837200544256e-7 9507.350780128098 7.387780843950868e8
7300 309790.9218088551 42.57221640471651 6.5915835685929e-7 3.4785464396985954e-5 1.765966371716783e-5 4.884300970994231e-6 9.570748737215228e-5 7.649615898633216e-5 5.097822053818358e-7 4.3036560065159464e-5 3.47010454237074e-5 4.794477125822093e-6 0.00012776333249505647 0.00018848229954729446 -3.048411173241159e-7 9507.350780128056 7.38778084394436e8
7350 311893.51552270306 42.704474047465524 6.584908400950513e-7 3.45580418824738e-5 1.8135264400945374e-5 5.154688325598248e-6 9.45567829185832e-5 7.702842272629274e-5 5.092659589215665e-7 4.213152088076367e-5 3.5953469856911854e-5 5.059333440273285e-6 0.00013828777839555535 0.00018688304013486764 -3.0454178391309057e-7 9507.350780128065 7.387780843937955e8
7400 314028.07544296334 42.62721697662582 6.619875806438512e-7 3.4315283141402745e-5 1.8646569569775266e-5 5.238440398147323e-6 9.429118371475373e-5 7.530122777697319e-5 5.119702804102409e-7 4.123689719773027e-5 3.736131693338115e-5 5.142042029567193e-6 0.00014063323211615676 0.00017764997197023901 -3.064977083703277e-7 9507.350780128058 7.387780843931442e8
7450 316156.4692514054 42.51863149514814 6.680295757546339e-7 3.4086183155317415e-5 1.9134306471627576e-5 5.167671690989024e-6 0.0001069830231358534 7.138273410475851e-5 5.16643059813321e-7 4.044983844738028e-5 3.8786117681703064e-5 5.072378768764856e-6 0.0001417171244357383 0.00015244295345182897 -3.1040268542044786e-7 9507.35078012809 7.387780843924934e8
7500 318280.6544101871 42.45803391028147 6.734885830671203e-7 3.3895490824928864e-5 1.9551919771001535e-5 5.010850699139973e-6 0.00012063158628554301 6.498066887348496e-5 5.208649660619558e-7 3.9827856602002245e-5 4.007738835930251e-5 4.918135111556259e-6 0.0001456099425335175 0.00011848442850988612 -3.1491726994643905e-7 9507.350780128047 7.387780843918251e8
7550 320401.56023351796 42.445761291088985 6.75916138121629e-7 3.377120841575327e-5 1.984522764268725e-5 4.8296788723199516e-6 0.00013315572261221592 6.548602327475505e-5 5.227423971163571e-7 3.941665767988263e-5 4.1045731077410494e-5 4.74070302603309e-6 0.0001535186205753759 0.00010002330795677846 -3.178911030282213e-7 9507.350780128065 7.387780843911556e8
7600 322524.5593007923 42.48140696430267 6.76398371165908e-7 3.374306536098615e-5 1.995328512283384e-5 4.648773420717115e-6 0.00013632177034320127 8.223650385385232e-5 5.231153482045356e-7 3.9257258158316556e-5 4.149320934141936e-5 4.562841631582182e-6 0.0001651618344377251 0.00011924216613590955 -3.179688894763242e-7 9507.350780128025 7.387780843904767e8
7650 324648.6963003891 42.46146692809191 6.764359351968543e-7 3.3832950221448446e-5 1.9851943760047783e-5 4.45518211299929e-6 0.00013049137753240307 8.479671040623828e-5 5.231443996051083e-7 3.9389901371411835e-5 4.1298042631717665e-5 4.372940173805878e-6 0.00017147007634759874 0.0001233125990390675 -3.1537410990216656e-7 9507.35078012809 7.387780843898027e8
7700 326771.1477723905 42.44490569480053 6.754112231777067e-7 3.4044503512023255e-5 1.9563908056460925e-5 4.3015649667446425e-6 0.00011961175708409505 7.921055038895522e-5 5.223519042251867e-7 3.9838796253690546e-5 4.0494527790210884e-5 4.222151894642148e-6 0.0001768615959292646 0.00011761143105795829 -3.1074038770949853e-7 9507.35078012807 7.387780843891416e8
7750 328872.10748044425 42.475960520743826 6.731280404658208e-7 3.436174462903244e-5 1.9150624150010692e-5 4.27496119069169e-6 0.00010302000324647957 7.955210879118701e-5 5.205861283588831e-7 4.058059930949058e-5 3.9278119491597415e-5 4.195855102828485e-6 0.00018227398996553099 0.0001242596750535375 -3.061700364159644e-7 9507.350780128041 7.387780843884947e8
7800 330997.73024580046 42.555375525162354 6.696796966529153e-7 3.476303822483999e-5 1.8671387627785618e-5 4.6050959596349e-6 9.815384970415721e-5 8.053259862329775e-5 5.179192361085309e-7 4.156809315207872e-5 3.7864061508370224e-5 4.520240999730022e-6 0.00018322374813766878 0.00013223649209402093 -3.035334825097148e-7 9507.350780128088 7.38778084387846e8
7850 333128.5426258394 42.682414924910745 6.664621376749537e-7 3.520213048920315e-5 1.8200072578003363e-5 4.821016023747726e-6 9.813269783742912e-5 7.97931157945684e-5 5.154308290441916e-7 4.2696832293211224e-5 3.648854119796776e-5 4.7318366761054495e-6 0.00017796686035689298 0.00013896941939856844 -3.0336572930466093e-7 9507.350780128088 7.387780843871994e8
7900 335263.52888487 42.64667583604619 6.660957139975295e-7 3.563485012890953e-5 1.7783083267297333e-5 4.933853965054109e-6 9.80998495971946e-5 7.812367303724127e-5 5.151474430126559e-7 4.385275330074574e-5 3.529930048245208e-5 4.84282483700795e-6 0.00015873607813853525 0.0001417262473298176 -3.0559120456254184e-7 9507.350780128047 7.387780843865478e8
7950 337385.4012578398 42.531593634747566 6.700478390648679e-7 3.602078410339289e-5 1.7442703209232662e-5 4.961096621544529e-6 0.00010474439409598047 7.72687179291342e-5 5.182039513798452e-7 4.491417049326074e-5 3.4362588665386985e-5 4.869575010686596e-6 0.0001296425547543666 0.00014521930164009892 -3.095315299433766e-7 9507.350780128058 7.387780843858951e8
8000 339510.05389945064 42.46390325683115 6.76877546004018e-7 3.633487582929218e-5 1.719081493990329e-5 4.920449009332426e-6 0.00011891326995222452 7.839996554048804e-5 5.234859341238679e-7 4.5796362968201834e-5 3.368168930056078e-5 4.829378479813971e-6 0.00010545930753830028 0.00015072148911188918 -3.1340520502824635e-7 9507.350780128058 7.387780843852351e8
8050 341632.55413800606 42.444543273918626 6.835701673953556e-7 3.6557960891268615e-5 1.704087995429685e-5 4.822806206332891e-6 0.00013193317515628006 8.087195285908479e-5 5.286618971620463e-7 4.642712472672992e-5 3.3261136525212954e-5 4.7338426900816124e-6 9.8996568986851e-5 0.00015851766476549997 -3.156620855572396e-7 9507.350780128067 7.387780843845642e8
8100 343755.31418303587 42.47322846527397 6.878070276865482e-7 3.6684932759595965e-5 1.6994273221188296e-5 4.680095714107052e-6 0.00013646060883376067 8.584828487056765e-5 5.319386150566153e-7 4.675852299196832e-5 3.309866762541325e-5 4.593613196014854e-6 0.00010468063547199266 0.00016847140448983784 -3.1570996618260426e-7 9507.350780128061 7.387780843838967e8
8150 345854.82559238735 42.46844940699665 6.880693760788417e-7 3.6719648905163454e-5 1.705485771526717e-5 4.512373141587695e-6 0.00013175968128403308 8.507838997981613e-5 5.321415109778796e-7 4.676403107718919e-5 3.319897424789527e-5 4.429075874795076e-6 0.00011013882383675525 0.00017428427559598034 -3.137123307655373e-7 9507.350780128047 7.387780843832368e8
8200 347977.43418318423 42.444336697238626 6.833721200742699e-7 3.6669869462840976e-5 1.7228723672011206e-5 4.415610942749785e-6 0.0001221266664507907 8.055328743833259e-5 5.285087306302123e-7 4.64446403211474e-5 3.3582290417382754e-5 4.334093269627343e-6 0.00010687672313957385 0.00017893411909957878 -3.098378815098579e-7 9507.350780128076 7.387780843825758e8
8250 350100.0615703279 42.46833317153611 6.767103083578977e-7 3.654782417316351e-5 1.7509186627713332e-5 4.441131337926308e-6 0.00010566292548171822 7.839912455910536e-5 5.233565952828944e-7 4.584048452267049e-5 3.425222635360012e-5 4.358915432634388e-6 0.00012790630265883753 0.0001858602456191169 -3.052829129896619e-7 9507.350780128067 7.387780843819194e8
8300 352225.1215099759 42.54064627393396 6.728288522740299e-7 3.636963773476296e-5 1.7878680200710312e-5 4.885137257605391e-6 9.426466850895821e-5 7.750141038526278e-5 5.203547411447781e-7 4.502657229696077e-5 3.5190841920028086e-5 4.795032475654651e-6 0.00014290648067670343 0.00018974061899340965 -3.0205718710789946e-7 9507.3507801281 7.387780843812798e8
8350 354325.31462180865 42.65873563685537 6.7374058772086e-7 3.615188866548925e-5 1.831883542722331e-5 5.162505287864169e-6 9.491090316953952e-5 7.756457514649871e-5 5.210598623060714e-7 4.410649245055142e-5 3.63556182485643e-5 5.067104967365768e-6 0.00015316565152334398 0.00018878100667522792 -3.014197163442824e-7 9507.350780128063 7.387780843806397e8
8400 356460.42456739914 42.669728189182955 6.77758511153813e-7 3.5907137017998876e-5 1.8821559815805432e-5 5.305746340497627e-6 9.589510009923033e-5 7.730501609672869e-5 5.241672580440401e-7 4.3150145287390597e-5 3.7726381925796915e-5 5.207663501607154e-6 0.0001572523115318671 0.00018160861322538813 -3.0341949733226543e-7 9507.350780128054 7.387780843799971e8
8450 358590.57718615595 42.54669663340453 6.82150516437085e-7 3.566549203165029e-5 1.9331843318441767e-5 5.356614782560582e-6 0.00010500993263653252 7.42084447710283e-5 5.27563962517447e-7 4.2267859059777016e-5 3.916798212718001e-5 5.257823676736799e-6 0.00015746559121614055 0.00016226983925918034 -3.072889220110589e-7 9507.350780128096 7.387780843793479e8
8500 360715.7911017654 42.47139005091842 6.856929424430849e-7 3.545383922268076e-5 1.9796495971836275e-5 5.331825011172024e-6 0.00012068050261314506 6.864752819082807e-5 5.303036163858282e-7 4.153869912002553e-5 4.052136546642029e-5 5.233123526277108e-6 0.00016027421640736026 0.00012888294009773022 -3.114422255546525e-7 9507.350780128063 7.387780843786854e8
8550 362838.47077721154 42.444392948329664 6.884647008051446e-7 3.530089429487041e-5 2.0159260549994633e-5 5.215419173149804e-6 0.0001347810765305173 6.356212626993853e-5 5.324472486046594e-7 4.1027990383414444e-5 4.1603609280847605e-5 5.119129486039779e-6 0.00016565054161839717 9.851741448467422e-5 -3.1417684681335944e-7 9507.350780128065 7.387780843780261e8
8600 364960.1147113647 42.46551371397328 6.90726128161485e-7 3.523710478458731e-5 2.03634284791043e-5 4.995534058016737e-6 0.00014128468642142454 8.029697640332197e-5 5.341961992369576e-7 4.078438548285641e-5 4.223423092979285e-5 4.903340856794196e-6 0.000172784644065021 0.00011835992592127814 -3.1469512012955354e-7 9507.35078012806 7.387780843773562e8
8650 367084.3389129652 42.47599963174087 6.922537387351533e-7 3.528532722488249e-5 2.0379922116368308e-5 4.696573975092105e-6 0.00013764455780671634 8.82214978010573e-5 5.353776280655136e-7 4.083704641853766e-5 4.228830815578325e-5 4.60978185236526e-6 0.00017676360919520839 0.00012726999161083894 -3.1304417284065595e-7 9507.35078012804 7.387780843766894e8
8700 369207.1470213276 42.44488363830106 6.924167816587224e-7 3.5453758254734135e-5 2.020900244025448e-5 4.458771556753555e-6 0.00012836511731053403 8.275592233637128e-5 5.355037227734671e-7 4.1200476244120697e-5 4.174146781652473e-5 4.3765317809732595e-6 0.0001769710847839677 0.00012208091360603856 -3.094341998855126e-7 9507.350780128034 7.387780843760269e8
8750 371329.6210096877 42.461785516754695 6.914816895058873e-7 3.573651113144059e-5 1.988489860613379e-5 4.341170639193826e-6 0.0001115543791971076 7.960114321924529e-5 5.347805379211057e-7 4.186626597845816e-5 4.070710163073627e-5 4.260825831975616e-6 0.00018156711364941428 0.00012373388796866835 -3.050092702978335e-7 9507.350780128065 7.38778084375377e8
8800 373432.1983758465 42.52609826711378 6.899825687435338e-7 3.610723369562229e-5 1.947427585071209e-5 4.834745510218385e-6 9.254852373148596e-5 8.089601480777512e-5 5.336211426411689e-7 4.2780505600405795e-5 3.941273423070426e-5 4.745557742696758e-6 0.00018408735883344816 0.00013743026490965605 -3.018615558067966e-7 9507.350780128045 7.387780843747393e8
8850 375561.1781106829 42.63874324196774 6.887322629796134e-7 3.653536700084387e-5 1.903933708382206e-5 5.230537999530829e-6 9.331721188327323e-5 8.069486531418293e-5 5.326541767777765e-7 4.388361195701234e-5 3.8059895839576656e-5 5.134063653721542e-6 0.0001815889987218677 0.00014842420937292495 -3.0090904884822785e-7 9507.35078012806 7.387780843740987e8
8900 377696.08207671676 42.691201043666446 6.885033923201151e-7 3.697486649248586e-5 1.8636839477903003e-5 5.448979889631647e-6 9.427970133906397e-5 8.026470994110897e-5 5.324771719837978e-7 4.506693940998194e-5 3.6840729859491915e-5 5.348179752658735e-6 0.00016836287279777695 0.00015116392930497404 -3.025463492305011e-7 9507.350780128061 7.387780843734537e8
8950 379827.13725474756 42.56142565061836 6.89910851616115e-7 3.7383469720778554e-5 1.8295951634307407e-5 5.47263606013435e-6 0.0001025959327961963 7.87703757415297e-5 5.335656777971903e-7 4.62141928784287e-5 3.585682066204712e-5 5.371814098278927e-6 0.00014212846419195903 0.0001533118169875966 -3.063372187920446e-7 9507.35078012808 7.387780843728039e8
9000 381945.36966409965 42.47943164625571 6.933686739437936e-7 3.7727063434895086e-5 1.8035599198345343e-5 5.346549062185756e-6 0.00011898075761798036 7.884300688539898e-5 5.362399005762954e-7 4.721272092905873e-5 3.513331313674303e-5 5.247602906073604e-6 0.00011155841952290957 0.0001567425620572925 -3.107862093547096e-7 9507.350780128063 7.38778084372149e8
9050 384068.2702737121 42.44533394461564 6.985051381613732e-7 3.798423397031675e-5 1.7867859446790093e-5 5.152079470110136e-6 0.00013334666808368788 8.007770743450776e-5 5.4021235731313e-7 4.797083283956862e-5 3.465875711819809e-5 5.056968607100173e-6 9.87599772965313e-5 0.000163072471160622 -3.1423105369129534e-7 9507.350780128063 7.387780843714881e8
9100 386190.69708442024 42.45944444678915 7.036137469689972e-7 3.814059920356071e-5 1.7798533126316742e-5 4.966922618698774e-6 0.0001416903988092724 8.385376155635326e-5 5.441632711394427e-7 4.8409649240279875e-5 3.442907603251765e-5 4.8752255933701105e-6 0.00010381736769664359 0.00017301932636414977 -3.153677792195484e-7 9507.350780128052 7.3877808437082e8
9150 388314.7986001096 42.48454417458706 7.065168717197408e-7 3.819646175708047e-5 1.7833105525475802e-5 4.817373614307502e-6 0.00014014071600261386 8.688896324577832e-5 5.464084999553639e-7 4.849524122557118e-5 3.4448725443140536e-5 4.728326008613282e-6 0.00011470126751364772 0.00018306062125382307 -3.137973682701048e-7 9507.350780128047 7.387780843701483e8
9200 390413.34827167256 42.446635950865385 7.055987777630335e-7 3.816109257739595e-5 1.7974770357364604e-5 4.7248430179292415e-6 0.00013177141830254731 8.146268173191036e-5 5.4569846122682e-7 4.823636504788534e-5 3.473638191414291e-5 4.637770419226472e-6 0.00011425589443610249 0.00018647164708038841 -3.101856100481507e-7 9507.350780128052 7.38778084369498e8
9250 392535.71578214294 42.45591668464277 7.016421771488606e-7 3.804805284859478e-5 1.822449355589986e-5 4.6052370826883625e-6 0.00011596002712850599 7.875173891920564e-5 5.426384915465425e-7 4.7668845587056746e-5 3.532392559534866e-5 4.520025232224643e-6 0.00011587120953112506 0.0001933758221093071 -3.0551122797694397e-7 9507.35078012804 7.387780843688425e8
9300 394659.77943864005 42.513526597961835 6.975056136463005e-7 3.78749648327184e-5 1.8571985199372484e-5 4.930289693502115e-6 9.917713294335218e-5 7.768042690928725e-5 5.394393415336163e-7 4.6870458971174106e-5 3.621419191884321e-5 4.839339516862166e-6 0.00012213307931455632 0.00019669261212834808 -3.01902853338332e-7 9507.350780128058 7.387780843682004e8
9350 396787.9510067559 42.61915695959517 6.955140876681709e-7 3.765655555898915e-5 1.9003971596436868e-5 5.133490154822107e-6 9.944430771748793e-5 7.787557724814063e-5 5.378991281760399e-7 4.5930475116871365e-5 3.738532403810768e-5 5.039069647168195e-6 0.00013110597387720678 0.00019520103682615334 -3.0055929397505405e-7 9507.35078012809 7.387780843675609e8
9400 398892.0729228604 42.71657705694301 6.962904073092796e-7 3.741360146614177e-5 1.948626648760644e-5 5.225795885475711e-6 9.890319745750736e-5 7.837411262153112e-5 5.384995209868225e-7 4.49528045285918e-5 3.876107691398831e-5 5.129121140879595e-6 0.00013884083186012787 0.00018834840567551767 -3.0176267937728653e-7 9507.350780128052 7.38778084366926e8
9450 401024.20490418124 42.579229646681455 6.992949554157352e-7 3.716366441147169e-5 1.9981181037493154e-5 5.270170051896723e-6 0.00010244786321905189 7.593452371985799e-5 5.408231889554357e-7 4.4002937190356573e-5 4.026590058467766e-5 5.173286668044497e-6 0.00014154021737605187 0.00017401148355385653 -3.0511514653658514e-7 9507.350780128043 7.387780843662726e8
9500 403150.6725946264 42.48926563625803 7.023251021539697e-7 3.693832257199729e-5 2.0431213687288785e-5 5.258725519601133e-6 0.00012008862077230771 7.157818567457402e-5 5.431666544837321e-7 4.318721824477772e-5 4.172046514551236e-5 5.161387846092614e-6 0.00014737546788017803 0.000141823741676916 -3.0928403448000203e-7 9507.350780128045 7.387780843656238e8
9550 405273.8697781711 42.44751611394564 7.037246885739721e-7 3.676675329218632e-5 2.079101084634781e-5 5.155553008602521e-6 0.0001336846348226921 6.468060179964267e-5 5.44249071547682e-7 4.258416371569768e-5 4.292794429415628e-5 5.0604049577779785e-6 0.00015623841296662761 0.00010454802050152308 -3.12495106011439e-7 9507.350780128032 7.387780843649703e8
9600 407395.88180012297 42.45402763365239 7.049586774638603e-7 3.6676558850137715e-5 2.1010245199536514e-5 4.9531803856559505e-6 0.0001438369329353196 7.899385937097853e-5 5.452034182075467e-7 4.2244869900498136e-5 4.367462910374852e-5 4.861688676964181e-6 0.0001670890348911009 0.00011828249157293031 -3.135966523529185e-7 9507.350780128063 7.387780843643034e8
9650 409519.73027356336 42.49491302429178 7.082288233410387e-7 3.6690036373540074e-5 2.1056208499576517e-5 4.68903255419283e-6 0.00014438757649918818 9.318753877662213e-5 5.477324951135124e-7 4.219651287521085e-5 4.380928616086619e-5 4.602366037776319e-6 0.00017767997491884344 0.00013338612076447542 -3.122887317564554e-7 9507.350780128021 7.387780843636317e8
9700 411643.1166518683 42.449334191590246 7.12779353427387e-7 3.6820299905688415e-5 2.092423649379605e-5 4.4472459085385084e-6 0.00013490304243827974 8.868635216082873e-5 5.512518000559822e-7 4.245930500831463e-5 4.330921099793685e-5 4.365161493557018e-6 0.00017876363707799685 0.0001301033762777737 -3.088329190638973e-7 9507.350780128065 7.38778084362972e8
9750 413765.4389370182 42.45153913320751 7.15293492867118e-7 3.706843602498037e-5 2.0636415062031698e-5 4.287377822453031e-6 0.00012028097565272222 8.302820048691803e-5 5.531961940489134e-7 4.3040699366592715e-5 4.229681769759788e-5 4.208077118968291e-6 0.0001834232236389473 0.00012858806961588295 -3.043571341566349e-7 9507.350780128043 7.387780843623217e8
9800 415867.0738299998 42.501283858557784 7.134024978194974e-7 3.741518150411403e-5 2.0248368909029603e-5 4.575175055522903e-6 0.0001034204969320506 8.587491101164824e-5 5.517337296534845e-7 4.3903167551298075e-5 4.100743297121707e-5 4.490599822829441e-6 0.00018587080596140738 0.0001347303554357431 -3.009529977111843e-7 9507.350780128056 7.387780843616893e8
9850 417994.4414642831 42.59941947958893 7.075653733648017e-7 3.783531877229563e-5 1.9814365383401744e-5 4.963744429101459e-6 0.00010354309221603351 8.653040268533255e-5 5.472193938404568e-7 4.49932820055926e-5 3.963884653451447e-5 4.8727920588059925e-6 0.00018363291613006217 0.0001470575455035196 -2.993548306432252e-7 9507.35078012806 7.387780843610492e8
9900 420127.9191174795 42.740009265046524 7.016884979655632e-7 3.828352852096678e-5 1.939453258460851e-5 5.202640282059222e-6 0.00010445062410659953 8.640681479413379e-5 5.426743153018255e-7 4.620058277994642e-5 3.8370000820295336e-5 5.1063361880202645e-6 0.00017444997301764863 0.00014876531703336644 -3.000656749385115e-7 9507.350780128058 7.387780843604082e8
9950 422261.05394768075 42.59600282469023 7.0072382695389e-7 3.8713932195349714e-5 1.9027902947684575e-5 5.289403695419419e-6 0.00010299306416798945 8.42597010856864e-5 5.419282546443533e-7 4.740084039539265e-5 3.729177221092967e-5 5.192432928747249e-6 0.00014852721346579536 0.0001496794522258553 -3.0305101820317334e-7 9507.350780128061 7.387780843597678e8
10000 424380.4316095393 42.49945838833726 7.063612986093012e-7 3.9086278934681266e-5 1.8738929492989164e-5 5.255247323802653e-6 0.00011939466310508189 8.44784953690128e-5 5.462881822774406e-7 4.847142552336833e-5 3.644172438234537e-5 5.158045009602884e-6 0.00011950639238168861 0.00015207813056557375 -3.070985129274336e-7 9507.35078012806 7.387780843591166e8
10050 426503.9576287265 42.45061607815042 7.160596074608554e-7 3.937737303742119e-5 1.85391793563976e-5 5.145967914827981e-6 0.0001330063126202249 8.608654033701575e-5 5.537886944429261e-7 4.932755610469742e-5 3.582801262208242e-5 5.050836295494736e-6 0.00010718924366469838 0.00015722627143549545 -3.1056979683919843e-7 9507.350780128065 7.387780843584651e8
10100 428626.27413966437 42.45007704550354 7.24654187883314e-7 3.95719332170813e-5 1.8437866573589186e-5 5.005555671733272e-6 0.00014396646100578052 8.98146232993855e-5 5.604356012381916e-7 4.9897751816723955e-5 3.546964199117415e-5 4.913124896474014e-6 0.00010856201804042199 0.00016553620051374735 -3.1222057992919e-7 9507.350780128076 7.387780843578047e8
10150 430749.7849420905 42.497282591303644 7.27807983751061e-7 3.96675212995776e-5 1.8443428956731405e-5 4.861722303428639e-6 0.00014566276985599117 9.699847322166882e-5 5.628746949651552e-7 5.0139299558398244e-5 3.538673879226099e-5 4.771848801356234e-6 0.00011261486566819032 0.00017678341728012022 -3.1153602182492847e-7 9507.350780128045 7.387780843571435e8
10180 432000.0 18.142881040927023 7.266662623852679e-7 3.967829409433515e-5 1.8499927928533644e-5 4.7719338430968905e-6 0.00013983021152172 9.306829628241947e-5 5.619917064846968e-7 5.011660255940582e-5 3.547781436223616e-5 4.683836701135462e-6 0.00011273958134295989 0.00017845524475779508 -3.1009680175805456e-7 9507.350780128034 7.387780843567519e8
