#timestep time dt l2_h l2_h_vcon1 l2_h_vcon2 linf_h linf_h_vcon1 linf_h_vcon2 l2_H l2_vcon1 l2_vcon2 linf_H linf_vcon1 linf_vcon2 dsdu_ut mass entropy 
0 0.0 100.0 0.0 0.0 0.0 0.0 0.0 0.0 0.0 0.0 0.0 0.0 0.0 0.0 -5.3621515059975144e-12 13175.848874782176 8.591918641180944e8
50 1870.1666237981892 37.41532751041202 0.003412858869687411 0.004298893340962217 0.00746726990023625 0.006274782528322352 0.0062489108920947695 0.0058522435617544 0.003412858869687411 0.0029612394428818085 0.00653658265085689 0.006274782528322352 0.004508354000224309 0.0047260052700869755 -2.9964972384296503e-7 13175.84887478217 8.591918641178662e8
100 3742.1290707608678 37.46719856947029 0.006586938332437441 0.013038102513077202 0.026313595651456873 0.012115879472144805 0.01942179808360514 0.019660543619672493 0.006586938332437441 0.011973649992147808 0.02569084351205954 0.012115879472144805 0.01726797710170825 0.018935597583365223 -2.2598673450953265e-7 13175.848874782221 8.591918641173476e8
150 5617.407198962389 37.546387863129205 0.009305517443838309 0.027425863610019124 0.05619705687402722 0.017115002053139174 0.038312276095658175 0.0435534658392552 0.009305517443838309 0.02725955263867942 0.05609592621360048 0.017115002053139174 0.03677663531445659 0.042675549619632436 -2.4540811681470775e-7 13175.848874782227 8.591918641169022e8
200 7497.215025983326 37.64703428795089 0.011395781751727776 0.047532452347207495 0.09501265417421043 0.021075305324334676 0.06143995357960376 0.0771874894055374 0.011395781751727776 0.048774797218261313 0.09548716626548975 0.021075305324334676 0.061118897622084986 0.07557563981450123 -2.262964560303567e-7 13175.848874782183 8.591918641164626e8
250 9357.06757247387 37.76235342635737 0.01273599421116537 0.07242629556316826 0.13918663913762125 0.023633055919311804 0.08667833879619428 0.11949701010833517 0.01273599421116537 0.07549994379004868 0.14012811295637553 0.023633055919311804 0.08894609724950267 0.11633009992399056 -2.432271771463844e-7 13175.848874782168 8.591918641160284e8
300 11248.431138381933 37.89134624662172 0.013335826915302915 0.1015953708903584 0.18634865077243043 0.02500403013627125 0.11103369562340629 0.17046926083993016 0.013335826915302915 0.10686405802101041 0.1874957658074699 0.02500403013627125 0.11728284223806253 0.16499321921573115 -2.6465429633138057e-7 13175.848874782241 8.591918641155486e8
350 13145.033623065117 37.91244213918567 0.013241457616854442 0.1329254061652458 0.23191724242916706 0.0251139317160346 0.13448639375646618 0.22577844296622981 0.013241457616854442 0.14056844567366342 0.23285798819713385 0.0251139317160346 0.14896968134217936 0.21949488412710375 -2.9588835668846065e-7 13175.848874782136 8.591918641150209e8
400 15038.191106044724 37.8185155755581 0.012636060989574685 0.16406956228911626 0.2719925029370137 0.024485461967586275 0.1750375832308872 0.2662252387731213 0.012636060989574685 0.17406213173684457 0.27226895728826983 0.024485461967586275 0.19443369841807853 0.2609514564702313 -3.57694782376392e-7 13175.848874782183 8.591918641144086e8
450 16924.481735589085 37.59648588327159 0.011812523264814469 0.19262369161008436 0.3041529981156736 0.023544109665585327 0.21521852354288756 0.30177633278364485 0.011812523264814469 0.2047338528521714 0.30346685615351526 0.023544109665585327 0.23924259133067918 0.2982930173002389 -4.454722745401477e-7 13175.84887478219 8.59191864113652e8
500 18777.594997211847 37.34338314037681 0.011136317862464648 0.2160566534165399 0.32820155071790863 0.02263544148581057 0.2515436974523097 0.33065549131065064 0.011136317862464648 0.22983649641056045 0.3267306020432706 0.02263544148581057 0.2795683101731176 0.3295128851646451 -5.490284244008036e-7 13175.848874782172 8.591918641127334e8
550 20639.071547759213 37.1272062300589 0.010899178875096244 0.23303914103972076 0.34776644197755774 0.022075109611409433 0.28210191915324423 0.352657920875041 0.010899178875096244 0.24790549371405676 0.3464076788787529 0.022075109611409433 0.31320751872737074 0.3541480355792962 -6.772291924897743e-7 13175.848874782198 8.591918641115985e8
600 22490.891295491245 36.95709016800003 0.011214314652781571 0.24191990818024778 0.36760880658003264 0.02210247273875495 0.2952669131206209 0.3520052912746397 0.011214314652781571 0.2571175984696705 0.3679427421888676 0.02210247273875495 0.3280602071762576 0.35430517623299945 -8.192201332871517e-7 13175.848874782201 8.591918641102175e8
650 24335.47865933792 36.83746878127929 0.011933521990393626 0.24197453429931873 0.39197445295928657 0.022719902393355765 0.28896138155791573 0.33461172218936625 0.011933521990393626 0.25661986131095205 0.39562309033430443 0.022719902393355765 0.32181957572923664 0.3312160408956067 -9.574326849335342e-7 13175.848874782183 8.591918641085753e8
700 26140.641315171604 36.77139127936513 0.012774384032973804 0.23359372367569617 0.420994016842371 0.023828559100715924 0.2713221306729009 0.31332889992316376 0.012774384032973804 0.24674168703890653 0.4287457921124949 0.023828559100715924 0.3026763716969174 0.3107173003879555 -1.0857534294383597e-6 13175.848874782192 8.591918641067263e8
750 27978.609411827383 36.75630885565473 0.01354436918786053 0.21786020532878358 0.4528124135947089 0.025254013375564124 0.24187404172962415 0.3373638425263879 0.01354436918786053 0.22846468178897614 0.4646003714516608 0.025254013375564124 0.270099055679778 0.36724274504593407 -1.1967428942787165e-6 13175.848874782174 8.591918641046221e8
800 29817.127299083953 36.79184787918759 0.014105185536893486 0.19829060368792997 0.4821479609979335 0.026877069096477153 0.2183440076807494 0.40466882467282733 0.014105185536893486 0.20544185516234448 0.4970834110986825 0.026877069096477153 0.22778710745825428 0.43779437817423966 -1.27248161019764e-6 13175.84887478218 8.591918641023449e8
850 31658.6316803503 36.87405009131316 0.014445125327179427 0.18139096340233024 0.5046572002414649 0.028478213776849372 0.23910354898528938 0.44036205258627337 0.014445125327179427 0.18478846415622174 0.5215254331451555 0.028478213776849372 0.24816465708386587 0.4743802454672695 -1.326067050866698e-6 13175.848874782247 8.591918640999527e8
900 33505.325587720436 36.99764100637165 0.014638429180764755 0.17665931904397283 0.5175706141602842 0.03009976643966797 0.26039700315375486 0.45744350745841034 0.014638429180764755 0.17762498070017713 0.5351218199167608 0.03009976643966797 0.2837470567020433 0.49584666197477756 -1.3704189161508026e-6 13175.848874782185 8.591918640974594e8
950 35339.534622716346 37.15471333240534 0.014800067810615184 0.19135566421915373 0.5199676972353016 0.03150797885088597 0.2876626751320636 0.46261379417914467 0.014800067810615184 0.1930504151699259 0.5370684192439309 0.03150797885088597 0.31349332986913103 0.5043559446657128 -1.384963855065766e-6 13175.848874782174 8.591918640949337e8
1000 37201.92410083044 37.330464745775565 0.01503486373221639 0.22441698285213588 0.5126100520356376 0.033172014549879676 0.3132135173125511 0.45675434497058426 0.01503486373221639 0.2297692664833952 0.5282774366717878 0.033172014549879676 0.34091717435146646 0.500906849960289 -1.347729257887282e-6 13175.848874782214 8.591918640923795e8
1050 39067.7570673697 37.30700305027718 0.015373275666765395 0.26730988983855586 0.4976441877084627 0.03502257912162886 0.33538224605410394 0.44089569261931427 0.015373275666765395 0.27747837879201254 0.5110914698521388 0.03502257912162886 0.3642420044835182 0.4859791885667802 -1.2730458009047276e-6 13175.848874782208 8.591918640899264e8
1100 40932.9274783841 37.30259760806701 0.01575697444143026 0.31107696749880914 0.4785629569009749 0.036509835779976386 0.35338310256563354 0.41651633973107927 0.01575697444143026 0.3258109414173763 0.48923609988726313 0.036509835779976386 0.3826494647619141 0.46095255738903507 -1.176874735757812e-6 13175.848874782174 8.591918640876416e8
1150 42798.248670975045 37.311999720669235 0.016068227350102503 0.3492677744522829 0.4596574278891335 0.03740924053010826 0.36718241365007376 0.38518934356509615 0.016068227350102503 0.3675237497393096 0.46727621252070717 0.03740924053010826 0.39604740191592414 0.42742542525388666 -1.0642058753333906e-6 13175.84887478215 8.591918640855505e8
1200 44655.47871303946 37.2990397770635 0.01618790446721246 0.3780393149171293 0.4455055289632742 0.03763703831647793 0.3596254122606488 0.36130121321778824 0.01618790446721246 0.3983532589358709 0.4501347261330009 0.03763703831647793 0.3874245426324175 0.38761995705330177 -9.767239326926073e-7 13175.848874782174 8.591918640836589e8
1250 46515.234395235835 37.10183357379447 0.01605679143926921 0.39640667771234367 0.4397844595714291 0.0373236193350106 0.3462481761120478 0.36931546192035963 0.01605679143926921 0.41720804924223287 0.44182430451437543 0.0373236193350106 0.37296522939340554 0.37385554454512904 -9.322162053737183e-7 13175.848874782172 8.591918640818884e8
1300 48366.179094042476 36.94618048634482 0.01571649494242486 0.4051558353820831 0.4444425324429514 0.036443237665820055 0.3353740749210604 0.39878125223759675 0.01571649494242486 0.42499433837131195 0.44457360032578247 0.036443237665820055 0.3580160237494979 0.3974599686328584 -8.868998850411814e-7 13175.8488747822 8.591918640802022e8
1350 50210.44228382119 36.833909011511295 0.01532620241320342 0.4065179324720355 0.45894778201620007 0.0354761547245124 0.3299406014075586 0.4335214682670882 0.01532620241320342 0.42424230223085135 0.4579046928809062 0.0354761547245124 0.3521302755977361 0.4300725006309979 -8.496819031846092e-7 13175.848874782218 8.59191864078611e8
1400 52023.84150735378 36.76637660546642 0.0151364571288926 0.40314579976603787 0.48057053483819473 0.03433122200337077 0.33110727460042344 0.4705587036963473 0.0151364571288926 0.41801478827753386 0.47894015762069936 0.03433122200337077 0.3500375324463668 0.4638366491105183 -8.610537168629468e-7 13175.848874782194 8.591918640770661e8
1450 53861.342209535476 36.74139899617671 0.015393286620923468 0.39720068487864224 0.5069157432202345 0.033373285703928904 0.37202593302862963 0.5104446045155155 0.015393286620923468 0.4087370944770874 0.505017111033291 0.033373285703928904 0.3808071826566294 0.5000074989279443 -8.858542614311262e-7 13175.848874782136 8.591918640754586e8
1500 55698.69353522658 36.75933014006519 0.01622671599696512 0.3903663678038391 0.5350744975888494 0.03331454988790512 0.3918090283224224 0.5519062606060576 0.01622671599696512 0.3984243202405026 0.5329971930007229 0.03331454988790512 0.3977380556205767 0.5381797484052282 -9.030349623086941e-7 13175.848874782201 8.59191864073815e8
1550 57538.00281180292 36.81857317791173 0.017550059366674146 0.38363983953989356 0.5635047470063104 0.03421744892664549 0.4079704840920881 0.5574700159929635 0.017550059366674146 0.3883062993521404 0.5611663255415381 0.03421744892664549 0.41166057173632753 0.5531249745149706 -9.524234865418771e-7 13175.848874782178 8.591918640721111e8
1600 59381.28196258885 36.91692746730248 0.019110511603134275 0.3774986429395621 0.5919379691610179 0.03548031823720734 0.4204999524861925 0.553985481051264 0.019110511603134275 0.3790539023452171 0.5891647667638205 0.03548031823720734 0.4227206826674768 0.557388653227563 -1.0199505860960216e-6 13175.848874782196 8.591918640702921e8
1650 61220.44622209754 37.0430375759944 0.020591495927907152 0.3721308867431339 0.6208937764114589 0.037264520231377884 0.4294443995519028 0.5489535387568216 0.020591495927907152 0.3710466585796383 0.6174971103955391 0.037264520231377884 0.4310697236615633 0.5592142364548521 -1.0631788090857536e-6 13175.848874782181 8.59191864068373e8
1700 63069.78853058037 36.93981714257755 0.02172421288364322 0.3674994222415317 0.6514067023160417 0.03871662609031716 0.43509198671668864 0.5599430550998697 0.02172421288364322 0.3643931987420722 0.6472324909052358 0.03871662609031716 0.43702327724408246 0.561495197286453 -1.105244808895953e-6 13175.848874782188 8.591918640663772e8
1750 64915.049227163945 36.8787517046562 0.022292146742191103 0.3635542389802577 0.6832804700012142 0.03960254284315093 0.43390852044215256 0.5664488967902954 0.022292146742191103 0.3591840761505277 0.678258281107152 0.03960254284315093 0.43730849401273436 0.5699925292198791 -1.160208757648761e-6 13175.848874782243 8.591918640642855e8
1800 66758.29782171795 36.85813446617484 0.022183541129879303 0.3600979665213627 0.7153118075632122 0.03937468013869405 0.4154039636138543 0.5393101902097966 0.022183541129879303 0.3552486958022017 0.7094728094381396 0.03937468013869405 0.41745399808912803 0.5417600793675033 -1.1951670557789267e-6 13175.8488747822 8.591918640621053e8
1850 68601.48677321011 36.87503137312766 0.021382950903806108 0.3568064674189168 0.7453410314793955 0.03812650835790149 0.4121556483171102 0.6173755723779071 0.021382950903806108 0.3521576156767751 0.7388368460665403 0.03812650835790149 0.40674816778517087 0.6128796500552112 -1.210954912091212e-6 13175.84887478216 8.591918640598933e8
1900 70411.65437927395 36.92421322470044 0.0200076778216687 0.3533456837497608 0.7706166081255217 0.03578561333326394 0.41186716047207633 0.6925147598267262 0.0200076778216687 0.3493074188622533 0.7637351514215956 0.03578561333326394 0.40975433404407396 0.6838953034113993 -1.231274172619384e-6 13175.848874782247 8.591918640576836e8
1950 72259.76108390519 37.00285706496867 0.01819579644062706 0.34933128396673685 0.7903391112723005 0.032766657664297184 0.41554779591841545 0.7635397046217115 0.01819579644062706 0.34596211955357364 0.7834726715311687 0.032766657664297184 0.4192069155858297 0.749585413516543 -1.2531183427514592e-6 13175.848874782201 8.591918640553865e8
2000 74112.42434288797 37.10512488787234 0.016275635024090747 0.34521239259693715 0.8029485067104776 0.02959598868958946 0.42693641704119184 0.8000547982008204 0.016275635024090747 0.34213402983541 0.796572705376159 0.02959598868958946 0.4343527694880525 0.7786066365491947 -1.2660549127976022e-6 13175.848874782205 8.591918640530502e8
2050 75970.69235537823 37.22584305147458 0.014654893578472265 0.34274514555384883 0.8080697637851703 0.026835851712350877 0.43605622053792326 0.7912670581760202 0.014654893578472265 0.33925725608849877 0.8026542617240808 0.026835851712350877 0.44815035859265223 0.7747481014839953 -1.2698019825579847e-6 13175.848874782183 8.591918640506916e8
2100 77834.66280243831 37.330416330113444 0.01375025382530962 0.3456573964310496 0.8057329060309434 0.025424565316054765 0.43962173650289693 0.7702504618341979 0.01375025382530962 0.34109511361238143 0.8016482066994566 0.025424565316054765 0.45052696623965827 0.7583087506990611 -1.2544982510445007e-6 13175.848874782196 8.591918640483344e8
2150 79698.98604311212 37.25024493149204 0.013771290164094367 0.35918314232200577 0.7962380945654376 0.02589755123312319 0.4512404594191388 0.7381714182771978 0.013771290164094367 0.3535206582567287 0.7936633600712466 0.02589755123312319 0.4560265752853764 0.7302707674518971 -1.211045126693401e-6 13175.848874782185 8.591918640460337e8
2200 81560.27952324603 37.20921268508003 0.014556443972061111 0.3876890512964289 0.7801445423292009 0.02759548103892228 0.46559574462864034 0.6964926497067799 0.014556443972061111 0.3819689741812777 0.7790034047611917 0.02759548103892228 0.47047564510103335 0.6919956649390504 -1.1611079237920898e-6 13175.848874782228 8.591918640438282e8
2250 83420.61158899224 37.211559665458104 0.015720606847491242 0.4317021291703487 0.7583098405308937 0.029829645340180216 0.502073154546656 0.6468464660988829 0.015720606847491242 0.42772309706163003 0.7582427344188368 0.029829645340180216 0.4930361313049909 0.6521629304408907 -1.1271704144583416e-6 13175.848874782194 8.591918640416985e8
2300 85282.24100909282 37.26065060571295 0.01690248735839987 0.48685843619102004 0.732162529583278 0.0317628079091324 0.5392168893186375 0.6176246962550572 0.01690248735839987 0.48633003564930893 0.7325301854727534 0.0317628079091324 0.547050899471179 0.6165119548198741 -1.090832207738394e-6 13175.848874782161 8.591918640396324e8
2350 87146.68488405565 37.33947777100612 0.01787202940104722 0.5455071357124527 0.7041193243769825 0.03299782652981033 0.5712251629711929 0.5709837904428395 0.01787202940104722 0.5494113829847423 0.7040538065248887 0.03299782652981033 0.5846252855178983 0.5603336996313348 -1.0210347090120364e-6 13175.84887478214 8.591918640376557e8
2400 89010.78260933969 37.233794493306505 0.018527990608572048 0.599137519094696 0.6781087005049484 0.03428768870512825 0.5826021774748342 0.551521895604476 0.018527990608572048 0.6075607480469468 0.6766467643336467 0.03428768870512825 0.6024143044746633 0.5412318334550488 -9.183890444686665e-7 13175.84887478222 8.591918640358459e8
2450 90870.69736251923 37.17109807523149 0.018868696353704823 0.6406005416116083 0.6597606326383697 0.035065435763300415 0.5867199817778858 0.5542648106267941 0.018868696353704823 0.6528942657681888 0.6561000491417734 0.035065435763300415 0.6122937376432976 0.5557300444013445 -8.09015469681165e-7 13175.848874782181 8.591918640342419e8
2500 92728.53854952489 37.149655842508785 0.018955283856608985 0.665345114323678 0.6559754177520688 0.03524236515594762 0.5981249903523658 0.6083260032937843 0.018955283856608985 0.6804199236242098 0.6498349974779708 0.03524236515594762 0.6224517647464338 0.6144254047828824 -7.159878458123177e-7 13175.848874782218 8.591918640328279e8
2550 94586.30527227142 37.166853885419 0.018875975722926312 0.671379007061224 0.6735811530859619 0.035113081272463306 0.6366629407331428 0.6617123887670604 0.018875975722926312 0.687968210475536 0.6655272660908659 0.035113081272463306 0.6690560813971591 0.6720190963662229 -6.414708086098237e-7 13175.848874782154 8.591918640315675e8
2600 96416.27183335177 37.2184199647627 0.01872528301034235 0.6592608654334489 0.715937887190109 0.03474212347197909 0.6666980134118203 0.7145971407703509 0.01872528301034235 0.6761193972230943 0.7073612603885229 0.03474212347197909 0.7083033821696862 0.7234235714960162 -5.721145593877807e-7 13175.848874782156 8.591918640304605e8
2650 98279.21453919588 37.30267338224382 0.018582928739834033 0.6304480262309045 0.7839624236364899 0.0341343141873644 0.6697831260618478 0.7704562322428069 0.018582928739834033 0.646469572181623 0.7765804008016987 0.0341343141873644 0.7184321591086216 0.768446732137547 -5.038819632073773e-7 13175.848874782192 8.591918640294546e8
2700 100147.11778611815 37.41572634634547 0.018537824190765825 0.5879667474745779 0.871628295439212 0.03447443267756525 0.6697754797425917 0.8075955343025846 0.018537824190765825 0.6022161427858517 0.8669063784469897 0.03447443267756525 0.7062414117928024 0.7977086556853614 -4.514363833610016e-7 13175.848874782188 8.591918640285698e8
2750 102021.34118553012 37.5544709220848 0.018698848720984783 0.5354782868090069 0.9694173787164596 0.035487572752410344 0.6727198690869161 0.83695832843765 0.018698848720984783 0.5472172297140417 0.9681495873191892 0.035487572752410344 0.6826228273505581 0.8124803578409168 -4.0979122478404007e-7 13175.848874782248 8.591918640277604e8
2800 103868.52313818378 37.70698363847934 0.01919967140347799 0.47818330835127676 1.0638495310854246 0.036767334445327995 0.6668291420422806 0.8636686178386884 0.01919967140347799 0.48691256833186974 1.0659740826444581 0.036767334445327995 0.6636552116287373 0.8436079251118555 -3.6877755220314514e-7 13175.848874782185 8.591918640270452e8
2850 105752.57113153105 37.659893343307715 0.020221652498496796 0.41854191756031767 1.1462098364034927 0.03889316589024577 0.6508417212250152 0.8868364977122271 0.020221652498496796 0.4237954309166178 1.151052391498885 0.03889316589024577 0.6494993238379706 0.8718078121580725 -3.52109129037453e-7 13175.848874782143 8.591918640263695e8
2900 107634.91871621337 37.63919741257061 0.021878953664260542 0.36258084257558154 1.2046016801177353 0.0424331173040202 0.623920194638521 0.9040483474251542 0.021878953664260542 0.3640354027569574 1.2108964394879222 0.0424331173040202 0.6253835016479388 0.8945802182197923 -3.5997980797015497e-7 13175.848874782147 8.591918640256952e8
2950 109516.99838204114 37.64924468822953 0.02418202910947887 0.3154164088963441 1.2338351659809932 0.047093325944312064 0.5539308561155124 0.8685084939841831 0.02418202910947887 0.3128006017910956 1.24015538349188 0.047093325944312064 0.561897516293503 0.8550208380177323 -3.4677859915523646e-7 13175.848874782212 8.591918640250272e8
3000 111400.44597339144 37.69378860862993 0.02700752441309114 0.2819899760009968 1.2344812690486595 0.05257715382542317 0.4775176220420106 0.8223594134281298 0.02700752441309114 0.2751815283230309 1.2396178457403195 0.05257715382542317 0.49244563357247795 0.8065273418966764 -3.434476677101392e-7 13175.848874782178 8.591918640243888e8
3050 113263.0777138142 37.68442127652071 0.03008873910798797 0.2656674284433267 1.2126281941570816 0.058402409541531745 0.445216430701528 0.7662011171354535 0.03008873910798797 0.2549951702791193 1.215866555829017 0.058402409541531745 0.4384865234575167 0.7490067239677898 -3.73656540546217e-7 13175.848874782243 8.591918640237182e8
3100 115142.55188346023 37.505578937173034 0.0332121570143007 0.2656541759525188 1.1766375077034585 0.06399758025807141 0.4556410639315435 0.6969676876418239 0.0332121570143007 0.25189564719195384 1.1777301716535982 0.06399758025807141 0.4505627819487711 0.6798394452734879 -3.740320818727834e-7 13175.848874782198 8.591918640230085e8
3150 117014.28892346853 37.37513511228914 0.03606431231423761 0.27812689386703904 1.1361529458925788 0.06883945531859328 0.4647049049430503 0.7295588716051883 0.03606431231423761 0.2623868769115189 1.1352530762566586 0.06883945531859328 0.4569605498950589 0.7060595287295579 -3.659105174282529e-7 13175.848874782168 8.591918640223203e8
3200 118880.86858718967 37.29898931500923 0.03841626842901854 0.29803145585674845 1.0990728826406098 0.07266976620529424 0.4832722680870626 0.773053929527209 0.03841626842901854 0.2814189610135693 1.0965219307005858 0.07266976620529424 0.4676789780774187 0.7502368821305112 -4.1451062399703614e-7 13175.848874782168 8.591918640216025e8
3250 120745.10554811604 37.28064038917993 0.04009936129672802 0.32169821247189445 1.070801331188191 0.0752452971042763 0.4961936561245136 0.815961789260536 0.04009936129672802 0.30532252839594914 1.0669824789879099 0.0752452971042763 0.5189926922978005 0.8013755955221477 -4.646318337274849e-7 13175.848874782192 8.591918640207794e8
3300 122601.11894517354 37.32064190890443 0.04101467636526067 0.34735394081468185 1.0540730988132543 0.07630971183693369 0.5518558257223295 0.8557455769742102 0.04101467636526067 0.3323818817275634 1.0493372072839275 0.07630971183693369 0.5723946750079258 0.8453968065291314 -4.912594250698985e-7 13175.848874782145 8.591918640198917e8
3350 124469.39372599853 37.41761052200258 0.04115484566643312 0.37534362808163435 1.0489404048805153 0.07603084411302283 0.6093840440898216 0.8879271629896834 0.04115484566643312 0.3629838704131728 1.043569719445502 0.07603084411302283 0.6240097235982354 0.8816248000384627 -5.559279886709888e-7 13175.848874782223 8.591918640189177e8
3400 126342.55875702547 37.462436526096305 0.040583361863040165 0.40682901226410534 1.0537943829407104 0.07460624584965782 0.6692609167827004 0.9114622477391485 0.040583361863040165 0.3981594127278242 1.0480153450778165 0.07460624584965782 0.6745878356799885 0.9087477759500264 -6.349535828553595e-7 13175.848874782183 8.591918640178025e8
3450 128214.5150227185 37.418183902910094 0.039460773806464414 0.44339056721172115 1.065630841353528 0.0726343137038624 0.7314565114459961 0.9253898709063895 0.039460773806464414 0.4391529519922447 1.0596069025008283 0.0726343137038624 0.731679367438707 0.9308035234084672 -6.916200587380035e-7 13175.848874782172 8.591918640165608e8
3500 130048.65532167224 37.38474997042625 0.03804754516037956 0.4852948674437149 1.0806676617982094 0.0707374907457586 0.7751724248119698 0.9156797239017308 0.03804754516037956 0.48569137557562286 1.0744870841586551 0.0707374907457586 0.7724008678659694 0.9321350451754181 -7.621240882167868e-7 13175.848874782174 8.591918640152324e8
3550 131917.30561181958 37.364317280043245 0.03655000063145981 0.5340653740591527 1.096306834690614 0.06861908159884908 0.7921315631129825 0.8850146207339423 0.03655000063145981 0.5390472713586346 1.089955941909742 0.06861908159884908 0.7893150663638552 0.8948697912563933 -8.566477917172985e-7 13175.848874782172 8.591918640137196e8
3600 133785.38059640798 37.362189727386145 0.03524625926021931 0.5872403084861701 1.1097730804321697 0.0667279177484337 0.8040573368610872 0.8468607224077032 0.03524625926021931 0.5963356484656103 1.1031288529960157 0.0667279177484337 0.8019570072167926 0.8472733229214284 -9.57785017267e-7 13175.848874782168 8.591918640120246e8
3650 135653.92464583192 37.383492031626425 0.03432022586316309 0.6417984501019003 1.1197124368437934 0.0650740625883939 0.8095672236375031 0.8297872183509138 0.03432022586316309 0.6543365621511662 1.1125417603681007 0.0650740625883939 0.8087893249254043 0.8154389457787643 -1.064763942021274e-6 13175.84887478223 8.591918640101357e8
3700 137524.24471331705 37.433537564293644 0.033843611850533036 0.6940328445159067 1.1263167772511251 0.06421875144992811 0.8072410656998457 0.8356550475742595 0.033843611850533036 0.7092545279458085 1.1183200593809093 0.06421875144992811 0.8082591826333568 0.8193862639989179 -1.1575786962788292e-6 13175.848874782188 8.591918640080535e8
3750 139363.7507145257 37.42294683342093 0.033767473135482326 0.7394270726352925 1.131606017755283 0.06379048265534307 0.7959362200132335 0.9044804405479858 0.033767473135482326 0.7565239684246107 1.122551355724572 0.06379048265534307 0.7990677800809711 0.8836884183170117 -1.20561109408975e-6 13175.848874782212 8.59191864005871e8
3800 141231.2879945011 37.28659399448523 0.0339579039855576 0.7761918253584434 1.13992858390164 0.06392727759471868 0.7458146160522534 0.9838471812041601 0.0339579039855576 0.7944275345955082 1.1297952623743386 0.06392727759471868 0.756969226946253 0.9548458529387297 -1.2278246226616364e-6 13175.84887478222 8.59191864003602e8
3850 143092.87228059792 37.185080834491764 0.03425730426831603 0.8009683787473891 1.1570590599791777 0.06415535493263073 0.6995177276708868 1.0241492372859042 0.03425730426831603 0.8195870367532821 1.1463364901066866 0.06415535493263073 0.7287850859550394 1.0019658190078087 -1.2603685892755668e-6 13175.848874782214 8.591918640012861e8
3900 144949.7458070971 37.087619384787686 0.034524095087731375 0.8122111833300105 1.1889470537738587 0.06448986804491956 0.6945796924326463 1.0350181800967218 0.034524095087731375 0.8304698542212363 1.1787534326043843 0.06448986804491956 0.7340195931293276 1.0223513882347324 -1.2960029329622375e-6 13175.848874782203 8.591918639989139e8
3950 146802.07502493614 37.013140003267516 0.03465894796461706 0.8092595116318121 1.2388705905855897 0.06453191756855524 0.7029213664399994 1.0715708740089667 0.03465894796461706 0.8264178160151724 1.2307662730296005 0.06453191756855524 0.7309923410350156 1.0501550967566444 -1.2970640079338236e-6 13175.84887478218 8.591918639965063e8
4000 148618.49844059764 36.97335459350184 0.03460859752480693 0.7927562529074856 1.30355151456537 0.0641650435758823 0.7321307336820937 1.112051573733042 0.03460859752480693 0.8081149055979246 1.298908594663754 0.0641650435758823 0.7239285700347866 1.0913559263980293 -1.2455294018949477e-6 13175.848874782212 8.591918639941843e8
4050 150466.77096490827 36.96239453614083 0.03434837736891864 0.7631867318081196 1.3776569579720677 0.06323710307797446 0.7864139152606242 1.158707262578953 0.03434837736891864 0.7759987221183904 1.3772373032119403 0.06323710307797446 0.7759081231683532 1.1440093678907983 -1.1546539030148446e-6 13175.848874782168 8.591918639919643e8
4100 152315.17320335616 36.977452879680236 0.0338764602989912 0.7228384567177295 1.4488520332895203 0.06183887283243961 0.79576872388048 1.1327432846150391 0.0338764602989912 0.7324390740462609 1.452312744677344 0.06183887283243961 0.7936720345325804 1.1171674724825684 -1.05174562861635e-6 13175.84887478217 8.591918639899243e8
4150 154164.92581513032 37.01550952545826 0.03320899910075236 0.6750954685619688 1.5062856013396346 0.06157445642791048 0.7879287475864991 1.0941550553431818 0.03320899910075236 0.6809396776454921 1.5123973742093133 0.06157445642791048 0.7942534284240632 1.0875508992301506 -9.534123576120703e-7 13175.848874782156 8.591918639880745e8
4200 156001.8533005819 37.07362759707299 0.03239003855593946 0.6254076704090766 1.5425683001747215 0.06045177384346867 0.7715664802866681 1.088885967575666 0.03239003855593946 0.6272042360532954 1.5496784037028812 0.06045177384346867 0.7849028328498159 1.0852362465337932 -8.689804714871758e-7 13175.848874782227 8.591918639864031e8
4250 157857.42621743103 37.15064747659534 0.03147504367278594 0.5799515139953929 1.5558998675761813 0.05908060287252326 0.754604458783711 1.0871886756854656 0.03147504367278594 0.5777175715957289 1.5624221962524765 0.05908060287252326 0.7707979221760669 1.0793775803669203 -7.956343167386106e-7 13175.848874782181 8.591918639848588e8
4300 159717.27291811764 37.24383687180143 0.030588690757538298 0.5479219512907205 1.5474737112748504 0.057321382761009405 0.7667805911519904 1.0692764382016369 0.030588690757538298 0.5422953251916125 1.5521601510727683 0.057321382761009405 0.7872584472439896 1.0509393544931205 -7.3360233808473e-7 13175.848874782208 8.591918639834394e8
4350 161582.1349020279 37.35052352673875 0.02990673907298385 0.5378730212776762 1.5213316584119994 0.05563809177079926 0.8022246421610892 0.9804179572282632 0.02990673907298385 0.5301702990220724 1.5233960982255523 0.05563809177079926 0.8125899071328336 0.9758236094333892 -7.045028751991843e-7 13175.848874782174 8.59191863982104e8
4400 163447.92780467522 37.247435695433445 0.029643986167710017 0.554177032177685 1.4826302535214853 0.05472295331944592 0.8057746351360351 1.0169990899841763 0.029643986167710017 0.5460358089350812 1.4817289782752165 0.05472295331944592 0.8196737240899865 0.9942183956654258 -7.158231968104787e-7 13175.848874782212 8.591918639807833e8
4450 165274.59471282572 37.11581725235151 0.029975660169103243 0.5930733875012307 1.4375847910985744 0.05476764381964925 0.8052562273914854 1.05991972087172 0.029975660169103243 0.5857115279478168 1.433776375279891 0.05476764381964925 0.8215477788619506 1.044075085891217 -7.491066215692024e-7 13175.848874782234 8.591918639794505e8
4500 167127.37683688657 37.001429047268125 0.030990288497483198 0.6477389095025071 1.3893247388877463 0.05609251924801091 0.8013162659810765 1.1103032994798836 0.030990288497483198 0.6416288028222547 1.3827804359264637 0.05609251924801091 0.8189917914735091 1.1017087917431487 -8.174593118278144e-7 13175.848874782147 8.591918639780024e8
4550 168975.04206277 36.91143090866827 0.03261241491036786 0.7079199909831876 1.3428447934986267 0.058907579345302066 0.8081904569101259 1.1595827685732314 0.03261241491036786 0.7028917596042191 1.3338952842770153 0.058907579345302066 0.8298962861752311 1.1563643953459495 -9.415929422187629e-7 13175.848874782196 8.591918639763869e8
4600 170818.92776936374 36.850421582820466 0.034628876742019685 0.7651884522922398 1.3019689506044096 0.063105068050127 0.8809057696758071 1.2057385600175712 0.034628876742019685 0.7607655266493816 1.2909652835143577 0.063105068050127 0.8964976498916435 1.2070936116646593 -1.1015022023830045e-6 13175.848874782165 8.591918639745102e8
4650 172660.59693803877 36.822818828232805 0.03675278198828853 0.8135720693695091 1.270203108646195 0.06746347123638727 0.937715204567596 1.2373503369221657 0.03675278198828853 0.8092548616150218 1.2574611550833914 0.06746347123638727 0.9475127915733587 1.2411241636556103 -1.264590533601852e-6 13175.848874782218 8.591918639723301e8
4700 174493.93858183362 36.83266666784144 0.03868490771112548 0.8496604984698822 1.2507719270472855 0.07163092476271458 0.9447185809825339 1.2155202527940703 0.03868490771112548 0.8451249040034085 1.2365551944726558 0.07163092476271458 0.9523234097334674 1.2154088202607196 -1.4101804416205969e-6 13175.848874782203 8.591918639698728e8
4750 176336.69799763398 36.883883437475276 0.040195700730205 0.8729603467624371 1.2461554091702187 0.07477292873299834 0.9461687737807529 1.1890174841958039 0.040195700730205 0.868165191592765 1.2306626937693594 0.07477292873299834 0.9521807816128294 1.180373748306761 -1.5177694423617123e-6 13175.848874782198 8.591918639671665e8
4800 178183.14756195137 36.979888922969586 0.04110349874127867 0.8844416730667178 1.258285393093333 0.07669083530626468 0.9438532121848267 1.1573136805429203 0.04110349874127867 0.8796525296727881 1.2416975343305017 0.07669083530626468 0.9488871203014655 1.138167242728853 -1.5806031016626939e-6 13175.848874782248 8.591918639642999e8
4850 180035.59796767755 37.12332899617917 0.04132725848962828 0.8864995248490218 1.2877686759596654 0.07758014721399108 0.938775084960051 1.1173976409529045 0.04132725848962828 0.8822223807031794 1.2702796100832452 0.07758014721399108 0.9434077229582064 1.101851932975921 -1.613403609612572e-6 13175.84887478214 8.591918639613361e8
4900 181887.22773056902 37.278520553158025 0.04089121701693662 0.8820456434024999 1.3334241750776696 0.07698217874892099 0.9311710935908669 1.0689448195080011 0.04089121701693662 0.8788952425876759 1.3152802159533286 0.07698217874892099 0.93588597687465 1.0543000429515548 -1.6068890083048488e-6 13175.848874782223 8.591918639583455e8
4950 183753.5760050889 37.37667547490579 0.03991917949044143 0.8737750055113369 1.3929306528902674 0.07527898788995628 0.9069940929823901 1.1112097266544718 0.03991917949044143 0.872346479153523 1.3744482098561819 0.07527898788995628 0.9224654481627739 1.07223912672316 -1.5469987085104654e-6 13175.84887478219 8.591918639553968e8
5000 185625.2505847772 37.472788907630246 0.03863836911559837 0.8638460920242457 1.4616693447140798 0.07309343045227519 0.9367982955361837 1.270587811371086 0.03863836911559837 0.8645770619163395 1.4432538128386208 0.07309343045227519 0.9684488624939935 1.2442151466060043 -1.4574876229235654e-6 13175.84887478217 8.591918639525826e8
5050 187496.95686823767 37.399881799181415 0.037345940324149084 0.8535743101520938 1.5336593309964508 0.07083763590804283 0.9766000741689522 1.3517217049251384 0.037345940324149084 0.8566617710147747 1.5157951554064475 0.07083763590804283 1.0085722416247467 1.3391063624642563 -1.3625203137628887e-6 13175.848874782198 8.59191863949942e8
5100 189365.4461395356 37.34333526113767 0.03634489681739506 0.843331188669354 1.6023335873801894 0.06889051730822043 1.0138924681899042 1.4355085014179825 0.03634489681739506 0.848697184188688 1.5855686436539822 0.06889051730822043 1.042906789869297 1.422927691206577 -1.2439825932574723e-6 13175.848874782134 8.591918639475062e8
5150 191199.3832863668 37.301605596046834 0.03586778200396531 0.832818158518683 1.6607838405713788 0.06813025724332511 1.0425935542387101 1.5055995679471068 0.03586778200396531 0.8400811159580509 1.6456841172676597 0.06813025724332511 1.0711026531468633 1.50031884232366 -1.088893969981403e-6 13175.848874782168 8.591918639453577e8
5200 193063.65548339754 37.27196186093192 0.03599102829097287 0.8205663262172723 1.706741620098166 0.06819056516009737 1.0623993815101738 1.5670807141575283 0.03599102829097287 0.82914552988892 1.6939741324003466 0.06819056516009737 1.0939000130296888 1.5689892391207099 -9.344775837060435e-7 13175.848874782205 8.591918639434806e8
5250 194926.76203740094 37.254702038598374 0.036668135493585274 0.80529638589516 1.7373040310360226 0.06924584778048488 1.037506334926024 1.5480628109125405 0.036668135493585274 0.8143115388109491 1.7275263024083545 0.06924584778048488 1.0777487086278117 1.5486988295746602 -8.389035415197825e-7 13175.848874782174 8.591918639418366e8
5300 196789.3243493098 37.250045904950525 0.037723707112816585 0.7855445347367835 1.753459905711047 0.07101607081611357 0.9771841162314424 1.469561150872478 0.037723707112816585 0.7938646003812008 1.747259989198305 0.07101607081611357 1.029785786420366 1.4625827429724323 -7.792995407340481e-7 13175.848874782223 8.591918639403304e8
5350 198651.99650658458 37.25908021718029 0.03893926340904012 0.7602250599387002 1.7580636232398423 0.07310970852380588 0.9082418435785878 1.3900484913035795 0.03893926340904012 0.7665021052887915 1.755813463969223 0.07310970852380588 0.97328334852257 1.3755276883290484 -6.939294777861806e-7 13175.848874782192 8.591918639389548e8
5400 200508.9909867599 37.283725109410845 0.04011338402380064 0.729207930088991 1.7543963560698048 0.07498809471337388 0.8598893696417524 1.3231981394933747 0.04011338402380064 0.7319800431837439 1.7560835267474375 0.07498809471337388 0.9066654725545473 1.2941119539773276 -5.998991215769275e-7 13175.848874782228 8.591918639377562e8
5450 202374.19953534042 37.32717642071332 0.04111313925346189 0.6934399512738526 1.744931419368082 0.07653424954563709 0.9016173897010263 1.2653453137765676 0.04111313925346189 0.6912881235600564 1.7501219101012326 0.07653424954563709 0.9061765105887556 1.2337229852352432 -5.554552489359144e-7 13175.8488747821 8.591918639366826e8
5500 204242.14233630834 37.39338504819697 0.041857060793153454 0.6563096002801998 1.7310580935162314 0.07760224805477768 0.9360749614048975 1.1205132839357814 0.041857060793153454 0.6482859789084316 1.7388900416708561 0.07760224805477768 0.9440693813261725 1.1050075289402832 -5.405780972244113e-7 13175.848874782201 8.591918639356635e8
5550 206114.07818790042 37.48721528715213 0.04232496908338949 0.6238446779780612 1.71334321657681 0.07809776288472661 0.9155940651780846 1.01451036748 0.04232496908338949 0.6101456454322779 1.7226677712503704 0.07809776288472661 0.9304682149843309 1.0269330298224129 -4.939251161034155e-7 13175.848874782198 8.591918639346883e8
5600 207961.45064939163 37.611769383980906 0.042538740651808266 0.604721960503503 1.6924530066719872 0.07802927885473711 0.8944473524945552 1.045809449984364 0.042538740651808266 0.5875507151384075 1.702000482755139 0.07802927885473711 0.9037577709850665 1.062523812745182 -4.3239671777788926e-7 13175.848874782156 8.591918639338326e8
5650 209846.06829280886 37.77646923543801 0.04256014553133513 0.6068476670929817 1.6682165755970007 0.07760188978095856 0.8816124232729978 1.0900131647275135 0.04256014553133513 0.5904279536666484 1.676743276367196 0.07760188978095856 0.885135635102053 1.1175064686905891 -4.0328935949952276e-7 13175.84887478215 8.591918639330529e8
5700 211736.48796729464 37.78832975471668 0.04246575393876878 0.6348413347425723 1.64199405211522 0.07801064582119785 0.8555828495806174 1.1636306884706564 0.04246575393876878 0.6241311488501755 1.64838417790237 0.07801064582119785 0.8605867408234265 1.165226707229038 -4.01758032193401e-7 13175.848874782243 8.591918639322921e8
5750 213624.704767211 37.7449333783557 0.04236398105648797 0.684848845087101 1.6154662489321 0.07851643860287959 0.8587174908401348 1.239883572420148 0.04236398105648797 0.6830500205658027 1.618855516782114 0.07851643860287959 0.8550991286191588 1.2523775236618226 -4.002838392068757e-7 13175.848874782183 8.591918639315363e8
5800 215511.27985585664 37.72148733491198 0.04238668083974093 0.7470997094704955 1.5905698767671603 0.07915573473776125 0.899606810605779 1.312451902410559 0.04238668083974093 0.7547060908226939 1.5904053539130873 0.07915573473776125 0.9324878990352907 1.3342887730851412 -3.9366298341211654e-7 13175.848874782218 8.591918639307876e8
5850 217395.46770927767 37.71392809070475 0.042680915033394086 0.8105650715163756 1.5693927402361674 0.07980737494703838 0.9678840141103117 1.3244726421739985 0.042680915033394086 0.8259937034450995 1.5654709353113805 0.07980737494703838 1.0101021050381247 1.3442291765213574 -3.8815696682592855e-7 13175.848874782194 8.591918639300494e8
5900 219281.2545770467 37.71945680255884 0.0433881734285167 0.866658109880698 1.553888776065015 0.08144714190026783 1.025433547115839 1.3485748077015494 0.0433881734285167 0.8873120784428471 1.546350733956382 0.08144714190026783 1.0743768679778802 1.3446952678524113 -3.8906748496270256e-7 13175.848874782198 8.591918639293225e8
5950 221166.99276896587 37.66940550110399 0.04460556175245985 0.9101960627395852 1.5458152276288202 0.08345354828110309 1.0728204308234355 1.3681100983636587 0.04460556175245985 0.9332771670332256 1.5351266658172584 0.08345354828110309 1.1250098970627576 1.3545272080283506 -3.9693028152853e-7 13175.84887478224 8.591918639285804e8
6000 223046.44241073896 37.51621315481752 0.04634070163055207 0.9394006655093157 1.546509775740568 0.08643374596410898 1.1102992769764422 1.3776909302869833 0.04634070163055207 0.9624610161763044 1.5333965335960642 0.08643374596410898 1.161537180063508 1.3655091171217841 -4.069788831335572e-7 13175.848874782232 8.591918639278215e8
6050 224901.7991883956 37.39330052282477 0.04847816025654589 0.9551041112282846 1.556642499536532 0.09016369467975388 1.137844215114361 1.3753014919003408 0.04847816025654589 0.9763626210920171 1.5419882792060116 0.09016369467975388 1.1835462886846886 1.3672023611739246 -4.123141732984314e-7 13175.848874782198 8.591918639270613e8
6100 226768.99536681775 37.30221366375494 0.05087670935796705 0.9598845230245283 1.576734429480997 0.09381460394280569 1.1354824109436648 1.3722075946663974 0.05087670935796705 0.9782334791584397 1.5614272901544437 0.09381460394280569 1.1721119751565237 1.3529616537523683 -4.1937655161207217e-7 13175.848874782201 8.591918639262869e8
6150 228632.5660145018 37.24819417713426 0.05327980383500049 0.9562615836661452 1.6065444655823538 0.0978734283390736 1.079907726729198 1.333680539485764 0.05327980383500049 0.9712571219373839 1.5914122517793734 0.0978734283390736 1.1066852532111178 1.3164901646730331 -4.49656871843641e-7 13175.84887478217 8.591918639254813e8
6200 230494.46221068222 37.23500655844025 0.055432629526886115 0.9467864094987642 1.645168562036588 0.10189027543525445 1.0168049966624844 1.1990417385026888 0.055432629526886115 0.9585184797688684 1.6308554970116345 0.10189027543525445 1.0323749040088352 1.1864083347619243 -4.982168158267596e-7 13175.848874782178 8.591918639246043e8
6250 232356.8085674531 37.26575828821545 0.05710094204471179 0.9335217769056242 1.690690959053921 0.10508138240860534 0.9461919381351966 1.1990961221843475 0.05710094204471179 0.9424693713780611 1.6775715317077644 0.10508138240860534 0.954607269267896 1.1908448113259504 -5.380244538105319e-7 13175.848874782196 8.591918639236324e8
6300 234212.99586096904 37.341925610298794 0.05809747993854795 0.9180020164580864 1.7396808542382216 0.10696178105797734 0.9912309980309412 1.3497356329660937 0.05809747993854795 0.9248915503573426 1.7278093147403795 0.10696178105797734 1.0193383538829004 1.3447874943433207 -5.808762056491478e-7 13175.848874782212 8.591918639225975e8
6350 236083.02922565985 37.46459722012545 0.058319092159939336 0.900923775376103 1.7882377953637552 0.10737314078956912 1.0462852689593347 1.5113649916931717 0.058319092159939336 0.9065547844714861 1.777395069231791 0.10737314078956912 1.0801102322984648 1.5128793422702274 -6.560205894675306e-7 13175.84887478222 8.591918639214448e8
6400 237956.85003051648 37.44729064378881 0.05773329919958789 0.8826819294494869 1.8312057507573227 0.10624652951925329 1.0643439063245885 1.605267529254999 0.05773329919958789 0.8878174770665556 1.8210011733462343 0.10624652951925329 1.1043375275844183 1.6057874642087515 -7.456630181980882e-7 13175.848874782208 8.591918639201308e8
6450 239828.08403325322 37.410494140960445 0.056415693487438086 0.8631869202676345 1.8644145137260837 0.1037887775768946 1.047263109601675 1.628624513297329 0.056415693487438086 0.8684014717515216 1.8544831420213916 0.1037887775768946 1.0931187985792 1.6204005264592838 -8.284133995608186e-7 13175.848874782165 8.591918639186562e8
6500 241698.61691974782 37.41758501515789 0.05452906903220187 0.8419335810682124 1.8858395926936922 0.10028077896382405 1.0230466274184824 1.6405109234354418 0.05452906903220187 0.8474871793998906 1.87601876384453 0.10028077896382405 1.0726833415769275 1.6225262413704888 -9.014422969589504e-7 13175.84887478221 8.591918639170417e8
6550 243567.37479226527 37.46317540482262 0.05230677920992691 0.8183404683394315 1.8955838009940116 0.09628075692896036 0.9914514621460502 1.6406583345574755 0.05230677920992691 0.824075854299061 1.8859874426363787 0.09628075692896036 1.0426686765177493 1.6123296442008133 -9.491042427612879e-7 13175.848874782176 8.591918639153031e8
6600 245441.24164671413 37.42999766260569 0.05001032010316775 0.7919905075278451 1.8953601396995143 0.0917852284481673 0.9515799660531177 1.630753798249361 0.05001032010316775 0.7972532510932735 1.8863432586791289 0.0917852284481673 1.0021278861821872 1.613585179067674 -9.900962512791443e-7 13175.848874782234 8.591918639134929e8
6650 247308.06087896985 37.24952135248266 0.04791895539440822 0.7635980974450539 1.8876058321570814 0.0882826656211383 0.9020953857623352 1.5276970309490308 0.04791895539440822 0.767216343731665 1.8796478029003094 0.0882826656211383 0.9497943679310064 1.510806404894079 -1.053682784163025e-6 13175.848874782176 8.591918639115885e8
6700 249166.39412987223 37.091208858867525 0.046238930757139245 0.7353550545454778 1.8747786601446943 0.08509288444407627 0.856688751000942 1.4131299185918247 0.046238930757139245 0.7357520073642502 1.8683498286136626 0.08509288444407627 0.8594679016761745 1.4035511421339795 -1.1056109454051037e-6 13175.848874782227 8.591918639095724e8
6750 251003.70025472846 36.96220321246396 0.04507979556242226 0.7118010567287257 1.8589242616135289 0.08270175913093915 0.8549439641615934 1.2982935003893838 0.04507979556242226 0.7073898008010691 1.8543574884578031 0.08270175913093915 0.8622934668656653 1.2934101255697914 -1.1135147828603115e-6 13175.848874782203 8.591918639075303e8
6800 252849.21006673193 36.86623963891353 0.04441488723914359 0.699165142470364 1.8410596887088715 0.08100515220881052 0.894067419433896 1.2191092806869959 0.04441488723914359 0.6889482030556346 1.8385113429108488 0.08100515220881052 0.9074082723880997 1.2335601024699159 -1.102382295922076e-6 13175.848874782168 8.59191863905483e8
6850 254690.90259411 36.80952813523553 0.044153965410529634 0.7049816005257181 1.8219972853869209 0.08022515395551574 0.9400448172587612 1.1717463889355797 0.044153965410529634 0.6895815732791205 1.8213546316832339 0.08022515395551574 0.9478242810869972 1.1893399392771473 -1.0988013909058259e-6 13175.848874782107 8.591918639034597e8
6900 256530.856344731 36.79647278606621 0.044146122858308955 0.7340168556805683 1.8020964425826396 0.07994951750044368 1.0183101415173175 1.2265225349916047 0.044146122858308955 0.7160326444446644 1.8029717945632335 0.07994951750044368 1.0219522784176474 1.2244569775539271 -1.0888181967120519e-6 13175.848874782205 8.591918639014428e8
6950 258371.3439791347 36.8303736228004 0.044233879562256925 0.7853674104333389 1.7816724831496977 0.0801356953030842 1.0916816939848488 1.3086533526473088 0.044233879562256925 0.7685112034139873 1.7834127681940708 0.0801356953030842 1.097985171367709 1.3098567199918214 -1.0491772892280822e-6 13175.848874782198 8.591918638994704e8
7000 260195.93204292358 36.91179760887072 0.044282672940672486 0.851594503555742 1.761543782171301 0.08031600090875077 1.098792170528571 1.3356788981130554 0.044282672940672486 0.8391064437719368 1.7632699122261604 0.08031600090875077 1.1109800689043923 1.3332974333929546 -9.822420477504706e-7 13175.848874782185 8.591918638976152e8
7050 262044.64620236182 37.042063360784404 0.04419501027467445 0.924433481542482 1.7425387325814092 0.08009058562276723 1.088818843528552 1.360577028365965 0.04419501027467445 0.9182785941395635 1.743200471203925 0.08009058562276723 1.1055012716245867 1.352901915523969 -9.128088087325697e-7 13175.848874782221 8.59191863895863e8
7100 263895.3833722448 36.96088639233934 0.04390887101726774 0.993556295673637 1.7270717050689504 0.07965146672185859 1.0647389682515245 1.388805551626199 0.04390887101726774 0.9941841955636875 1.7255445259539368 0.07965146672185859 1.0936235273425658 1.3745990276087614 -8.625191870802883e-7 13175.848874782214 8.591918638942242e8
7150 265741.20163523086 36.88047789271887 0.043403021381020736 1.0515074580947963 1.7182643647672586 0.07900825567700619 1.1304549165012305 1.4209753288787648 0.043403021381020736 1.0582552317805207 1.7135207896035491 0.07900825567700619 1.1673009871188407 1.407379928165122 -8.30760451698146e-7 13175.8488747822 8.591918638926655e8
7200 267584.09024536755 36.84312035312968 0.042693179284855415 1.0942270326234123 1.7197350559805566 0.07790054942330926 1.1974680930599257 1.4681958092528093 0.042693179284855415 1.1058201398301406 1.7110398133580935 0.07790054942330926 1.2359149107467788 1.4472748717265445 -8.159357001644961e-7 13175.848874782172 8.591918638911507e8
7250 269424.25386993727 36.85012761284658 0.0418365201243601 1.120319995206218 1.734944540286213 0.07656196488922191 1.2545127059201402 1.5215191495448157 0.0418365201243601 1.1352255829881281 1.7220774530296261 0.07656196488922191 1.2935459274012666 1.4866894506688586 -8.19591229419587e-7 13175.848874782208 8.591918638896496e8
7300 271267.8953077494 36.9019299233186 0.04093437695943675 1.1304804478118464 1.7660994500521832 0.07537353408749868 1.2418279456251513 1.5774246279886004 0.04093437695943675 1.1471383664818688 1.7495033371003612 0.07537353408749868 1.2833514185150041 1.532325143226365 -8.513296032184468e-7 13175.848874782196 8.591918638881131e8
7350 273115.2535331884 36.99764514488317 0.04014190069343495 1.1266607754893543 1.8126307753486792 0.07424009379352595 1.2227444394750653 1.5229125637059233 0.04014190069343495 1.1435925149720503 1.7934207512107379 0.07424009379352595 1.2645771876880547 1.5000775586997475 -9.111969081073971e-7 13175.848874782208 8.591918638864843e8
7400 274968.4682798563 37.13482178160961 0.039656020210244385 1.111648611885569 1.8701047656633052 0.07371957294791832 1.1971327225482755 1.4588439040522108 0.039656020210244385 1.12752203883293 1.8498210386639806 0.07371957294791832 1.2369398374687006 1.4453425861666633 -9.649762500709885e-7 13175.848874782136 8.591918638847433e8
7450 276814.5197203435 37.161572702562495 0.03968158933918246 1.0887996701085074 1.9296732537511103 0.07419459556146242 1.1646822462295268 1.3885572555997094 0.03968158933918246 1.1024822484464127 1.909840642376956 0.07419459556146242 1.2002053146422182 1.3824090592720375 -9.969603186895164e-7 13175.8488747822 8.591918638829318e8
7500 278670.42970725725 37.0792867270021 0.04037018915575705 1.0611001896780918 1.9812761026559724 0.07560266362585959 1.1655964836302768 1.4719002522813525 0.04037018915575705 1.0716494739377282 1.9629678619663138 0.07560266362585959 1.2005906110167832 1.4712911551898327 -1.0378559385517199e-6 13175.848874782138 8.591918638810465e8
7550 280522.7067239609 37.016862658332606 0.04175619095475157 1.0315631116961521 2.0148988232383918 0.07803485489988392 1.1959452699059787 1.5968889043868977 0.04175619095475157 1.0382834929882545 1.9985016972359726 0.07803485489988392 1.2351613940380648 1.602948749105671 -1.1068491406844118e-6 13175.84887478218 8.591918638790647e8
7600 282372.50270237937 36.98060238623014 0.04373077332624518 1.002368307417474 2.0252629705542033 0.08131970326778243 1.1719498935864818 1.6264479468985837 0.04373077332624518 1.0048071425850287 2.0105637181364484 0.08131970326778243 1.2164441856167922 1.6248240845720865 -1.1893117451899483e-6 13175.848874782168 8.5919186387694e8
7650 284221.2907686732 36.976944878305396 0.046067779017409986 0.9748465334437545 2.012844174699238 0.08553517664799976 1.144101138163789 1.6826025660884911 0.046067779017409986 0.9727993061324678 1.9993174767890878 0.08553517664799976 1.191987270733318 1.6639997735006957 -1.2674889034945976e-6 13175.848874782238 8.59191863874674e8
7700 286044.9867973089 37.01105920253565 0.04844657320615739 0.9497471047271212 1.9835843390773515 0.08973621997120072 1.113628659746673 1.7322597491850582 0.04844657320615739 0.943314887645054 1.9706818429762187 0.08973621997120072 1.1628223939090623 1.7034326686937529 -1.3375407811789932e-6 13175.848874782165 8.591918638722923e8
7750 287892.6867054293 36.866656030408315 0.050642204464868806 0.925942932799378 1.9447421079532992 0.09362402654876263 1.0885344104979016 1.7767647050276394 0.050642204464868806 0.9153363099361912 1.9320860461324005 0.09362402654876263 1.128566673971142 1.7369066814937433 -1.4076982014089484e-6 13175.848874782168 8.591918638697577e8
7800 289732.06710175716 36.7198372676856 0.052369628248524765 0.9027004347153905 1.9050155874273433 0.09657310424710888 1.0646015052314317 1.739015227480811 0.052369628248524765 0.8883925209764635 1.8924153063124274 0.09657310424710888 1.089995145243586 1.6884221586378236 -1.4781084895747344e-6 13175.848874782214 8.591918638671027e8
7850 291565.4228507324 36.62533230116814 0.053468763999240033 0.878397784100926 1.8708051773365844 0.098356049995346 1.0948283895613504 1.6387277199672916 0.053468763999240033 0.8609737475499455 1.8582399555988651 0.098356049995346 1.084628214006949 1.6016569121507787 -1.5321818418353524e-6 13175.848874782218 8.591918638643389e8
7900 293395.4615832704 36.58642199020016 0.05387127821506843 0.8514585075011917 1.8459992704559436 0.09861872906959424 1.0841954406984617 1.5340081414563396 0.05387127821506843 0.8315427599765827 1.8335706464286479 0.09861872906959424 1.0780518631516285 1.5085467527338337 -1.5421611784269296e-6 13175.848874782192 8.591918638615187e8
7950 295223.68225991126 36.60420909655158 0.05360313684090663 0.820981642065631 1.8321268617772297 0.09738764696445579 1.067542515880363 1.4243629638082485 0.05360313684090663 0.7991880648486454 1.8200199378421593 0.09738764696445579 1.0656545247430809 1.408465278671193 -1.4985766899045257e-6 13175.848874782136 8.591918638587322e8
8000 297055.5354972908 36.67746020158308 0.05277862738481528 0.7874396245378595 1.828834885699758 0.09556102727135421 1.045584491373044 1.3089531007264759 0.05277862738481528 0.764381435680944 1.8172897898147897 0.09556102727135421 1.047859535865104 1.3005741518690097 -1.426367708360179e-6 13175.848874782172 8.591918638560517e8
8050 298892.3908825788 36.80243074269453 0.0515891985787132 0.7536919777957486 1.8345340726515884 0.09307317693971041 1.018896289209773 1.1992229096419702 0.0515891985787132 0.7301105840972781 1.8238176675533417 0.09307317693971041 1.024946942778972 1.1933307686846748 -1.3449472918474482e-6 13175.848874782154 8.591918638535042e8
8100 300736.68789756065 36.973022425123666 0.05027983399018548 0.7254822964263553 1.8468531447040137 0.09099182871799329 0.9877071453074956 1.3281641850946737 0.05027983399018548 0.7024776752929663 1.8372270849045134 0.09099182871799329 0.9968852620875072 1.3254776944743443 -1.2399472946382216e-6 13175.848874782185 8.591918638511151e8
8150 302585.8591622692 37.180764883663215 0.04911397289700352 0.7109122609582192 1.8629726100195518 0.08961854915445784 0.9624789253192537 1.426981343974106 0.04911397289700352 0.690116404639467 1.8546513637161495 0.08961854915445784 0.9785699130646055 1.4299873985811955 -1.0947538027944909e-6 13175.84887478214 8.591918638489487e8
8200 304450.8440652807 37.417996716340554 0.04831124613575207 0.7177553828894091 1.8800371900663106 0.08865185546866826 0.9225655226561408 1.4815216700676028 0.04831124613575207 0.7011586051874639 1.87315469295354 0.08865185546866826 0.9434537886757405 1.4856669631005353 -9.215713787180781e-7 13175.848874782198 8.591918638470715e8
8250 306327.3152316319 37.58130975900565 0.048013326891955956 0.7497689846890596 1.8950705936535241 0.08840866843013848 0.9309204518778651 1.5253460306355469 0.048013326891955956 0.7390467873048754 1.8896240157898967 0.08840866843013848 0.9406085552467984 1.5260737264189248 -7.596983463813454e-7 13175.848874782143 8.591918638454944e8
8300 308206.9253723709 37.606184645896604 0.04823573130110856 0.8039350049819343 1.9053111961229738 0.08947775365132879 0.9415093000609265 1.5578022640285654 0.04823573130110856 0.7998343453206941 1.901115001917013 0.08947775365132879 0.9806880904435372 1.5534269091149329 -6.310690184125546e-7 13175.84887478213 8.591918638441931e8
8350 310088.3556333336 37.65419337632573 0.04887684960956659 0.8723882006661593 1.9086317858520176 0.09086757343759595 1.0451488432661094 1.5846492446211304 0.04887684960956659 0.8747501856440282 1.90529198180564 0.09086757343759595 1.0772846840564443 1.5700106787714927 -5.215004240973554e-7 13175.848874782232 8.591918638431075e8
8400 311944.8696673252 37.69407971466389 0.04975497152531113 0.9449060984150764 1.9040050254545853 0.0927337682733589 1.14072239621162 1.6072905803027435 0.04975497152531113 0.9529681524926042 1.900910820383392 0.0927337682733589 1.166513673266786 1.5776575055824544 -4.414138059730893e-7 13175.848874782214 8.591918638422241e8
8450 313825.32963061094 37.53023944847989 0.05071423206501493 1.0153642080969059 1.891666555169041 0.09423729123019585 1.1760032480970934 1.6250049216250275 0.05071423206501493 1.028321657283859 1.8880335656974883 0.09423729123019585 1.1997243307769077 1.5779302544962632 -4.0646589478681975e-7 13175.848874782214 8.591918638414291e8
8500 315698.0574160201 37.38552722895215 0.0515874133638488 1.0763978163534433 1.8740775619725434 0.09545253937154335 1.1832252139888633 1.5601509168967076 0.0515874133638488 1.0933272713060196 1.8690583719663796 0.09545253937154335 1.2079188400767016 1.5382308439110783 -3.8425568856254434e-7 13175.848874782208 8.591918638406898e8
8550 317564.1909714519 37.26724150933285 0.05226862900947099 1.12386853473082 1.8558397524938184 0.0959882974321663 1.1771139278906506 1.4792445826902254 0.05226862900947099 1.1438890177422307 1.8487705413789788 0.0959882974321663 1.2040883286397912 1.4683433482580446 -3.739747689212109e-7 13175.848874782178 8.591918638399934e8
8600 319425.2546716829 37.18339312831472 0.052699043285580616 1.1552175035633843 1.8430311389551413 0.09718826114967322 1.1581704875134868 1.4035657860426058 0.052699043285580616 1.177490075947798 1.8337453173135005 0.09718826114967322 1.1859887852865791 1.3980148859611092 -4.0470801229224274e-7 13175.848874782165 8.591918638392724e8
8650 321277.6736084182 37.14184944309301 0.05285966710838616 1.169091198907023 1.8413098219222421 0.09813033686220816 1.1329972524564478 1.327954259479047 0.05285966710838616 1.1927965442163122 1.830365716178371 0.09813033686220816 1.157360563685436 1.3266284926281096 -4.2636595216149827e-7 13175.848874782192 8.591918638384925e8
8700 323134.7325044018 37.148950694204565 0.05276601310194409 1.1652055767981058 1.853295449712562 0.09831617350257572 1.1934155054990394 1.37791124438272 0.05276601310194409 1.1895317016130156 1.8418632571159137 0.09831617350257572 1.2169070277943208 1.4049622066624874 -4.2134584887252083e-7 13175.848874782256 8.591918638377073e8
8750 324993.49308723287 37.20938889716232 0.052462961973788615 1.143959133932627 1.8768346027899945 0.09791075436634908 1.2238653501747234 1.398729228207571 0.052462961973788615 1.1680634830947774 1.866246556913562 0.09791075436634908 1.2554443543656355 1.4252627187063411 -4.3727773692178504e-7 13175.848874782178 8.591918638369129e8
8800 326856.6806370481 37.32499267426652 0.05202882542644483 1.106600788463813 1.9055627797016172 0.09709798966398803 1.2414162185504067 1.45148635790053 0.05202882542644483 1.1295926141373562 1.896760555666003 0.09709798966398803 1.2797882731790795 1.445313820789603 -4.4826391180709727e-7 13175.848874782141 8.591918638360802e8
8850 328694.7411849916 37.49136976081799 0.05158327267916622 1.0561668629106977 1.93126389577198 0.0961580131989299 1.2475446210761871 1.5379768467235735 0.05158327267916622 1.077129613495477 1.9244974760013178 0.0961580131989299 1.2910152498097687 1.5287570291516863 -4.313529651323144e-7 13175.848874782156 8.591918638352745e8
8900 330574.7032861438 37.71070609630586 0.0512511093923325 0.9937484878800114 1.9484889323979322 0.09547087922870949 1.2437077659064488 1.629226973053477 0.0512511093923325 1.0116066260642638 1.9435139223985054 0.09547087922870949 1.290551955973284 1.6122458151788412 -4.4316739578852737e-7 13175.84887478216 8.591918638344582e8
8950 332466.34685264906 37.915786803485524 0.05119667240832957 0.9239818202280964 1.9532066308453444 0.09513184399509364 1.2305995235385858 1.6825414894830037 0.05119667240832957 0.9375896153379631 1.9494233032252244 0.09513184399509364 1.2789173520661696 1.6404677013649507 -4.791302304598615e-7 13175.848874782208 8.59191863833589e8
9000 334364.08963213104 37.993221352274325 0.05155503795868965 0.852030917174844 1.9449915031678924 0.09571764259416436 1.1913164072852045 1.658897252430045 0.05155503795868965 0.8601906739631391 1.9417223707229383 0.09571764259416436 1.2401506241583626 1.618755797692365 -4.843989885405727e-7 13175.848874782158 8.591918638326681e8
9050 336265.10775526566 37.9985111782884 0.05239208247858436 0.7837857845111518 1.9259399646187787 0.09715791915775464 1.0949441413717171 1.621547182101753 0.05239208247858436 0.7853521478737908 1.9225909447898404 0.09715791915775464 1.1449041256873305 1.60605841904059 -4.917072140720918e-7 13175.848874782138 8.59191863831741e8
9100 338135.30866562756 37.877947555626285 0.05364525549300694 0.7261827598713606 1.9001836292570835 0.09925958719542548 0.9970215369444634 1.5815337171844388 0.05364525549300694 0.7204294290173829 1.8963260532461181 0.09925958719542548 1.0462957418908025 1.5793663436874428 -5.392648782994303e-7 13175.848874782168 8.591918638307836e8
9150 340023.8920631564 37.64536711550401 0.05520057990225171 0.6825452684036062 1.8713871151829473 0.10187254743591007 0.8933977709591168 1.531769026594411 0.05520057990225171 0.6691981180301382 1.8667500029406314 0.10187254743591007 0.9406108692349944 1.5331903150137125 -6.127968914357488e-7 13175.848874782163 8.591918638296993e8
9200 341900.09556164214 37.415089935839305 0.05681291442672591 0.6562903592180459 1.8443931356686964 0.10445882426042102 0.8535801778681589 1.4647184890932756 0.05681291442672591 0.6361601354338041 1.8388755471791651 0.10445882426042102 0.8544783265416055 1.4678373509344036 -6.919420130203698e-7 13175.848874782174 8.591918638284734e8
9250 343766.0096595337 37.233561787484334 0.05822849080536778 0.6465837555104348 1.8232347788614724 0.10642613516038803 0.8988094997414843 1.3807891481942463 0.05822849080536778 0.6214263791987502 1.8168786113923983 0.10642613516038803 0.894942282729976 1.3838519812272156 -7.544252058508243e-7 13175.848874782212 8.591918638271161e8
9300 345600.0 12.946806981693953 0.059202066720424676 0.6499798865691492 1.8113629699858085 0.10785967237549171 0.9142769694975612 1.251947074141687 0.059202066720424676 0.6221026873860488 1.804335783379475 0.10785967237549171 0.9074183891233221 1.2557657250941832 -7.77975932525708e-7 13175.848874782168 8.591918638257104e8
9350 347453.00797098025 37.02531051598363 0.05957575619525203 0.6624960888549153 1.8109284534089518 0.10828078877495358 0.9236029792087294 1.1690304093319046 0.05957575619525203 0.6341470819850981 1.8034688175637261 0.10828078877495358 0.9147149226134249 1.172527705602717 -7.777395267755562e-7 13175.84887478214 8.591918638242668e8
9400 349303.27638896357 36.99369214949601 0.05921971206995406 0.6808808053306348 1.8235373896015097 0.10738677059891251 0.9406137491242614 1.2818288121676855 0.05921971206995406 0.6540407045642197 1.8159480662949854 0.10738677059891251 0.9312362659766537 1.2836399150141682 -7.950590890232239e-7 13175.848874782174 8.591918638228168e8
9450 351153.0877597779 37.00527556519307 0.0581042127503845 0.7034448024607726 1.8491904078841395 0.10543094115767271 0.9511664756278121 1.4097579401316278 0.0581042127503845 0.6796648040042502 1.8417834845573042 0.10543094115767271 0.9411980808981923 1.3934772149599348 -8.49542304827186e-7 13175.848874782205 8.591918638213018e8
9500 353004.4617279545 37.05449413021528 0.05628739074486811 0.729982673211696 1.886219046959428 0.10222020060510825 0.9556494375680759 1.5317206998732469 0.05628739074486811 0.7103848495690658 1.8792618099019878 0.10222020060510825 0.9737105294145109 1.5067442897273926 -9.213199227505946e-7 13175.848874782181 8.591918638196642e8
9550 354833.929608522 37.13444580305772 0.05394693323300354 0.7607155579425193 1.9303949060685572 0.09799200404946604 1.0275708766038791 1.6450054487894632 0.05394693323300354 0.7459499853680652 1.9240379615034102 0.09799200404946604 1.0793891666758832 1.609404821641659 -9.756210729436674e-7 13175.848874782183 8.591918638179258e8
9600 356693.2975569673 37.24220020502875 0.05123105011931803 0.7973329968172987 1.977371273331645 0.09328358269661838 1.1019716308080725 1.7529122351978452 0.05123105011931803 0.7878164041231914 1.9716047560424665 0.09328358269661838 1.1473603741715437 1.7044657535468084 -1.0083599087355511e-6 13175.848874782194 8.591918638160746e8
9650 358558.64131370175 37.37234129342737 0.0484342169735261 0.8398854821093682 2.019079863142743 0.08865768114537806 1.1514889743602952 1.779460359308517 0.0484342169735261 0.8356444549487793 2.013634127378375 0.08865768114537806 1.1920051213659453 1.7452561985558825 -1.0325445934071708e-6 13175.84887478223 8.591918638141724e8
9700 360430.9817868061 37.52114365213354 0.045837508115273776 0.888027184898714 2.0468356440461726 0.08445486085749512 1.1952545594352273 1.7335387483985747 0.045837508115273776 0.8888162513978273 2.041134784001574 0.08445486085749512 1.2322070574134125 1.7106215395568416 -1.0342571403958009e-6 13175.848874782138 8.591918638122318e8
9750 362310.49842276546 37.61150144194647 0.043688685816445146 0.9404563222218921 2.0523383634642234 0.08091525193437077 1.233070738248044 1.699203857448222 0.043688685816445146 0.945815450444349 2.045518892471645 0.08091525193437077 1.2679869038067628 1.6905875612619017 -1.025710128573824e-6 13175.848874782147 8.591918638102968e8
9800 364157.84775579924 37.57043678070433 0.04217222925788981 0.9938116739376345 2.030940999072852 0.0781435559444608 1.263774771522899 1.668473990950541 0.04217222925788981 1.0030442719664103 2.022072384811848 0.0781435559444608 1.2979136906126578 1.6692927520389074 -1.037184141310707e-6 13175.848874782136 8.591918638083946e8
9850 366034.865694189 37.46599398603029 0.04126336364429945 1.0469540386257865 1.982408452082276 0.0767805813960728 1.2875035843585925 1.6301543925395185 0.04126336364429945 1.0593851685395603 1.9707248011821852 0.0767805813960728 1.3212885166685098 1.6391303180230525 -1.0299569251075205e-6 13175.848874782136 8.591918638064501e8
9900 367901.9486452939 37.22855502843757 0.04090180965556331 1.0953494991866848 1.9143705148981816 0.07647659724739134 1.2365568545792214 1.470370845821039 0.04090180965556331 1.110145565638137 1.899795242749279 0.07647659724739134 1.27327843677653 1.473201344591375 -9.992256519089418e-7 13175.848874782188 8.591918638045543e8
9950 369758.2006072322 37.032809152210554 0.040917130628289944 1.1354645412021198 1.8392384376509858 0.07667824218633808 1.1752153121971516 1.33568497749608 0.040917130628289944 1.1517404856611408 1.822574740758231 0.07667824218633808 1.209579620604497 1.357726609381124 -9.820433233614739e-7 13175.848874782112 8.591918638027188e8
10000 371593.77044668555 36.88395842880452 0.04112307461504358 1.163852894896622 1.770620518002039 0.07717518900537125 1.1082765948882742 1.3253137730276747 0.04112307461504358 1.1806757134261086 1.7533845537281654 0.07717518900537125 1.135303628524907 1.3106006972052782 -9.324474660703827e-7 13175.84887478219 8.591918638009506e8
10050 373435.1737330873 36.78234243627586 0.041364128266516566 1.1779797813508497 1.7175818080161886 0.07782235884037046 1.136299109059445 1.4110214789883186 0.041364128266516566 1.1943619121894478 1.7014968130927959 0.07782235884037046 1.1651629783232524 1.3854494851963457 -8.495729915749283e-7 13175.848874782132 8.591918637993138e8
10100 375272.7377943116 36.72927803670324 0.04152153111612528 1.175314279121097 1.6852202688857052 0.07849629776641692 1.172570910274215 1.474421344443304 0.04152153111612528 1.1901818370407822 1.6716626511717934 0.07849629776641692 1.198921455941171 1.4290694045208225 -8.287003560026048e-7 13175.848874782143 8.591918637977818e8
10150 377108.8528158273 36.72300855688504 0.04152014699700787 1.1544581383380912 1.6729056100332795 0.07899701768150695 1.1959342599705212 1.4524499651433105 0.04152014699700787 1.1666551909306024 1.662543431983163 0.07899701768150695 1.2186418243799986 1.4145876591454374 -8.50398221015431e-7 13175.848874782178 8.591918637962439e8
10200 378945.77943376283 36.76021281165892 0.041324193097001694 1.1152770124402032 1.6765872013381644 0.0788435167981504 1.1489803609753546 1.4295023712256993 0.041324193097001694 1.1236040089756045 1.669356130060679 0.0788435167981504 1.171300660261162 1.4043295826586555 -8.513355361789527e-7 13175.848874782141 8.591918637946742e8
10250 380749.13814932393 36.83461946461399 0.04094517290483246 1.0606116035874542 1.6905868114233262 0.07837465679611766 1.095001531143231 1.429394676971072 0.04094517290483246 1.0640441418160256 1.685847644681714 0.07837465679611766 1.116340963762774 1.4097501166619784 -9.086962210901874e-7 13175.848874782136 8.591918637931021e8
10300 382593.534659821 36.9443055961925 0.04041001011255034 0.9920105550410284 1.710515742673425 0.07755160715223555 1.0507234489335768 1.4324474530135753 0.04041001011255034 0.9895965607429533 1.707456461060616 0.07755160715223555 1.0776622643373983 1.4202694738670216 -1.0445276315361813e-6 13175.848874782218 8.591918637913083e8
10350 384444.1762525398 37.08299598433718 0.03981508475090694 0.9168543989815003 1.7322160268387645 0.07647135849849634 1.0611557728606666 1.4359394889409702 0.03981508475090694 0.9083195060741498 1.7298984770296248 0.07647135849849634 1.0847677162862146 1.4305233665361141 -1.153225172094046e-6 13175.848874782116 8.59191863789263e8
10400 386297.6584158631 37.033303704584874 0.03930536121539597 0.8442416703723576 1.7529692147767126 0.07522323391495776 1.066428099993632 1.4372543154627302 0.03930536121539597 0.8302807837153786 1.750528221190838 0.07522323391495776 1.0852265756344874 1.4376836819980239 -1.228192445515821e-6 13175.848874782168 8.59191863787061e8
10450 388147.92622855835 36.98392390656245 0.03906855980196443 0.7843212210103188 1.7712471747084058 0.07492855881767725 1.0550953935392844 1.4187359753723687 0.03906855980196443 0.7667838518176054 1.7679818493764476 0.07492855881767725 1.0687169768049405 1.4222414280103097 -1.3394022442280964e-6 13175.848874782168 8.591918637846906e8
10500 389982.9969661769 36.96535970004086 0.03929444529604953 0.7451425734082605 1.786455641426925 0.07497627768316509 0.9970471151643603 1.342181978455491 0.03929444529604953 0.7266549604798545 1.7818852919936592 0.07497627768316509 1.007953781525407 1.3420115772303203 -1.4804552721435124e-6 13175.848874782158 8.59191863782104e8
10550 391831.35014024226 36.97257590343204 0.04013255990559926 0.7289129669820213 1.7989413289448328 0.0760526965775088 0.9399789583315421 1.2560729304940794 0.04013255990559926 0.7119148416152883 1.7927921846401194 0.0760526965775088 0.9487997416806601 1.251339146104287 -1.6048055012574432e-6 13175.848874782192 8.591918637792487e8
10600 393680.63412629196 37.00151099025567 0.04162503421975301 0.7328437923835293 1.8090446220734524 0.07808625349496802 0.9130706784729785 1.1674470712057912 0.04162503421975301 0.7186859354481476 1.8012808744139115 0.07808625349496802 0.9323497635743726 1.1669171342607387 -1.6814716383890024e-6 13175.848874782234 8.591918637761977e8
10650 395531.84512597136 37.04882719577182 0.04367747091650942 0.7501081266432066 1.8173585031843116 0.08087506476610384 0.9119864657979895 1.2790735128086161 0.04367747091650942 0.7388834692536634 1.8081588515274096 0.08087506476610384 0.9242905032296552 1.272544061574914 -1.6885713743123666e-6 13175.848874782194 8.591918637730705e8
10700 397385.84148919565 37.11233031851213 0.046075520703378434 0.7736977071409261 1.8244370724095749 0.08456652512935024 0.9488693781429379 1.3928579516148951 0.046075520703378434 0.7647731311869739 1.8141567136926968 0.08456652512935024 0.9536252172900346 1.3751604207519765 -1.635679968732729e-6 13175.848874782185 8.591918637699866e8
10750 399223.1383936476 37.155098820837225 0.048510014700331665 0.7982974807499811 1.8305680735236611 0.08852655540900034 0.9658234177928284 1.5144486347648634 0.048510014700331665 0.7909127631170956 1.819676686659589 0.08852655540900034 0.9636237259077365 1.4708445679142685 -1.5875910372028621e-6 13175.848874782165 8.591918637670233e8
10800 401077.5829187696 37.03204187979846 0.05073612990819633 0.8216683372913364 1.8358117702957781 0.09206878121999479 0.9488380024119507 1.6105303724714088 0.05073612990819633 0.8153479302683312 1.8247788227554729 0.09206878121999479 0.9420624824452857 1.568783443214448 -1.5766601490093837e-6 13175.84887478217 8.591918637640955e8
10850 402926.980048129 36.95325100639212 0.05247616701164358 0.8426217844679555 1.8393923592200865 0.09511270974884613 0.930020717590661 1.6109759801089412 0.05247616701164358 0.8372568489439738 1.8285825045725006 0.09511270974884613 0.9186868476899162 1.581116086164959 -1.552060159924259e-6 13175.848874782103 8.591918637611912e8
10900 404773.6775057696 36.92382314750396 0.053558413610419596 0.8613732745293248 1.8397605923983256 0.09674313447091297 0.9377210753531329 1.6055469274869705 0.053558413610419596 0.8572237301659236 1.829300306345359 0.09674313447091297 0.9532939390339309 1.5877944362853316 -1.45988617637116e-6 13175.848874782176 8.591918637584019e8
10950 406597.17424995714 36.94693656302186 0.05389783778327459 0.878402413166195 1.8346438353570214 0.09721013647773576 0.9737637741252384 1.595041954907353 0.05389783778327459 0.8759820545969972 1.824341321802087 0.09721013647773576 0.9855872411565616 1.588470151193442 -1.3260500153484178e-6 13175.848874782183 8.5919186375586e8
11000 408446.2870272362 37.02529821232997 0.05350735358376601 0.8949025067904127 1.8212045524887266 0.09700688173190258 1.0049258081101753 1.5855775477356022 0.05350735358376601 0.8949333245708503 1.8105734000038758 0.09700688173190258 1.013006166562421 1.585970404343364 -1.20179615878958e-6 13175.848874782203 8.591918637535294e8
11050 410300.7361210935 37.15913277949101 0.052470284605045714 0.9112451569374818 1.7973392736119589 0.09566146752916257 0.9996561331590151 1.5022743877146998 0.052470284605045714 0.9144753995795489 1.7857366596269257 0.09566146752916257 1.0066186655233642 1.5010820830300946 -1.0909592540344279e-6 13175.848874782196 8.591918637514017e8
11100 412158.09096210403 37.11195220991103 0.050963691989119875 0.9275929485858154 1.7627328419556154 0.0935478693170563 0.9636051187095385 1.3656075480914507 0.050963691989119875 0.9346803597368027 1.74961814732361 0.0935478693170563 0.9716467258966536 1.3569160928229984 -9.696480466794848e-7 13175.848874782145 8.591918637494838e8
11150 414012.465401474 37.0705884487105 0.049230883215842264 0.9434936901908431 1.7195474908100767 0.09097917911206874 1.0025615010250273 1.238381524324169 0.049230883215842264 0.9548739949712112 1.7047343246402333 0.09097917911206874 1.026966303636489 1.224997578039652 -8.416377263403703e-7 13175.848874782158 8.591918637478086e8
11200 415831.9590780238 37.06750417361862 0.04756053625568706 0.9575818852607051 1.672674056186491 0.08828063120801144 1.07030997836413 1.223365649859524 0.04756053625568706 0.9733001170846614 1.6564744328280754 0.08828063120801144 1.0911298216555554 1.2103303327787704 -7.239140161451314e-7 13175.848874782183 8.591918637463838e8
11250 417685.9936118459 37.09868716369557 0.04612165995001638 0.9684564418082142 1.6252614284581923 0.08609598833380763 1.1326680112462246 1.3281229643911228 0.04612165995001638 0.9883264104537347 1.608394226935962 0.08609598833380763 1.1509527856836952 1.3084193185364525 -6.346143723554779e-7 13175.848874782141 8.591918637451332e8
11300 419542.3826067141 37.16035914620404 0.045110844468086705 0.9730943252442379 1.5830387789802012 0.08422740834116775 1.1872590840385284 1.3522238917007954 0.045110844468086705 0.9963764286572021 1.566597059670543 0.08422740834116775 1.2064094069041593 1.3146331543452046 -5.725024538103426e-7 13175.848874782183 8.59191863744009e8
11350 421402.539180223 37.24811562798559 0.044590146597063056 0.9681841044955296 1.5499938238762025 0.08333708764475013 1.1841604570766273 1.345309314280478 0.044590146597063056 0.9936098856814671 1.5352247069890679 0.08333708764475013 1.2067933837478584 1.315585563009661 -4.953409619215042e-7 13175.848874782212 8.591918637430141e8
11400 423267.65128888126 37.35738858088234 0.044516804262972776 0.9503120879756317 1.5287202054483022 0.0824836898425154 1.1528588092781997 1.325447297783982 0.044516804262972776 0.9760662517193766 1.5168032091745354 0.0824836898425154 1.179066099486984 1.3036717046782471 -4.201221033171032e-7 13175.84887478215 8.591918637421668e8
11450 425118.8799425155 37.48235923652518 0.04476769348067566 0.9171352388920495 1.5202543594347249 0.08311958458841963 1.1131669959074488 1.2965666915290104 0.04476769348067566 0.9409465708696867 1.5120471369559012 0.08311958458841963 1.1415235439789686 1.281758442385253 -3.9528461300817194e-7 13175.848874782141 8.591918637414181e8
11500 426996.0230296404 37.55818774356049 0.045196756655379346 0.8667520340663739 1.523939526241995 0.0841688488984217 1.064595725931285 1.2609782554440516 0.045196756655379346 0.8860030253547616 1.5199491366358666 0.0841688488984217 1.0937504626117893 1.252137886950185 -3.913379881158619e-7 13175.8488747822 8.591918637406793e8
11550 428872.29823356634 37.50030658963566 0.045652463032523134 0.8011099133775844 1.5381807323044943 0.08575484271269768 1.0077844914818754 1.2215274973854866 0.045652463032523134 0.8132718365106526 1.5383663032292798 0.08575484271269768 1.036571611765173 1.224617813443951 -3.89172684189194e-7 13175.848874782201 8.591918637399533e8
11600 430746.67942211026 37.48221456863463 0.04601373691619561 0.7252041296503017 1.5604473817396844 0.08697946990055985 0.9425214310162878 1.2096101123643694 0.04601373691619561 0.728376578027717 1.5643065049499405 0.08697946990055985 0.9701748149506169 1.2088556123637888 -4.1225799002606625e-7 13175.848874782141 8.591918637392018e8
11634 432000.0 16.266209610446822 0.04615882381906004 0.6727681705722396 1.5784719233843902 0.08729408284006214 0.8644816348966117 1.1659691291162417 0.04615882381906004 0.6694936499244125 1.5843272377182602 0.08729408284006214 0.8917030185195135 1.168212622013285 -4.254507017428734e-7 13175.848874782194 8.59191863738678e8
