#timestep time dt l2_h l2_h_vcon1 l2_h_vcon2 linf_h linf_h_vcon1 linf_h_vcon2 dsdu_ut mass entropy 
0 0.0 100.0 0.0 0.0 0.0 0.0 0.0 0.0 1.7525248573411591e-13 9507.350780128016 7.387780849071587e8
50 1274.4786137681083 25.479854517251244 1.0749158337062732e-6 1.257117509702704e-10 2.738170500298742e-10 7.607898851347272e-6 1.6957181492305295e-9 2.7073189662329966e-9 5.78937165354336e-13 9507.350780127997 7.387780849071656e8
100 2548.1392926827775 25.468513545631126 1.3433820709440812e-6 2.376044340737844e-10 4.0394668832492734e-10 1.117137617256958e-5 2.5431094938244136e-9 3.467872336515576e-9 1.8104035932726512e-14 9507.350780128028 7.387780849071692e8
150 3821.4962748985117 25.4675172641836 1.4851521631695398e-6 2.5686855759342736e-10 3.623740207961889e-10 1.163491424449603e-5 4.066820269432725e-9 3.225116049221377e-9 -1.253831560237365e-12 9507.35078012806 7.387780849071732e8
200 5095.06901835221 25.47694411647644 1.276297069874712e-6 2.6824684452619445e-10 3.639207867365258e-10 1.2260861694812775e-5 5.260692215180995e-9 4.539386033730608e-9 7.138779466928028e-13 9507.350780128056 7.387780849071717e8
250 6369.3795180475245 25.496817841927427 1.1046931832312389e-6 2.9413653235401905e-10 3.7768931856743235e-10 1.0553915899436106e-5 6.751455061682066e-9 4.9293831239083374e-9 -1.4999289014359262e-12 9507.350780128047 7.38778084907167e8
300 7644.949504588629 25.527104765631698 1.0853906686594923e-6 3.1909694213212537e-10 3.9628731707841874e-10 9.384363693243358e-6 8.210337687497571e-9 5.269529826379404e-9 -1.1099813877687837e-13 9507.350780128061 7.387780849071652e8
350 8922.297490284502 25.567710432254074 1.0561868031977505e-6 3.29500968824408e-10 3.9111869336977484e-10 7.303267921088263e-6 9.535930434179107e-9 6.649269496117327e-9 1.219432647569969e-12 9507.350780127983 7.387780849071698e8
400 10201.935630846943 25.61847561495434 1.213586542231234e-6 3.4393537248640505e-10 3.9491875287240554e-10 1.0376732461736538e-5 1.01467517721332e-8 7.625719278259169e-9 5.907383395200748e-13 9507.350780128047 7.387780849071647e8
450 11483.466244642592 25.61446038338378 1.547921178641064e-6 3.720269421466073e-10 4.034796154151205e-10 1.2623757356777787e-5 1.0164410979562888e-8 9.238703080338695e-9 -2.5031871266069443e-13 9507.350780128036 7.387780849071697e8
500 12762.871338299568 25.56442276259859 1.622081688708039e-6 4.179374990942834e-10 4.219092562925779e-10 1.4925564300938277e-5 9.7893523842707e-9 1.0735818470331004e-8 -1.0316045909551786e-12 9507.35078012803 7.38778084907168e8
550 14040.033216021255 25.524559543252135 1.4212329730514605e-6 4.6027492244316603e-10 4.435541349878437e-10 1.2042978596582543e-5 1.2094051760058733e-8 1.4038152109513424e-8 -6.978070610969404e-13 9507.350780128063 7.387780849071634e8
600 15315.464806621861 25.495024887900414 1.2446027798197118e-6 4.750676777400828e-10 4.493970508526297e-10 9.991056685976218e-6 1.3901858400555689e-8 1.708747665585264e-8 7.476182871230225e-13 9507.350780128023 7.387780849071696e8
650 16589.685084807323 25.475908468554323 1.2118560508355669e-6 4.816245716117394e-10 4.6376507536630667e-10 9.613868314772844e-6 1.5611862844155944e-8 1.9313743909732395e-8 -1.2558733256180292e-12 9507.350780128003 7.387780849071702e8
700 17863.215950383234 25.46723943555939 1.2880334394312048e-6 4.911440688544592e-10 4.969528955866609e-10 1.1505743714224081e-5 1.6610474010136933e-8 2.1421447254921233e-8 -1.3899320221940572e-12 9507.350780127997 7.387780849071641e8
750 19136.57928961354 25.468989742024004 1.4577497758580493e-6 5.02985423006688e-10 5.219146866749124e-10 1.2325908301136224e-5 1.7857619286076876e-8 2.4045226171276468e-8 -1.1354407566527645e-12 9507.350780128016 7.38778084907169e8
800 20410.29418614769 25.48107680685863 1.6756386463080543e-6 5.256990419475305e-10 5.217340566428671e-10 1.6423317674707505e-5 1.9451745700282963e-8 2.754811147254177e-8 -1.1608111034174757e-12 9507.350780128021 7.387780849071633e8
850 21684.860373640575 25.49847839888703 1.7569813653079961e-6 5.507946638294003e-10 5.238527649628491e-10 1.6534525911993114e-5 1.8999512768624882e-8 2.9497416537127563e-8 -1.1599759227823937e-12 9507.350780127988 7.387780849071655e8
900 22959.22147410658 25.47806518955042 1.5736957703919607e-6 5.816615635851737e-10 5.418904983081582e-10 1.8651103346201126e-5 1.7822326309202552e-8 2.994282868873377e-8 6.50489890251037e-13 9507.35078012807 7.387780849071653e8
950 24232.82217269607 25.46788289271357 1.3911755874421387e-6 6.03786333071308e-10 5.60318728125769e-10 1.1894893077624147e-5 1.4398395614678705e-8 2.7206646990851624e-8 3.0217266129452973e-14 9507.35078012804 7.38778084907165e8
1000 25506.177426018345 25.46805677677959 1.3656017562441002e-6 6.24983239353166e-10 5.653279315827111e-10 1.2463607845347724e-5 1.299384493058664e-8 2.3267573395768792e-8 -1.1554640328987737e-13 9507.350780128018 7.387780849071695e8
1050 26779.80711352107 25.478659244968505 1.4626693184367303e-6 6.388602360270457e-10 5.813575319228497e-10 1.3404253422777401e-5 1.39829483061793e-8 1.9509274556961387e-8 4.693734313702028e-13 9507.350780127985 7.387780849071693e8
1100 28054.233342935295 25.49970771985205 1.5588297758966866e-6 6.552147845901945e-10 6.107909243601963e-10 1.4201224530552281e-5 1.3787206883109082e-8 1.9164123801762578e-8 -1.620086506919899e-12 9507.350780128038 7.387780849071647e8
1150 29329.97763335541 25.53116186825211 1.7028048324954069e-6 6.754868271779141e-10 6.333538690032959e-10 1.93053324437642e-5 1.2752796790804766e-8 2.0949113971324707e-8 -2.3182436738246114e-13 9507.35078012799 7.387780849071639e8
1200 30607.55794220094 25.572920156005946 1.855613906303899e-6 6.973784733535917e-10 6.39017425374776e-10 2.3590580894961022e-5 1.1650181222511158e-8 2.462507170397643e-8 -3.5604324809794536e-13 9507.350780128034 7.387780849071642e8
1250 31887.48550420333 25.624815786593672 1.8473499341145048e-6 7.215152987099609e-10 6.357956485322456e-10 1.9973713733634213e-5 1.3413701330233785e-8 2.5635947413504834e-8 -1.6439503278133843e-12 9507.350780128078 7.387780849071678e8
1300 33168.95207820573 25.608327085864858 1.7170654353767682e-6 7.386177979032083e-10 6.26526492951801e-10 1.5196630783975706e-5 1.502018218135781e-8 2.6466912144557098e-8 -4.624373638838953e-13 9507.350780128056 7.387780849071659e8
1350 34448.07935394161 25.559424736868237 1.6437789905879595e-6 7.461176279052664e-10 6.132542990976588e-10 1.4563001968781464e-5 1.997382524654423e-8 2.80417751519213e-8 -1.869996363960239e-12 9507.35078012801 7.38778084907167e8
1400 35725.02073742596 25.520717491215898 1.7202944015041155e-6 7.540549828256091e-10 6.034920336610027e-10 1.6096360923256725e-5 2.3156172021532306e-8 2.9089163161577503e-8 1.8097287481749631e-13 9507.350780128005 7.387780849071681e8
1450 37000.289999998844 25.492352042662034 1.8090505274829968e-6 7.662387022347196e-10 6.145103438972517e-10 1.2982610314793419e-5 2.3546234267923793e-8 2.769879521580254e-8 -1.115221488160299e-12 9507.350780128048 7.387780849071673e8
1500 38274.40659784152 25.474411070254202 1.892322210264524e-6 7.892899288410709e-10 6.380186475596471e-10 1.6173582935152808e-5 1.9700358511176574e-8 2.4496561640274805e-8 -4.008890979070319e-13 9507.350780128018 7.387780849071695e8
1550 39547.89257317795 25.46691713349847 1.978943701385645e-6 8.167359051324368e-10 6.517259279619854e-10 1.6754908301663818e-5 1.5334970959735017e-8 2.307772178911094e-8 -1.1744147361916492e-12 9507.350780128054 7.38778084907166e8
1600 40821.26963393263 25.469835926152545 2.0000060864758468e-6 8.46478600939091e-10 6.513830915371329e-10 1.5443379425050807e-5 1.508830660412741e-8 2.522329617393737e-8 -3.104665554064691e-13 9507.350780128041 7.387780849071637e8
1650 42095.05637929217 25.483078867128604 1.9930895893958272e-6 8.686688983715397e-10 6.4382079234067e-10 1.6669645674483036e-5 1.7102740890173607e-8 2.5799503006185276e-8 7.325103719786126e-13 9507.350780128067 7.387780849071656e8
1700 43352.98342428137 25.495995267998797 2.004043305499862e-6 8.777564130293722e-10 6.409487565529348e-10 1.7612666169952718e-5 1.1775271258063214e-8 2.5719797486223328e-8 -1.0110333022007632e-12 9507.35078012806 7.38778084907167e8
1750 44627.24605568714 25.476592240125854 2.119026134833226e-6 8.867016885682436e-10 6.462655657647843e-10 1.655892083363142e-5 1.2822880091079014e-8 2.6506489531064048e-8 6.492153423821413e-13 9507.350780128032 7.387780849071652e8
1800 45900.799192285784 25.467434898588834 2.2644600614057486e-6 9.062217061861404e-10 6.609249582676974e-10 1.7933367416844703e-5 1.8239381005535904e-8 2.7978159344854703e-8 -1.8213446988989962e-13 9507.350780128092 7.387780849071697e8
1850 47174.1583979797 25.468643333916944 2.2868213057409564e-6 9.395998343739882e-10 6.89633737590524e-10 1.5981928299879655e-5 2.3206307542267268e-8 2.8195544010678475e-8 -1.0012738934156888e-12 9507.350780128047 7.387780849071681e8
1900 48447.84389621157 25.48028458940684 2.1913828171183772e-6 9.849410061067438e-10 7.00878150371278e-10 1.755372295519919e-5 2.7778899777675115e-8 2.8231970483627578e-8 -5.561106495784272e-13 9507.350780127992 7.387780849071673e8
1950 49722.377864779395 25.502370482105988 2.028456882617337e-6 1.033146354801089e-9 6.970758787654992e-10 1.6341974060196662e-5 3.369504381067756e-8 2.755120769026842e-8 -7.654992891440308e-13 9507.350780128 7.387780849071654e8
2000 50998.281604621705 25.53485475319033 1.928365364927836e-6 1.067196703116997e-9 6.964557754756589e-10 1.573387362441281e-5 3.350729196882618e-8 2.7019200446454228e-8 1.624797260731242e-13 9507.35078012809 7.387780849071656e8
2050 52276.07254945627 25.577629570247677 1.9258811641996875e-6 1.0869113541002803e-9 7.090324637458511e-10 1.6282308934023604e-5 3.525120551017835e-8 2.5921189306110648e-8 -7.71257967310968e-13 9507.35078012801 7.387780849071696e8
2100 53556.26108472873 25.630521409059185 1.9846788729419204e-6 1.1000024314770402e-9 7.493081457036246e-10 1.5143354175961576e-5 4.184527552242301e-8 2.6828918156529546e-8 -1.2108865241200995e-12 9507.350780128087 7.387780849071637e8
2150 54837.61278929824 25.603013800668805 2.1670803669271086e-6 1.112231822217508e-9 7.744502912375351e-10 1.7203456536662998e-5 3.8790487211226576e-8 3.0430558184413314e-8 -1.0293464922524186e-12 9507.350780128034 7.38778084907166e8
2200 56116.4999465414 25.555116675184344 2.261351960387571e-6 1.1319078552276165e-9 7.862519925415455e-10 2.0683240109065082e-5 3.3991785219900095e-8 3.617158556012967e-8 -3.257539506300512e-13 9507.350780128063 7.387780849071639e8
2250 57393.25194912515 25.517432228155904 2.1730898541404425e-6 1.1555388699155687e-9 7.940586050476345e-10 2.0003935787826777e-5 3.6795050367688376e-8 4.1944927420267675e-8 -7.585450343430337e-14 9507.350780128052 7.387780849071697e8
2300 58668.38327797978 25.49010059390035 2.04483152067094e-6 1.1792921656978273e-9 7.859060346947089e-10 1.9041463019675575e-5 3.742775647741503e-8 4.8688713227829084e-8 -9.497118990439738e-13 9507.350780128058 7.387780849071664e8
2350 59942.413782002746 25.473198312830917 1.9779704301896812e-6 1.194588846648723e-9 7.786884815458964e-10 1.8770009774016216e-5 3.713071231037368e-8 5.50323055459323e-8 -1.4438526241128687e-13 9507.350780128058 7.387780849071659e8
2400 61215.86559841673 25.46674216124433 1.9699291777775024e-6 1.2074528930745402e-9 7.867833786812386e-10 1.600249197508674e-5 3.8757459353000456e-8 5.8935192448483775e-8 5.3005492821804996e-14 9507.350780128061 7.387780849071671e8
2450 62489.260248365885 25.470692325573303 2.0373389807217e-6 1.214698282186546e-9 8.195024631504699e-10 1.6309062630170956e-5 4.172113687861412e-8 6.037906558065131e-8 -1.7958259819355024e-12 9507.350780128038 7.387780849071671e8
2500 63763.11587477679 25.484954937237294 2.1370327803933756e-6 1.2306689254570265e-9 8.572114424770792e-10 1.8210380403616e-5 4.287892607646171e-8 6.396175922240843e-8 2.370544168895428e-13 9507.35078012807 7.387780849071666e8
2550 65037.814038427205 25.49330479413142 2.2493618656447344e-6 1.2503911551443328e-9 8.817425468841261e-10 1.9663338662212482e-5 4.4727024028912155e-8 6.715106590227116e-8 -1.536009662098553e-13 9507.350780128018 7.387780849071676e8
2600 66311.97127719606 25.475047263783893 2.2021588865398704e-6 1.2722185121008176e-9 9.086251762422948e-10 1.9186522422387497e-5 4.1503153858091224e-8 7.043331975986611e-8 5.035942997990599e-13 9507.350780128023 7.387780849071652e8
2650 67585.47673094875 25.46705152731556 2.110022233929415e-6 1.2897466824153392e-9 9.205315783805506e-10 1.7612317606108263e-5 3.8529121781927245e-8 6.995474055582207e-8 -4.971535973312679e-13 9507.350780128043 7.387780849071653e8
2700 68858.84661970746 25.46943179334562 2.0481268336078196e-6 1.3038848497289695e-9 9.244675897220543e-10 1.3974283319839742e-5 3.25941412609998e-8 6.808218303011593e-8 2.7090914595688825e-13 9507.350780128043 7.387780849071704e8
2750 70132.60152373096 25.48224900876855 2.0980248911507933e-6 1.3116393875105433e-9 9.289378197933286e-10 1.5646362044208217e-5 3.160425360304586e-8 6.587059070417567e-8 -1.2021360326867458e-13 9507.350780127988 7.387780849071673e8
2800 71407.26366600864 25.505508614622016 2.2223937458417675e-6 1.3206889776604205e-9 9.41666945537543e-10 1.8691803234105464e-5 3.242982618556489e-8 6.624149483103192e-8 -1.4110324182218727e-12 9507.350780127996 7.387780849071684e8
2850 72683.35406513955 25.539157618275148 2.2950382370896857e-6 1.335594347500722e-9 9.6754369103855e-10 2.1786160687042866e-5 3.2594748886061176e-8 6.74861894145451e-8 9.558852958471852e-13 9507.350780128027 7.387780849071671e8
2900 73961.38952478595 25.583081008397464 2.356286625915566e-6 1.3591877327939032e-9 9.856865284301584e-10 2.3372751002170844e-5 3.137725670954161e-8 6.583933615661453e-8 -7.72644151789109e-13 9507.35078012805 7.387780849071704e8
2950 75241.87942855294 25.637097575332923 2.361347537708189e-6 1.3869146360117134e-9 9.938753286288197e-10 1.9477738987916382e-5 3.055197134171905e-8 6.568111501903395e-8 -5.754303340007344e-13 9507.350780127992 7.387780849071656e8
3000 76523.03526059371 25.597119004189945 2.276706242269881e-6 1.4131814018385641e-9 9.970289224013102e-10 1.778911791916471e-5 3.1393626906406347e-8 6.993909506397555e-8 -1.5084061643620866e-12 9507.350780128003 7.387780849071685e8
3050 77801.65666053444 25.55036219343757 2.227859704479688e-6 1.4257136522038182e-9 9.97163238697308e-10 1.8992435798281804e-5 3.173697626923655e-8 7.313878767900572e-8 3.6885513441619664e-13 9507.350780128036 7.387780849071664e8
3100 79078.20043989953 25.513837144629434 2.2683686836731707e-6 1.4243453664633866e-9 1.0014182735584423e-9 2.2051166524761356e-5 3.788592439768479e-8 7.386384427710002e-8 8.367796829339344e-13 9507.350780128012 7.387780849071664e8
3150 80353.18184389516 25.48767662286032 2.375420949141576e-6 1.419122774124484e-9 1.0114923108471967e-9 2.440927710267715e-5 3.922361216379677e-8 6.86737457317177e-8 -4.136929674484135e-13 9507.350780127996 7.387780849071692e8
3200 81627.12112918311 25.471950263272426 2.4599935511726263e-6 1.4165629865831071e-9 1.0306940319096691e-9 2.187558129662648e-5 3.7453537632403666e-8 7.482175651274403e-8 -8.393311717394482e-13 9507.350780127961 7.38778084907163e8
3250 82900.54050569117 25.466668320676845 2.5019997557254117e-6 1.4234499493350813e-9 1.0425949072628233e-9 1.758924736350309e-5 4.610347520417335e-8 8.396971978852363e-8 -1.0267346981403028e-12 9507.350780128038 7.38778084907169e8
3300 84173.96124996345 25.471784793266973 2.5389230220853075e-6 1.434802351647324e-9 1.0377423405372677e-9 1.9409455489949323e-5 5.0353849201378864e-8 8.692710262714343e-8 -6.977228251131155e-13 9507.350780128027 7.387780849071658e8
3350 85447.90095697853 25.487199847584847 2.524475222358243e-6 1.4489742124319887e-9 1.0272393565241806e-9 2.088299447677855e-5 4.621746019228823e-8 8.85275346362846e-8 3.379652966033919e-13 9507.350780128008 7.387780849071659e8
3400 86705.92291050186 25.491034099368484 2.507262286118735e-6 1.4599338310312333e-9 1.018994234529214e-9 2.055453478533309e-5 4.857181575002034e-8 9.141886619934425e-8 -2.0430719956407666e-13 9507.350780128081 7.3877808490717e8
3450 87979.99239956979 25.47379040315313 2.564295523637524e-6 1.4723645459461364e-9 1.0145157650159228e-9 1.9945089661632665e-5 4.89416437654544e-8 9.328850153478285e-8 -5.38481876895349e-13 9507.35078012803 7.387780849071629e8
3500 89253.46116592211 25.466822192069117 2.644629342428281e-6 1.4904961183002264e-9 1.0226753844349455e-9 2.120083627232816e-5 4.8754486586810586e-8 9.468323206029972e-8 -1.1044562730115428e-12 9507.350780128072 7.387780849071624e8
3550 90526.84598162805 25.47023845670429 2.6790580439345584e-6 1.5136940703565234e-9 1.0469304569072705e-9 2.2319532035908196e-5 4.8646843206490153e-8 9.621945945559318e-8 6.629371927017963e-14 9507.350780128056 7.387780849071687e8
3600 91800.66771402756 25.48409474696822 2.6145966862108803e-6 1.5390732576002074e-9 1.0663489407656117e-9 1.9694731236086227e-5 4.885526483366931e-8 9.76915491002206e-8 -1.1262733928221864e-12 9507.350780128005 7.387780849071639e8
3650 93075.44859622236 25.50839082044943 2.484801183457458e-6 1.5681735543397905e-9 1.0674587699684506e-9 1.841514495026786e-5 4.737016766342972e-8 9.774089738956437e-8 -3.4785153797774816e-13 9507.350780128067 7.38778084907166e8
3700 94351.70936516387 25.543067697185453 2.3921041867573848e-6 1.5936107031748462e-9 1.0628864740633521e-9 1.901221003208775e-5 5.821361370728084e-8 9.328131199415335e-8 -1.5811027158033528e-12 9507.35078012803 7.387780849071673e8
3750 95629.96623377004 25.58800397791606 2.328764559849079e-6 1.6137442290351969e-9 1.060551144260017e-9 1.8629983969731256e-5 8.200666185009808e-8 8.7650247899973e-8 3.1733609561009686e-13 9507.350780128078 7.387780849071684e8
3800 96910.72766386738 25.643011607225624 2.381503379217039e-6 1.632686570230698e-9 1.0667119288847863e-9 2.8365289836074226e-5 8.337542972691736e-8 8.727121718343778e-8 -1.9092181456617675e-13 9507.350780128041 7.387780849071681e8
3850 98191.65186131334 25.592016563392818 2.536413220791526e-6 1.6494166194678792e-9 1.0874033900005869e-9 3.2886820918065496e-5 6.19828207093498e-8 9.258173403609016e-8 -9.912067361215268e-13 9507.350780128018 7.387780849071628e8
3900 99470.04380294825 25.5462693616779 2.629038160126363e-6 1.6644858454540786e-9 1.1161447674600307e-9 3.136577652185224e-5 5.2397000960269224e-8 9.580783690010808e-8 5.103216917799832e-13 9507.350780128003 7.387780849071662e8
3950 100746.409044105 25.510770070466652 2.629999490236042e-6 1.6817131683752e-9 1.1412079490692187e-9 3.820012716460042e-5 5.995934670988134e-8 9.353429343550435e-8 -6.020632932090764e-13 9507.350780128041 7.387780849071649e8
4000 102021.26347085275 25.48564499623454 2.506614932532721e-6 1.6976683058213695e-9 1.1532122306976005e-9 4.29091614932986e-5 5.7477471393507784e-8 8.976443666153244e-8 3.472121102823502e-13 9507.350780128081 7.387780849071639e8
4050 103295.12766818494 25.4709577075286 2.407861014934227e-6 1.7113575511391166e-9 1.1442043544925291e-9 3.3112177334260195e-5 6.348970360559036e-8 9.31726241715225e-8 -1.5626521636644377e-12 9507.350780128012 7.387780849071627e8
4100 104568.52387980159 25.466712728530837 2.3786453594962333e-6 1.7200806017431453e-9 1.1388230279965579e-9 2.554090133344289e-5 7.658878425909066e-8 9.604679099273206e-8 1.8989183821849983e-13 9507.350780128034 7.387780849071685e8
4150 105841.97313675925 25.472858604539944 2.3748582664554305e-6 1.7232183098399952e-9 1.1481557158426784e-9 2.838668842741754e-5 7.182443723108278e-8 9.722989252614056e-8 -5.494263328165053e-13 9507.350780128058 7.38778084907163e8
4200 107115.99252216748 25.489290281948286 2.4924766283627035e-6 1.7217868620204728e-9 1.1586204087760984e-9 2.8095868401578628e-5 8.209100632594613e-8 9.890543059554169e-8 -7.811949417210369e-13 9507.35078012804 7.38778084907172e8
4250 108390.72668777379 25.48858481934822 2.5615526934275865e-6 1.7226113869451367e-9 1.172499823629375e-9 1.914561244120705e-5 7.6504626023155e-8 1.0200536226800949e-7 -1.3644984984414772e-13 9507.350780128021 7.387780849071695e8
4300 109664.70294828767 25.472490515379334 2.610363398176813e-6 1.7273416940002225e-9 1.1960267450543498e-9 2.2116547825135058e-5 6.703473520719427e-8 1.0383321244478161e-7 -4.971866216658356e-13 9507.350780128008 7.387780849071684e8
4350 110938.13635927482 25.466686572324093 2.578762241984982e-6 1.7339945713218303e-9 1.2203007911620992e-9 2.824699186021462e-5 5.888521120711587e-8 1.0382237972117458e-7 -1.888610482277973e-12 9507.350780128074 7.38778084907171e8
4400 112211.54428672162 25.471276069777154 2.5539004188757845e-6 1.7423566151741255e-9 1.2268997275845894e-9 2.4099259462673217e-5 4.66049816516545e-8 1.0513275403023492e-7 9.04014835046066e-14 9507.350780128 7.387780849071709e8
4450 113485.44789038596 25.486308404646465 2.5945546073988465e-6 1.7500257693164343e-9 1.2370579762746519e-9 2.4035523892962374e-5 4.3495715473795826e-8 1.0645324628744124e-7 3.2699355971020145e-13 9507.350780128054 7.387780849071654e8
4500 114760.36938092031 25.511776884986816 2.6736432221314925e-6 1.759994881607393e-9 1.2653130585533108e-9 3.215203651052434e-5 4.354799629235906e-8 1.0509496045640887e-7 3.6636407057067087e-13 9507.350780128018 7.387780849071714e8
4550 116036.82914074541 25.547615691507225 2.728705042535085e-6 1.7760357355131451e-9 1.293816871715652e-9 2.5253233616240323e-5 3.8892121953515435e-8 9.958309576951763e-8 -8.514511025257971e-13 9507.350780128038 7.387780849071618e8
4600 117315.3426751454 25.59369614099473 2.7134267830715078e-6 1.7982892162316239e-9 1.3091616580246743e-9 2.07607886295591e-5 5.977215825070381e-8 1.0416063850327006e-7 -1.0872595687057255e-12 9507.350780128032 7.387780849071721e8
4650 118596.3967316778 25.64104359918312 2.6830405648122836e-6 1.8211737679924292e-9 1.3082514942776104e-9 3.221196493541356e-5 7.649197425463328e-8 9.793646425088065e-8 1.1162907108186216e-13 9507.350780127963 7.38778084907168e8
4700 119877.01301578313 25.586361566821935 2.6327206100845633e-6 1.8417221692854072e-9 1.3092740872004196e-9 3.611953798099421e-5 7.203843287173495e-8 1.0014395638441309e-7 -1.0388396722533874e-12 9507.350780128054 7.38778084907164e8
4750 121155.15131642652 25.54175935881589 2.554017271765564e-6 1.8576841941411304e-9 1.3107100324918171e-9 3.39586640620837e-5 6.909196587079336e-8 1.0060898994468381e-7 -1.6894325840698693e-12 9507.350780128008 7.38778084907166e8
4800 122431.32064283741 25.50742252840708 2.525738532981898e-6 1.8643149083342252e-9 1.3171393194593822e-9 4.4526299461722374e-5 7.944568469753222e-8 9.651720765668781e-8 -1.0513871245883248e-13 9507.350780128048 7.387780849071684e8
4850 123706.03756772209 25.483470134003916 2.5614401396239246e-6 1.8731211153664116e-9 1.3387084384880843e-9 4.7001180064398795e-5 7.697388237914993e-8 8.469852097459096e-8 2.549473842491626e-13 9507.350780128043 7.387780849071649e8
4900 124979.82301164142 25.469958932335892 2.6277687945178422e-6 1.8906928922322665e-9 1.3538882351344277e-9 3.1389454306918196e-5 8.623607289370838e-8 8.5736063970554e-8 -7.199103918071708e-13 9507.350780128052 7.387780849071641e8
4950 126253.19922282355 25.466887000028063 2.605261383785294e-6 1.9040889116657934e-9 1.3709249108012272e-9 2.5682962586870417e-5 9.819681223710575e-8 8.66858596848541e-8 -5.968478414151009e-13 9507.350780128043 7.387780849071697e8
5000 127526.68692248384 25.474196736424563 2.5794565414327278e-6 1.9137646357823783e-9 1.3755233828272355e-9 3.296791692264378e-5 7.39775019020783e-8 8.62291102965429e-8 -3.3561673994072895e-13 9507.350780128043 7.387780849071666e8
5050 128800.80258274825 25.49177716789808 2.564706281670974e-6 1.9240772929765006e-9 1.358508519732359e-9 2.7392665288061835e-5 5.1500666953252505e-8 9.295297770384181e-8 5.838032292608561e-14 9507.350780128043 7.387780849071658e8
5100 130058.82287556496 25.48652752768766 2.5459846221829817e-6 1.936262210244721e-9 1.3362908326684734e-9 1.958664142875932e-5 5.4323503140274454e-8 8.634947287755601e-8 6.718776937123004e-15 9507.350780128016 7.387780849071709e8
5150 131332.72214782977 25.471450457590134 2.5580985648278193e-6 1.950690703523935e-9 1.3280485844971908e-9 2.4222028514486738e-5 7.710946337002866e-8 1.064332441624849e-7 -8.861539347939248e-13 9507.350780127968 7.387780849071625e8
5200 132606.12977493825 25.4666763472039 2.6080630354891174e-6 1.9717212084461848e-9 1.3246726231444148e-9 3.060438029933721e-5 6.699308652269309e-8 9.216199720052387e-8 -3.158418641242942e-13 9507.350780127961 7.387780849071677e8
5250 133879.5636200663 25.472303037513292 2.621042868569092e-6 1.990248927065351e-9 1.331170484901723e-9 2.279967793583637e-5 4.1674552753168115e-8 9.149073057490575e-8 5.730535690522949e-13 9507.350780128012 7.387780849071665e8
5300 135153.5450726436 25.48837445982143 2.6193444593340013e-6 2.0035309460360234e-9 1.340120006794395e-9 2.6453323243913474e-5 5.186815976720993e-8 8.843537435687665e-8 1.1059036003699885e-13 9507.350780128034 7.387780849071683e8
5350 136428.59629316453 25.514878189788778 2.577436097898218e-6 2.016554892315169e-9 1.3480804693673795e-9 3.0350074666785076e-5 5.4092932452731723e-8 8.505801928071488e-8 2.475934871385418e-13 9507.35078012802 7.38778084907171e8
5400 137705.23731869503 25.551742329952905 2.50842860374383e-6 2.03360946578712e-9 1.3579065080037293e-9 2.9383492801571265e-5 8.578842636275397e-8 8.293193139163879e-8 -5.6679330389076415e-14 9507.35078012804 7.387780849071652e8
5450 138983.98299536415 25.59883171999313 2.4805760953743757e-6 2.0546508117870214e-9 1.3558948102848114e-9 2.6687272111303173e-5 1.2167671675777925e-7 8.935850698277292e-8 -1.0091174121822917e-12 9507.35078012802 7.387780849071717e8
5500 140265.2395710588 25.63516100070082 2.5015285542849e-6 2.0641968223859523e-9 1.374859908809592e-9 3.5147117159795016e-5 9.747302870399821e-8 1.017439493211647e-7 -8.479883335316324e-14 9507.350780128012 7.387780849071649e8
5550 141545.5869197699 25.581471092560662 2.568763137826734e-6 2.0638430820813815e-9 1.3953880039616083e-9 3.699332046380732e-5 7.315265887486433e-8 1.034163649715758e-7 5.5805382056893295e-14 9507.350780128012 7.38778084907167e8
5600 142823.50647056347 25.53788257469286 2.6821350944994633e-6 2.057349203082718e-9 1.4083969421515043e-9 2.9274831831571646e-5 6.948070740975254e-8 9.47511064330886e-8 -1.8894131171920317e-13 9507.350780127985 7.387780849071683e8
5650 144099.50813478473 25.504574165557365 2.7284628365423557e-6 2.0626585022168795e-9 1.4118087580238605e-9 4.1422268623136915e-5 9.436164866150065e-8 9.130631120624066e-8 3.5485269690610226e-13 9507.350780128014 7.387780849071637e8
5700 145374.109057169 25.48165854272912 2.6652272261726937e-6 2.0713103795351117e-9 1.427731482114536e-9 4.7901041398290545e-5 9.475662138269669e-8 9.258489391816838e-8 3.688224690417873e-13 9507.350780128021 7.387780849071681e8
5750 146647.83042190986 25.469186490251822 2.611017848551565e-6 2.080947366013932e-9 1.4295549939801141e-9 3.0029859772184864e-5 8.807744922290084e-8 9.410498080786311e-8 8.050088372391657e-14 9507.350780128043 7.387780849071696e8
5800 147921.19445097103 25.46715043565951 2.584320136149919e-6 2.0908212329171024e-9 1.4192958124773993e-9 2.6980687835020944e-5 9.059800776256566e-8 8.790677685777126e-8 -1.7343231842453629e-13 9507.350780128041 7.387780849071718e8
5850 149194.72156350367 25.475487388237255 2.5980373509352757e-6 2.108365709291021e-9 1.4076768285368707e-9 3.7717849409091286e-5 9.016727131605506e-8 7.324320960844233e-8 1.3574676654733668e-13 9507.35078012799 7.38778084907173e8
5900 150468.92766499173 25.494081161374208 2.672173532807126e-6 2.106554001475761e-9 1.431788432340461e-9 2.8638656658586115e-5 8.439643656155127e-8 6.806664756831005e-8 -1.752443493038601e-13 9507.350780128 7.387780849071645e8
5950 151743.6017791768 25.48432037648542 2.741528631987565e-6 2.1064373782149785e-9 1.4463193159000296e-9 2.0681055048044072e-5 6.610194563938521e-8 7.690923198300226e-8 5.44461195906282e-13 9507.350780128052 7.387780849071666e8
6000 153017.42002719562 25.47039633747777 2.7608809765652887e-6 2.1028477337500097e-9 1.4609909730238782e-9 2.775558277789969e-5 8.649748495237475e-8 8.284832983540547e-8 -9.219910811624217e-13 9507.350780128056 7.387780849071668e8
6050 154290.80465382873 25.46678889613358 2.780324439655892e-6 2.093092194160562e-9 1.4864953562222819e-9 3.158322761009913e-5 6.569412469570324e-8 8.177945126641717e-8 -1.0746836388648928e-13 9507.350780128012 7.387780849071622e8
6100 155564.27405297014 25.47358993428064 2.7994305548425482e-6 2.094363222489361e-9 1.4969313836612423e-9 2.2567961423192173e-5 6.107522926290798e-8 7.276290014956999e-8 2.4118293732405075e-14 9507.350780127947 7.387780849071679e8
6150 156838.34984110107 25.49083718027077 2.797716059441016e-6 2.1052205437127115e-9 1.4899298342935998e-9 2.7568185032578185e-5 6.201509367143032e-8 7.821927350271096e-8 -1.2262351818773723e-12 9507.350780128032 7.38778084907163e8
6200 158113.5540872437 25.518511672539606 2.8027523853103834e-6 2.11973021501759e-9 1.4886899310977806e-9 3.131687299173791e-5 5.993829399475459e-8 8.040724804037058e-8 -1.362689099936648e-12 9507.350780127968 7.38778084907165e8
6250 159390.40640069926 25.556534592648894 2.83990745937831e-6 2.1251741625400677e-9 1.5121118456368547e-9 2.755057721515186e-5 5.0902877329894736e-8 8.32305671050193e-8 -3.2201753434184176e-13 9507.350780128023 7.38778084907168e8
6300 160669.42084237825 25.604763402986748 2.812242584324016e-6 2.131061740155933e-9 1.5452724211324307e-9 2.463056443957612e-5 8.466437600995746e-8 1.0454206322840776e-7 5.122103008264204e-13 9507.350780127994 7.387780849071643e8
6350 161950.8405990585 25.628621079048056 2.7160196486379713e-6 2.151516520443014e-9 1.5460346815776955e-9 3.796764576691203e-5 9.602659339913444e-8 1.0772662945024436e-7 -8.944625761857028e-13 9507.35078012804 7.387780849071716e8
6400 163230.88954426098 25.57605695078135 2.6569851249262928e-6 2.1675444872781916e-9 1.5330103487472593e-9 3.815310628851876e-5 8.939598616919398e-8 1.1254177689767886e-7 5.033171825568178e-14 9507.350780128016 7.38778084907169e8
6450 164508.56761417727 25.53361776294156 2.589336501983259e-6 2.175768442853427e-9 1.5255141602987881e-9 3.52424722223077e-5 8.754378222342041e-8 1.0844887324279462e-7 -2.2113307409564675e-12 9507.350780127996 7.387780849071689e8
6500 165784.385699936 25.50147457069607 2.5490483730556383e-6 2.187176740587622e-9 1.5218823677422408e-9 3.852180088870227e-5 1.0412870748988112e-7 1.0908066072623512e-7 -2.3398052140025137e-13 9507.350780128027 7.38778084907163e8
6550 167058.86155639988 25.479732908335507 2.5677393478542536e-6 2.195659279866127e-9 1.5274525501348922e-9 4.0845934563549235e-5 1.1104048319721116e-7 1.1005378694473045e-7 2.151002460904432e-12 9507.35078012802 7.387780849071592e8
6600 168332.51663198523 25.468436830691505 2.629947509350015e-6 2.203906147979025e-9 1.5331893096310489e-9 2.8454976927605458e-5 7.697507042880858e-8 1.071183040324275e-7 1.1569893742649664e-12 9507.350780128034 7.387780849071664e8
6650 169605.87308502008 25.46757238081448 2.64641448208185e-6 2.212615290395295e-9 1.533589104069086e-9 2.5410538000869565e-5 7.461372897310525e-8 1.0372987813145329e-7 -1.0128654348489543e-12 9507.350780127976 7.387780849071703e8
6700 170879.45095991148 25.477070478460128 2.6536039850561784e-6 2.2244154724867286e-9 1.5389985529407033e-9 2.9463428290910088e-5 7.321651468439327e-8 1.0007901501962735e-7 -9.220035251145778e-13 9507.350780128 7.387780849071646e8
6750 172153.76548865737 25.49680906296244 2.658675223303533e-6 2.2435734612946225e-9 1.535685242863884e-9 2.0659899746533483e-5 5.454479140576396e-8 7.992050277128016e-8 -4.2632166443252287e-13 9507.350780128052 7.387780849071684e8
6800 173411.6877538111 25.482477268605635 2.641919919730947e-6 2.263738078400141e-9 1.5177121400624254e-9 2.0946097720297985e-5 6.390015483415112e-8 8.390506961442057e-8 3.702798472846666e-13 9507.350780128008 7.387780849071711e8
6850 174685.43980894334 25.46957366773948 2.6217405019597473e-6 2.2760531960597855e-9 1.5126383432674018e-9 2.5936531528714113e-5 6.824728077114983e-8 8.692538944199413e-8 -1.1931806946563633e-12 9507.350780127988 7.387780849071614e8
6900 175958.80957930943 25.466998156956205 2.6616130645737484e-6 2.2819798059729438e-9 1.5275711753460457e-9 2.613052311062347e-5 5.5188808481543283e-8 8.782919921901389e-8 5.913653232633168e-13 9507.35078012795 7.387780849071726e8
6950 177232.31589949754 25.474837335057998 2.672401740623925e-6 2.293966802063642e-9 1.5355585300829438e-9 2.222856073785806e-5 5.6178083504554444e-8 8.766818240801832e-8 -3.274827027526391e-13 9507.350780128028 7.387780849071652e8
7000 178506.48055696127 25.493123418054637 2.6652442554533876e-6 2.301860485621927e-9 1.5417456063172021e-9 2.5289509721915238e-5 5.1689717381342426e-8 8.249362534740179e-8 -1.823948356580856e-13 9507.350780128078 7.387780849071662e8
7050 179781.82550907682 25.521831650174313 2.6638648616038785e-6 2.307427526965773e-9 1.5365384805504492e-9 3.206394467270002e-5 4.82522062861257e-8 7.480943403637141e-8 -1.165162657763702e-12 9507.350780128003 7.387780849071677e8
7100 181058.86995517294 25.56087706315725 2.6978935898720653e-6 2.315668855274863e-9 1.5278239140604202e-9 2.0578489056788385e-5 5.49024812279697e-8 7.51190185194206e-8 8.542007373387172e-14 9507.350780128068 7.387780849071659e8
7150 182338.127227901 25.610110539748025 2.678623170943066e-6 2.328578841307195e-9 1.5277506460608646e-9 2.165528894693125e-5 7.776539445725206e-8 8.720207941848024e-8 -1.034512646851315e-12 9507.350780127994 7.387780849071592e8
7200 183619.63272557364 25.622946179735063 2.6906681531590943e-6 2.3341235417768297e-9 1.535502872907096e-9 3.717684012372047e-5 8.641743814985503e-8 9.745439455421945e-8 -4.364773652324098e-13 9507.350780128047 7.387780849071685e8
7250 184899.42326017926 25.57137941045285 2.7395722443781702e-6 2.330905691591659e-9 1.5507002531645652e-9 3.130398727080319e-5 8.241807930575717e-8 9.977226422819285e-8 -1.5282800533555315e-12 9507.350780128038 7.387780849071621e8
7300 186176.89332855746 25.52995766390677 2.8377662021677025e-6 2.323826595429207e-9 1.574153910782762e-9 3.214731259504333e-5 7.423889142321727e-8 9.791674659975769e-8 -8.647589521294945e-15 9507.350780128038 7.387780849071624e8
7350 187452.5546524252 25.49884526694469 2.8758291027252995e-6 2.331329051830067e-9 1.5854363745508589e-9 3.5381399356992915e-5 9.369508535694848e-8 9.661145644601632e-8 -3.442207756294781e-13 9507.350780128027 7.38778084907171e8
7400 188726.92549227504 25.47814146194294 2.8578423728973153e-6 2.3337087710679252e-9 1.6014416276125947e-9 4.1366285586263984e-5 9.307514992062949e-8 9.895697972162054e-8 -6.062588195398088e-13 9507.35078012804 7.387780849071642e8
7450 190000.52749728944 25.467884393039554 2.821979295942583e-6 2.3327515826113135e-9 1.6155896149091016e-9 2.8186257623019628e-5 7.395521356423629e-8 9.870824158042524e-8 -3.318045830591087e-13 9507.350780127983 7.387780849071659e8
7500 191273.88273993638 25.468054522628123 2.7922073239526915e-6 2.341036550469219e-9 1.6122117189998271e-9 2.4771400148893008e-5 9.415039931015556e-8 8.801316123130398e-8 -1.441864463449184e-12 9507.350780128021 7.387780849071673e8
7550 192547.51090592242 25.47857741730893 2.8228397215304195e-6 2.3579964310625387e-9 1.5970052408456565e-9 3.4320381018915214e-5 9.459163652358882e-8 7.013422970159056e-8 -1.9464820390062983e-12 9507.350780128078 7.387780849071649e8
7600 193821.9266050402 25.499325822558717 2.906889804138896e-6 2.3543117303543075e-9 1.6137312773176796e-9 2.3241635062731802e-5 8.120400013522655e-8 6.886698367125632e-8 -9.178462878674021e-13 9507.350780128101 7.38778084907166e8
7650 195096.44486359938 25.480513133135553 2.9805973051156905e-6 2.3585708172183632e-9 1.6182946358454386e-9 2.023789238592144e-5 6.910777616830899e-8 6.340865740805945e-8 -9.18452212614688e-13 9507.350780127954 7.387780849071677e8
7700 196370.12813679304 25.468765952146864 3.025789161618161e-6 2.353064793650101e-9 1.64400596127942e-9 2.433757617836818e-5 7.57468657242022e-8 7.785272247706754e-8 -2.721162093160152e-13 9507.35078012801 7.387780849071666e8
7750 197643.48728682657 25.467359253707794 3.02308082741687e-6 2.3436070446683542e-9 1.6782569252252613e-9 2.656091055541765e-5 6.208887992631418e-8 6.837796454051137e-8 -5.57964319836119e-13 9507.350780128016 7.387780849071627e8
7800 198917.04161546033 25.476373620578666 2.9794507936824355e-6 2.3571259115187705e-9 1.6820424277969062e-9 2.424868944217451e-5 5.394917917955766e-8 6.824800989624347e-8 -2.426446230888302e-13 9507.350780127963 7.38778084907169e8
7850 200191.3130702226 25.49583499743635 2.9276833686398633e-6 2.3672662128150864e-9 1.6865846548953637e-9 2.4893593945307657e-5 6.835235247248939e-8 8.324973782558587e-8 -8.410020116231564e-13 9507.350780127996 7.387780849071621e8
7900 201466.8234470701 25.525712031238324 2.927240188000061e-6 2.3854876666961752e-9 1.6739457201430598e-9 2.6024239559774287e-5 5.1928097599684975e-8 7.179939620627351e-8 8.621165267505335e-13 9507.35078012799 7.387780849071634e8
7950 202744.09144391885 25.565912751702534 2.9266804370023975e-6 2.3892049458049543e-9 1.6795461967318517e-9 2.3003461365078692e-5 5.87254123385339e-8 6.687877524003127e-8 -3.624109620002073e-13 9507.350780127997 7.387780849071662e8
8000 204023.62953017626 25.616280558418495 2.9129529807058347e-6 2.385979869345044e-9 1.700576515268247e-9 2.8177200874779373e-5 9.38822931895178e-8 9.304240594643076e-8 -6.124703259464977e-13 9507.35078012807 7.387780849071687e8
8050 205305.1659586602 25.616642558205196 2.878538287012083e-6 2.4022003355340317e-9 1.69846237343491e-9 4.0078763049677946e-5 9.79373950549256e-8 7.783348318635142e-8 4.445756858847444e-13 9507.35078012798 7.38778084907168e8
8100 206584.67005632966 25.566207226601186 2.85373142476886e-6 2.4129589324192066e-9 1.6962303049921081e-9 2.981126272061374e-5 8.425161657221736e-8 8.34595489385137e-8 7.031826091215377e-13 9507.350780128036 7.387780849071707e8
8150 207861.91085031474 25.52593880770751 2.8495611770585256e-6 2.4249560431322364e-9 1.6909888469680326e-9 2.8148730052635074e-5 8.06472745529252e-8 9.147754098659533e-8 4.646236705549864e-14 9507.350780128052 7.38778084907172e8
8200 209137.4009621682 25.495994073554332 2.868963850518232e-6 2.433630231612052e-9 1.6989089722666761e-9 4.2447243686183356e-5 9.785456972499773e-8 1.0459109878180328e-7 -5.437083368008472e-13 9507.350780127988 7.387780849071615e8
8250 210411.65918687702 25.47646519666654 2.8904162014747477e-6 2.4394376921772687e-9 1.7172970402453179e-9 4.447256287676282e-5 9.379651827456925e-8 7.390731293632768e-8 -3.283020891407538e-13 9507.350780127981 7.387780849071666e8
8300 211685.20736587708 25.467383677309982 2.960354171118113e-6 2.4473975889009035e-9 1.7306715396738568e-9 2.589850737422239e-5 8.15462059544636e-8 7.423050762955796e-8 4.436871996661483e-13 9507.350780128052 7.38778084907168e8
8350 212958.56744104662 25.46872368831871 2.973949701382394e-6 2.457881032266217e-9 1.745630202553234e-9 2.9017250199103728e-5 7.61721070108301e-8 9.10249460250867e-8 -1.372060592443938e-12 9507.35078012804 7.387780849071676e8
8400 214232.25865992153 25.4804047606761 2.987683403664841e-6 2.4714315859311998e-9 1.7548270291928167e-9 3.63332965207519e-5 6.004535235692998e-8 9.912361770281208e-8 -4.550188539447724e-13 9507.350780128016 7.387780849071676e8
8450 215506.78966112653 25.49949231897058 3.0006407846233034e-6 2.491327668596248e-9 1.74741305601742e-9 2.2641315808868967e-5 6.12871575433882e-8 8.263141038078459e-8 8.971074843724258e-13 9507.350780127988 7.387780849071647e8
8500 216764.52199851754 25.478885015861138 2.988528756107655e-6 2.5031027949749413e-9 1.736202979146655e-9 2.0510118702077307e-5 6.684923536948162e-8 7.662648646503123e-8 -6.727420697735944e-13 9507.350780128027 7.387780849071631e8
8550 218038.14990764856 25.46816120383987 3.0071197493414224e-6 2.5023512813525644e-9 1.7420709232060389e-9 3.445347829256207e-5 6.884107534022021e-8 8.753141641365536e-8 1.6608100582705556e-12 9507.350780127968 7.387780849071728e8
8600 219311.5051488595 25.467788268128402 3.0420369834136564e-6 2.5063523690972243e-9 1.7558793799702782e-9 3.0593528208555654e-5 4.331681642544272e-8 7.379221789172163e-8 1.5376704510978276e-13 9507.350780128021 7.387780849071689e8
8650 220585.1074087975 25.47784147098264 3.054453506831496e-6 2.5198459628474017e-9 1.7678523143895501e-9 2.6127365345018916e-5 6.289377546542241e-8 8.351850969146035e-8 -6.922857752480552e-14 9507.35078012802 7.387780849071673e8
8700 221859.47874752717 25.498341177972485 3.0887663421159377e-6 2.530211824731734e-9 1.772529558334972e-9 2.4249871785286814e-5 7.645569599645796e-8 9.113746268774037e-8 -1.177839216102257e-13 9507.350780128014 7.387780849071631e8
8750 223135.14078747656 25.52925016964515 3.109730658857655e-6 2.537026494917095e-9 1.7768992202184815e-9 2.821090311044827e-5 5.4890246986571967e-8 7.919855815607946e-8 1.3231874489649966e-12 9507.350780128043 7.387780849071658e8
8800 224412.61175110377 25.570470255499238 3.1010930239652818e-6 2.5420118287159746e-9 1.780481353313493e-9 2.4078381102299318e-5 6.621934869888157e-8 7.842240756783525e-8 -4.594814466333131e-13 9507.350780127983 7.387780849071653e8
8850 225692.40330968914 25.621838154161694 3.0731519333329704e-6 2.558139973371064e-9 1.7725469718438956e-9 2.6559471734799445e-5 9.590245908519535e-8 9.754880195278481e-8 -4.723944400628314e-13 9507.350780128027 7.387780849071671e8
8900 226973.9085953462 25.61117666687579 3.071017350304178e-6 2.5678004223874157e-9 1.7737009211418014e-9 4.4530881496029906e-5 1.1004053798724378e-7 9.518042856648812e-8 5.421753376179433e-13 9507.350780127994 7.387780849071752e8
8950 228253.1648640538 25.561743597081303 3.1109863714639472e-6 2.5680545179752706e-9 1.7891242042000997e-9 3.116863445029594e-5 9.396063836708546e-8 8.829043834923667e-8 3.7333292308477397e-13 9507.350780128008 7.387780849071718e8
9000 229530.2084460283 25.522496077555317 3.1434338294923706e-6 2.5681791636380794e-9 1.808273239959159e-9 2.542591573728714e-5 9.482902217639033e-8 7.6619754818541e-8 2.464093972295489e-14 9507.35078012806 7.38778084907167e8
9050 230805.55272357125 25.493584243141022 3.167895061400265e-6 2.574464509275539e-9 1.822475308230945e-9 4.0618213461129926e-5 1.1410720479609893e-7 7.990227818277518e-8 1.6782009600220373e-13 9507.350780128027 7.387780849071697e8
9100 232079.7169314506 25.47509404747641 3.1645583864499327e-6 2.579803491918411e-9 1.8331371745350609e-9 4.795911081600934e-5 9.716393245540189e-8 7.988080841236922e-8 6.292437563989336e-13 9507.350780127963 7.38778084907164e8
9150 233353.22304976717 25.46705114657041 3.1970823405873557e-6 2.590095791224296e-9 1.8370610808170635e-9 3.1561716241412796e-5 8.734615886130115e-8 7.251706515831735e-8 1.4262626191268918e-12 9507.350780128048 7.387780849071698e8
9200 234626.59287474956 25.469424168037058 3.21120624626126e-6 2.600945060116207e-9 1.8398322125527941e-9 2.7344567570253275e-5 1.0384832072052319e-7 6.367775424315214e-8 5.577283633587005e-13 9507.350780128028 7.387780849071624e8
9250 235900.3452374022 25.48212733951614 3.1731558711520366e-6 2.617611636570316e-9 1.8400850153574465e-9 3.448736424616072e-5 9.697959801879819e-8 6.154570453970054e-8 -1.1433694686302812e-13 9507.350780127994 7.387780849071647e8
9300 237174.95847765976 25.4969688744948 3.204578147687338e-6 2.6136300571267373e-9 1.8583510400299114e-9 2.5523106160108e-5 8.039952686944574e-8 6.06501493471967e-8 4.016046251559989e-14 9507.350780128 7.387780849071677e8
9350 238449.25958933265 25.477164731133612 3.213320812436271e-6 2.616408232478596e-9 1.8592584210165728e-9 2.3446820705430582e-5 7.137714506944004e-8 6.911624442218489e-8 7.760053350584621e-13 9507.35078012798 7.387780849071687e8
9400 239722.83099344882 25.467600443855375 3.234310101732298e-6 2.6028160925102285e-9 1.8869573414490447e-9 3.198027116013691e-5 6.643902666914059e-8 7.876693131070311e-8 8.023238152547477e-14 9507.350780128021 7.387780849071677e8
9450 240996.1880145173 25.46839816902748 3.2150400481973618e-6 2.596488830475598e-9 1.922655128115248e-9 2.747391590673942e-5 9.620354651795893e-8 7.231699200582753e-8 -6.292356199686778e-13 9507.35078012804 7.387780849071652e8
9500 242269.85074282804 25.479627118819295 3.1823443111308445e-6 2.614009927949866e-9 1.9243600040971548e-9 2.7040066925110295e-5 6.343771175032487e-8 1.0359228455603109e-7 -8.775711974079042e-13 9507.350780127985 7.387780849071667e8
9550 243544.3413324506 25.50130132202551 3.210305472915801e-6 2.6248531549333307e-9 1.9190517948407687e-9 2.9757944503217004e-5 7.186898920430451e-8 1.0451266579947216e-7 7.150390631516616e-13 9507.350780128027 7.387780849071708e8
9600 244820.18117448193 25.53337687806262 3.2524787307878862e-6 2.6386366121952094e-9 1.905836515244223e-9 3.292823566880543e-5 7.225550037459616e-8 8.983725480193883e-8 -9.464788645511496e-13 9507.350780128067 7.387780849071729e8
9650 246097.8879153837 25.575748481528674 3.274722863789187e-6 2.643492813642939e-9 1.9133938135948032e-9 2.6291152607882395e-5 8.530132070139196e-8 9.104584997032816e-8 1.7296351645773817e-13 9507.350780128056 7.387780849071666e8
9700 247377.9722821567 25.628245243275344 3.2817358173166612e-6 2.652256944266819e-9 1.9228471748801897e-9 2.321810279681813e-5 9.107832264765303e-8 1.046237611546097e-7 -5.296195095459778e-13 9507.350780128 7.387780849071629e8
9750 248659.37612985304 25.605110715547283 3.236138613518858e-6 2.6705622183309546e-9 1.919401570964383e-9 3.959352943638805e-5 1.1121814932901763e-7 1.0440645728526654e-7 -1.2869878126632647e-12 9507.350780128012 7.387780849071655e8
9800 249938.35798708606 25.556814372947745 3.258840293758471e-6 2.6850664181050813e-9 1.9129501950295976e-9 3.315344838483725e-5 1.0223102639428383e-7 9.434401959662608e-8 2.3694648953526715e-13 9507.350780128027 7.387780849071679e8
9850 251215.18454208123 25.51872382059755 3.227432170332715e-6 2.7028895429086755e-9 1.914900998380464e-9 2.8007261789753102e-5 1.006003550602097e-7 9.154988192539015e-8 -5.148252059265752e-13 9507.350780128067 7.387780849071642e8
9900 252490.36999759762 25.490981764208122 3.2433956942179293e-6 2.7179149749647573e-9 1.92511121557839e-9 3.941609429602977e-5 1.084979212584436e-7 1.0376071146733779e-7 8.107739766889531e-13 9507.350780128034 7.387780849071679e8
9950 253764.4340495019 25.473667189920228 3.263690180208653e-6 2.7287779817043153e-9 1.9339789645235157e-9 4.6609266064479016e-5 1.0019176027720178e-7 9.299870673551425e-8 -5.5247797277597935e-14 9507.350780128038 7.387780849071633e8
10000 255037.8988009168 25.46679917898352 3.3341234371560215e-6 2.7406832600797846e-9 1.9299061933406704e-9 3.229824505979195e-5 6.31098985848233e-8 9.427221953073328e-8 3.5738551978338213e-13 9507.350780127997 7.38778084907165e8
10050 256311.2858509107 25.470340106590825 3.3962330660816693e-6 2.745927802988125e-9 1.9325497776938752e-9 2.9605884265038185e-5 6.267434765616642e-8 1.097971606411896e-7 -7.472162517456765e-14 9507.35078012807 7.387780849071704e8
10100 257585.11352732623 25.484198203792342 3.4466962162116267e-6 2.753033156929283e-9 1.9516332985133732e-9 3.6434459616430104e-5 5.54834046484487e-8 1.0290969826298735e-7 9.763146756856683e-13 9507.350780128021 7.387780849071656e8
10150 258859.7943847569 25.494233587205457 3.4412448166459453e-6 2.7654837603466495e-9 1.9618213382725937e-9 2.5576557163731195e-5 6.540160321644173e-8 8.109528309985237e-8 6.229949779624699e-13 9507.350780128041 7.387780849071653e8
10200 260117.33007942486 25.47575233607499 3.4626791833673843e-6 2.7750750050669093e-9 1.9511303279331504e-9 2.473829772497993e-5 7.373118118825239e-8 8.141360291480382e-8 -4.1446736416334903e-13 9507.35078012798 7.3877808490717e8
10250 261390.85697980766 25.46721414711793 3.4586662466231005e-6 2.772964485597522e-9 1.9614831934219234e-9 3.038064096472226e-5 6.719767747798144e-8 8.202005432472737e-8 -1.0390604327507693e-13 9507.35078012804 7.387780849071678e8
10300 262664.2210601269 25.46904723283743 3.4644413416973505e-6 2.7812840231502084e-9 1.978746413735365e-9 2.9661467124242336e-5 5.4187046016895835e-8 1.0697467073272904e-7 3.928632273799899e-13 9507.350780128036 7.387780849071683e8
10350 263937.94273815467 25.481315451417196 3.489902871770523e-6 2.795792908431086e-9 1.9862802371698004e-9 2.549307646404486e-5 7.142978492025165e-8 9.711932269507173e-8 -3.0421729835646093e-13 9507.35078012802 7.387780849071665e8
10400 265212.54422158026 25.504027219952228 3.5022032317115925e-6 2.8049216432937428e-9 1.976906161460836e-9 2.849498105206294e-5 7.040445076933466e-8 9.361616068459533e-8 3.174184171397439e-13 9507.35078012809 7.387780849071664e8
10450 266488.546666014 25.53713268617565 3.5261892092247944e-6 2.8081858377849266e-9 1.968121783918481e-9 3.3250920751015656e-5 6.744430881833186e-8 1.0156358298818446e-7 3.8728546513285845e-13 9507.350780128072 7.387780849071635e8
10500 267766.46717531624 25.58052021191586 3.5618446695161125e-6 2.8140498395136057e-9 1.9684270073455664e-9 3.161463973810896e-5 8.331870927913432e-8 1.0875896572226651e-7 -3.124599808191431e-13 9507.350780128043 7.387780849071679e8
10550 269046.81560636277 25.63401213215947 3.6224367661312037e-6 2.832354246328684e-9 1.959522025826833e-9 2.585029687907081e-5 9.52563155437458e-8 9.428844152670202e-8 6.559781517653545e-13 9507.350780128047 7.387780849071673e8
10600 270328.07147836674 25.59985504841318 3.6319312090993086e-6 2.8465159388534846e-9 1.955013805997717e-9 3.511153772706166e-5 1.0562682156711745e-7 9.626484201441521e-8 4.714400846551792e-13 9507.350780128023 7.387780849071676e8
10650 271606.81614169443 25.55256557591309 3.656734221100174e-6 2.844253580949596e-9 1.9732772417055353e-9 3.0580642487620935e-5 1.061982448369303e-7 8.606533868915633e-8 -9.71547206169307e-13 9507.350780128008 7.387780849071676e8
10700 272883.45631254517 25.515499076249494 3.60092871095164e-6 2.8552098435524357e-9 1.9901760823303735e-9 2.8019938326906413e-5 1.0505194303345178e-7 8.704160764372304e-8 8.556116900677839e-13 9507.350780128048 7.38778084907166e8
10750 274158.5068842753 25.48879171352138 3.5610310381101228e-6 2.8775292366294255e-9 1.9866907826468353e-9 4.115028423257172e-5 1.0986933057788306e-7 8.739724785544745e-8 -1.2090831082845758e-12 9507.350780128048 7.387780849071667e8
10800 275432.4879270323 25.472516350307693 3.5170819062124443e-6 2.893160346318012e-9 1.989684044420994e-9 3.9465801819460467e-5 1.0543353023972912e-7 8.99152573508033e-8 5.118388967159199e-13 9507.350780128056 7.387780849071678e8
10850 276705.9216211823 25.46668629318519 3.501875757730413e-6 2.8996584949069897e-9 1.99996924983313e-9 2.922290332207922e-5 1.1183800147085421e-7 8.605379242521138e-8 -4.837117359351218e-13 9507.350780128072 7.38778084907165e8
10900 277979.32936185563 25.471258428283626 3.5360645264239287e-6 2.9158312044878207e-9 1.9855319764760906e-9 3.776803350774571e-5 1.3087891265195495e-7 8.818417585043647e-8 1.0979921184800724e-12 9507.35078012806 7.387780849071666e8
10950 279253.2290046069 25.486135721637453 3.530449805159282e-6 2.9334899303746477e-9 1.9858853966247646e-9 3.725875467353035e-5 1.2317779496395787e-7 6.74667172129162e-8 -4.4881602240857676e-13 9507.350780128032 7.387780849071646e8
11000 280527.9470896808 25.491922548494035 3.537059913918592e-6 2.9326426190818093e-9 2.006049268344857e-9 2.6788444301928394e-5 7.956730996294681e-8 7.026087295303185e-8 -9.288213750554038e-14 9507.350780128032 7.387780849071646e8
11050 281802.05077163986 25.474276652219004 3.5439662406285516e-6 2.9391972153932074e-9 2.0043765757325327e-9 2.739399678830523e-5 8.528324169088108e-8 7.109044303232892e-8 -1.3215946230890353e-12 9507.350780128034 7.387780849071671e8
11100 283075.5334751413 25.466900851535396 3.5836191065340068e-6 2.9235084351375193e-9 2.036131743018006e-9 3.095723695878405e-5 8.611336271835413e-8 7.88832508480386e-8 2.3478148116690443e-13 9507.350780128036 7.38778084907166e8
11150 284348.91175500845 25.469906206143435 3.5862261524621853e-6 2.92833722738858e-9 2.06113607712415e-9 2.7278792913421057e-5 1.1445324071823748e-7 6.927494183850413e-8 -4.84980540441484e-13 9507.350780127988 7.387780849071673e8
11200 285622.7063677449 25.48335044710323 3.6000194664354824e-6 2.9488828201683552e-9 2.0600447020707136e-9 2.7711877919500694e-5 8.747695090516316e-8 1.0718194602687969e-7 -7.573906184737973e-13 9507.350780128018 7.387780849071659e8
11250 286897.4395466085 25.507235583769415 3.6002706320476764e-6 2.9642878791786386e-9 2.0460282743635284e-9 2.890771793317981e-5 7.150697628466318e-8 1.0004461586943236e-7 -2.764194236942509e-13 9507.350780128038 7.387780849071617e8
11300 288173.63214419957 25.54150501997853 3.601131509387784e-6 2.9734892287540165e-9 2.0278512902960268e-9 3.671065678645391e-5 6.99451798841233e-8 1.1311366793220756e-7 -1.0368025733547814e-12 9507.350780127985 7.387780849071606e8
11350 289451.800612995 25.586039916124466 3.5828633383658448e-6 2.9752341376723594e-9 2.0332258652722447e-9 2.946351196442265e-5 8.553324230831105e-8 9.928377647794306e-8 -9.981057110581388e-13 9507.350780128008 7.387780849071679e8
11400 290732.45378478337 25.64065487274632 3.6350284719601156e-6 2.9862849021263232e-9 2.028884860533398e-9 2.7454845621832646e-5 9.671421524748425e-8 9.818790677740274e-8 -4.553736935396327e-13 9507.350780128048 7.387780849071707e8
11450 292013.47636883834 25.594028001847683 3.6671670993710512e-6 3.0007658554228274e-9 2.0238304812648796e-9 3.0605415304307826e-5 1.0680161427467638e-7 1.0124329671845622e-7 -3.556546737265373e-13 9507.350780128041 7.387780849071666e8
11500 293291.9586995154 25.547880226275645 3.714555739818483e-6 3.009836095703741e-9 2.0240047288060535e-9 2.788521237562236e-5 1.1076465938897329e-7 8.612102753158268e-8 1.5555466669833914e-13 9507.350780128081 7.38778084907164e8
11550 294568.39412915695 25.5119740431892 3.7739136100945454e-6 3.018443382776304e-9 2.0293360447555677e-9 2.854231934179552e-5 1.0869434370619491e-7 1.2716296599046828e-7 3.2639098525772687e-13 9507.350780128028 7.387780849071681e8
11600 295843.29829239147 25.486438267109797 3.7965971277783314e-6 3.0204581901118825e-9 2.042809685568787e-9 4.246588287060149e-5 1.0184101545407387e-7 1.1740828903539224e-7 -8.66065567105869e-14 9507.350780128048 7.387780849071668e8
11650 297117.19164583285 25.47133888626449 3.817446665053662e-6 3.027872939670234e-9 2.0438397908563995e-9 3.2745989301474765e-5 8.845931404044549e-8 9.438307690956549e-8 -2.4499691293713993e-12 9507.350780127994 7.387780849071603e8
11700 298390.59642285877 25.46668272426308 3.848444520303521e-6 3.035320576335e-9 2.041611424163801e-9 2.8129590646130964e-5 7.429185683305306e-8 1.1457099380329794e-7 -6.118719991892303e-13 9507.350780128036 7.387780849071672e8
11750 299664.0337556913 25.472420493579214 3.89329477832504e-6 3.041572606286217e-9 2.034683733153234e-9 4.043869012093637e-5 8.18709206540369e-8 1.3559928896400564e-7 8.39114359803808e-13 9507.350780127968 7.387780849071687e8
11800 300938.02093430876 25.488449206901997 3.9249944045127354e-6 3.051473136939012e-9 2.0340748103109156e-9 3.8244987081270665e-5 9.061181105440852e-8 1.2430024687315466e-7 -9.853001663693517e-13 9507.350780128038 7.387780849071662e8
11850 302212.75567864167 25.489428311342998 3.930781014214013e-6 3.061684507131406e-9 2.032536285257853e-9 2.6734283892437816e-5 9.242449144908349e-8 8.538823825787745e-8 -9.661809911088264e-13 9507.350780128036 7.387780849071662e8
11900 303470.1164815741 25.47308067930633 3.9629687545338645e-6 3.0627830521827507e-9 2.0339918201860046e-9 2.9181712307035923e-5 8.793943750973199e-8 8.108441418297474e-8 4.757447348740483e-13 9507.350780127992 7.387780849071631e8
11950 304743.56557005487 25.46673345228547 4.0294585546537065e-6 3.058846337941371e-9 2.0451219614384763e-9 3.300725256849546e-5 8.026544219552623e-8 1.0913954667790549e-7 5.079688275954201e-13 9507.350780128014 7.387780849071692e8
12000 306016.96189411543 25.470775555541934 4.05624670270334e-6 3.056437582722057e-9 2.0676238017884343e-9 3.06786041619489e-5 7.043592598066084e-8 1.2061971571553087e-7 -7.080647065817973e-13 9507.35078012806 7.38778084907169e8
12050 307290.82648158894 25.48525928704845 4.086212933809735e-6 3.05693857754648e-9 2.0839389166952984e-9 2.867731382139027e-5 8.457555805696515e-8 9.198159137135953e-8 -1.4841135954728053e-13 9507.350780128028 7.387780849071659e8
12100 308565.68155821745 25.51018093827597 4.116718088118438e-6 3.0652482217387075e-9 2.073570675756215e-9 3.0801396860624664e-5 6.689769603551721e-8 9.423231975280721e-8 -4.712965005918413e-13 9507.350780128005 7.387780849071678e8
12150 309842.0476761151 25.545477911572902 4.104118515480038e-6 3.0744396464351947e-9 2.062053789693139e-9 3.61651364073623e-5 7.722907457985428e-8 1.0548250606312592e-7 1.186549982611421e-13 9507.350780127976 7.38778084907166e8
12200 311120.44067730044 25.59102495735958 4.105849377385789e-6 3.079957230591353e-9 2.0671881893526503e-9 2.6668019927456044e-5 9.159316252671523e-8 8.85090993829607e-8 -4.109758783565167e-14 9507.35078012796 7.38778084907163e8
12250 312401.36598282546 25.644188492772162 4.099895638277271e-6 3.0944766280551345e-9 2.0607410389975528e-9 2.7356798455002718e-5 1.0543693514108998e-7 8.513380153618577e-8 -2.888940071170443e-13 9507.35078012805 7.387780849071702e8
12300 313682.1262371483 25.58898368000618 4.080077115385947e-6 3.10494167872281e-9 2.0568581165364175e-9 2.7247597245150246e-5 1.1583191018849082e-7 8.48200343017691e-8 9.905864529679072e-14 9507.350780128032 7.387780849071691e8
12350 314960.38205652643 25.543847054368626 4.073151217147444e-6 3.1063261665439046e-9 2.07328972033514e-9 2.670617868716363e-5 1.2057886081273672e-7 7.711925825715227e-8 7.437568330463229e-13 9507.350780128032 7.387780849071673e8
12400 316236.6419615892 25.508967769156822 4.061331352753162e-6 3.1209874394731908e-9 2.07905294544827e-9 3.4245262440890656e-5 1.1750708833746515e-7 9.453937693804093e-8 6.805501711379073e-14 9507.350780127992 7.387780849071664e8
12450 317511.42220856773 25.484468203123058 4.021892349543471e-6 3.1327638822876666e-9 2.0887967787084338e-9 3.485340130282566e-5 1.1925096954357173e-7 7.925427303323573e-8 -1.7607809409830861e-12 9507.350780128058 7.387780849071653e8
12500 318785.24356415286 25.47040830889036 4.00695793644776e-6 3.1365511672068757e-9 2.1033479881922684e-9 2.77897524938453e-5 1.0129150418425326e-7 7.797037188117528e-8 4.096051291651846e-13 9507.350780128014 7.387780849071573e8
12550 320058.62827897386 25.466789205248126 4.00220046093899e-6 3.1397764639203498e-9 2.115329290825254e-9 2.8632322937482968e-5 1.2190175113779844e-7 9.524204830357874e-8 1.5127681883795977e-12 9507.350780127983 7.387780849071627e8
12600 321332.0972237483 25.473556153030476 4.052081904347687e-6 3.154490638208873e-9 2.102552837594473e-9 3.7071455153636634e-5 1.4318816610181528e-7 7.693705188216438e-8 1.4613033525574082e-12 9507.35078012797 7.38778084907165e8
12650 322606.16716029827 25.49060093170786 4.031901805486309e-6 3.1654746548874215e-9 2.1134771710752674e-9 3.145435948681552e-5 1.2453878595053425e-7 6.963312459973281e-8 1.3709358506144581e-12 9507.350780127988 7.387780849071646e8
12700 323880.8940718347 25.487330612919514 4.000750318713008e-6 3.1673737915042665e-9 2.12504715438069e-9 2.6818317564902827e-5 9.887446911216458e-8 6.853410083884626e-8 1.502071175660927e-13 9507.350780128027 7.38778084907164e8
12750 325154.8232415348 25.47185034610477 3.988948656731394e-6 3.1709332333242483e-9 2.124728917179047e-9 2.8737162210745737e-5 8.926612737880646e-8 8.338410720926115e-8 -1.2212633443775267e-12 9507.350780128012 7.387780849071672e8
12800 326428.24047192704 25.466668096408597 4.0137333825625175e-6 3.1670063009317237e-9 2.149208451892495e-9 3.349280814290978e-5 1.1792836945856422e-7 8.518150029779292e-8 1.2604144109278615e-13 9507.350780127985 7.387780849071683e8
12850 327701.6634313036 25.47188378204611 4.037706734236383e-6 3.177881673378672e-9 2.1688355156502265e-9 3.2162354727915954e-5 1.1929912752117744e-7 8.195672639155216e-8 5.047759966403305e-13 9507.350780127992 7.387780849071723e8
12900 328975.6134215318 25.48754352697567 4.071374483018623e-6 3.189659107306673e-9 2.1746275215599374e-9 2.9731197628279915e-5 7.602019191921272e-8 9.777869094951264e-8 -2.9561541642866184e-13 9507.350780128043 7.387780849071683e8
12950 330250.61262640933 25.513637155140046 4.107888032425968e-6 3.1927407534423586e-9 2.1684043552245404e-9 3.100849426118657e-5 7.360321127580782e-8 9.295216196747447e-8 -1.5622687942153255e-12 9507.350780127992 7.387780849071655e8
13000 331527.18122266454 25.550095199461037 4.137723677033781e-6 3.2049866919390615e-9 2.1538142708019055e-9 3.514355557854287e-5 9.13678297326248e-8 1.028312617834537e-7 1.362414136455356e-13 9507.35078012807 7.387780849071637e8
13050 332805.8343229805 25.596785104750424 4.119124787401357e-6 3.209078053572214e-9 2.158295937492831e-9 2.8263266358408146e-5 1.084005942786348e-7 7.71182995795705e-8 -6.317440933818834e-13 9507.350780128 7.387780849071646e8
13100 334087.01721870963 25.637480072718173 4.137207956223254e-6 3.2205929795495273e-9 2.1475021001321244e-9 2.7764142942032777e-5 1.20176138720951e-7 8.939026752141643e-8 -3.022713155113815e-13 9507.35078012807 7.38778084907163e8
13150 335367.4705302558 25.583396758886987 4.117172784422575e-6 3.2313745651491226e-9 2.1455011249683533e-9 2.649841371749062e-5 1.2117005603051734e-7 9.224868419144272e-8 1.692483984722571e-13 9507.350780128018 7.387780849071681e8
13200 336645.47614658205 25.53940639263875 4.125885954450962e-6 3.2482400761294746e-9 2.140539036534792e-9 3.121119084426027e-5 1.1591760716578303e-7 8.013404673157254e-8 1.4139036208750855e-12 9507.350780128061 7.387780849071631e8
13250 337921.5436267002 25.505690388233482 4.119296384351939e-6 3.2603462596655644e-9 2.162076635720936e-9 3.101131187577266e-5 1.2080810812831189e-7 1.1343759359627725e-7 -2.712300563384484e-13 9507.35078012802 7.387780849071655e8
13300 339196.1898918916 25.482363905652782 4.153752043349157e-6 3.2671873198429314e-9 2.174460529906469e-9 3.2980107789626345e-5 1.300773256884824e-7 1.0531447253159243e-7 -1.9504339510429006e-13 9507.350780128023 7.38778084907168e8
13350 340469.93602418946 25.46948010915434 4.181557099795787e-6 3.282736589604855e-9 2.1584229920956707e-9 3.0174938729032874e-5 9.548264578995713e-8 1.0473720712944612e-7 -4.925340194001444e-13 9507.350780127994 7.387780849071654e8
13400 341743.3042592573 25.467033671742687 4.223745286087479e-6 3.2901214419042566e-9 2.1514264829233187e-9 3.501108062664571e-5 6.578751687857931e-8 1.2721604308874035e-7 -1.0149306522932972e-12 9507.350780128047 7.387780849071647e8
13450 343016.8151389833 25.47496373512754 4.2648566224547025e-6 3.2957317126814645e-9 2.151338779413117e-9 3.778686550504062e-5 6.773314747965387e-8 1.3800602932656503e-7 -2.484061729370341e-13 9507.350780128021 7.387780849071667e8
13500 344290.9847962909 25.49315616714405 4.269724311183619e-6 3.3060825464201912e-9 2.158965910004623e-9 3.14866156259086e-5 8.479317947784892e-8 1.0488580620693355e-7 4.2474223973580644e-13 9507.35078012802 7.387780849071676e8
13550 345565.67731859785 25.485078406746997 4.239150508658131e-6 3.3134338018770872e-9 2.16314842592477e-9 3.082631519646384e-5 9.246607890478487e-8 8.896228742560908e-8 -4.3718571327820997e-13 9507.350780128003 7.387780849071711e8
13600 346822.88570834365 25.47087147067716 4.226140000887349e-6 3.309996060255013e-9 2.1828727497621128e-9 3.080067654082086e-5 9.853881272059439e-8 9.661579536413001e-8 3.184512651686876e-13 9507.35078012804 7.387780849071646e8
13650 348096.28023973055 25.466720013990045 4.239419686075547e-6 3.310978564661717e-9 2.1991379040408684e-9 3.534827737894375e-5 8.532284007101154e-8 1.1362454527263921e-7 -1.1830532320555993e-12 9507.350780127972 7.387780849071709e8
13700 349369.7322419852 25.472973550281008 4.238676666126104e-6 3.320461071014962e-9 2.2123497707599496e-9 2.791868246276863e-5 7.60032917435094e-8 1.1795794796487513e-7 -2.2004468296486853e-12 9507.350780128014 7.38778084907168e8
13750 350643.7632310183 25.489672709181658 4.245499022714457e-6 3.3262093390786087e-9 2.2217129415944664e-9 2.7885957024409436e-5 7.620489406168218e-8 9.000157982774759e-8 -1.2022504213238715e-12 9507.35078012799 7.387780849071629e8
13800 351918.89532243425 25.516801532783774 4.31297957683848e-6 3.334691702472771e-9 2.1981757582595893e-9 3.2127025406225584e-5 7.507488505864579e-8 9.954584709315206e-8 4.611786102619666e-13 9507.350780127997 7.38778084907167e8
13850 353195.64832852513 25.554284470149856 4.325739618772092e-6 3.3377370667259204e-9 2.188204657487484e-9 3.640756585809868e-5 9.146340304577727e-8 9.208753976031048e-8 6.99988581632587e-13 9507.350780127976 7.387780849071642e8
13900 354474.53668261535 25.601982460460704 4.288175555524765e-6 3.3410310490215036e-9 2.1910344055712084e-9 2.8370102882036008e-5 1.0708039217821597e-7 8.54813738959681e-8 6.133710168104775e-13 9507.350780128021 7.387780849071673e8
13950 355755.8890660376 25.63165421357839 4.30669039615105e-6 3.3548578287283572e-9 2.1829775725574774e-9 3.0651101042167284e-5 1.1980078076789802e-7 8.929569028648388e-8 -5.628007097028827e-13 9507.350780128074 7.387780849071664e8
14000 357036.07632784895 25.57856486402528 4.280077089268198e-6 3.357363137768455e-9 2.198968241700898e-9 3.0291521397884935e-5 1.2393682628786262e-7 8.524312744562224e-8 5.089528570428289e-13 9507.350780128028 7.387780849071641e8
14050 358313.86616112944 25.53558960586943 4.271047384946306e-6 3.3667532695176773e-9 2.205416825988116e-9 2.975891879941628e-5 1.2023792994586557e-7 7.759153389241824e-8 -1.46164268956043e-12 9507.350780128036 7.387780849071628e8
14100 359589.76900703844 25.5029030701631 4.2410944167987495e-6 3.3860875558827765e-9 2.205958573964294e-9 2.999630851263646e-5 1.23682436847794e-7 8.720233057868398e-8 1.8878882544393836e-12 9507.350780128041 7.387780849071629e8
14150 360864.3023416514 25.48061408084556 4.235019938451325e-6 3.3862764609076226e-9 2.2272893233018473e-9 3.2726818972150795e-5 1.287848624409449e-7 7.898207188272721e-8 -1.045570534182508e-12 9507.350780128076 7.387780849071662e8
14200 362137.9874942044 25.468769811127263 4.2366802660524904e-6 3.3893069680848557e-9 2.23503044776771e-9 2.985398350574542e-5 1.0568883618278235e-7 8.880785190568119e-8 -1.169231830118697e-12 9507.35078012804 7.387780849071693e8
14250 363411.3466563081 25.46735927247933 4.303112606985229e-6 3.392872525745921e-9 2.2304260075617184e-9 2.9268599973875098e-5 1.3581377811267004e-7 8.878767970843526e-8 -6.982454711036654e-13 9507.350780127972 7.387780849071628e8
14300 364684.9000500387 25.476316215649444 4.393310273957494e-6 3.412184064322814e-9 2.215788355239742e-9 3.521157668728847e-5 1.4467337972057237e-7 8.070983179009339e-8 -2.632384066798352e-13 9507.350780127983 7.387780849071691e8
14350 365959.1632244417 25.49552133050578 4.4493593157457295e-6 3.4140390723268265e-9 2.2460601692648607e-9 3.512550529194414e-5 1.0089231738952265e-7 5.5911731772217976e-8 4.090020760991656e-13 9507.350780128016 7.387780849071714e8
14400 367233.80287612416 25.48319485798348 4.456452600988401e-6 3.417525522972616e-9 2.2579161367094538e-9 3.320207179058343e-5 9.25489624381548e-8 6.971378168491027e-8 8.657769631385599e-13 9507.350780128052 7.387780849071697e8
14450 368507.5805282318 25.469887121907586 4.4933293801930245e-6 3.4127270974475063e-9 2.267639362099165e-9 3.330166873638518e-5 8.89106164247977e-8 9.57205457535748e-8 1.1966870174830738e-13 9507.350780128038 7.387780849071635e8
14500 369780.95556561777 25.4669029791105 4.495228518526617e-6 3.4060340385713427e-9 2.2968249255575907e-9 3.1046802178025246e-5 1.179497114978112e-7 9.073763021505421e-8 -7.34132393280786e-13 9507.350780128014 7.387780849071677e8
14550 371054.4466511489 25.47433113072519 4.518431747517362e-6 3.414301835455125e-9 2.3163647934681533e-9 3.0076987968641333e-5 1.1257473736536738e-7 1.0599533628585789e-7 -1.394761232857654e-12 9507.350780128061 7.38778084907159e8
14600 372328.5755081625 25.49220597799707 4.590378835460295e-6 3.4146670577208166e-9 2.3333604725869426e-9 2.96078924293397e-5 7.813234925713175e-8 1.0031903141527465e-7 -1.113311341504361e-12 9507.350780128016 7.387780849071676e8
14650 373603.86414046236 25.52050502048592 4.664072801163423e-6 3.4220003512873954e-9 2.30493132778602e-9 3.632138032116927e-5 8.829943969057563e-8 1.1006643693689533e-7 7.265454113740135e-13 9507.350780128016 7.387780849071707e8
14700 374880.83191219106 25.559145785692657 4.7270575624684465e-6 3.423766698983119e-9 2.2870628223388196e-9 4.255532803654205e-5 1.086827459417794e-7 1.0321132248858333e-7 -2.6651990079403594e-13 9507.35078012801 7.387780849071708e8
14750 376159.99244998925 25.60798178469146 4.7230181248858665e-6 3.4278603351843303e-9 2.2964023876684353e-9 3.152500903524924e-5 1.23226670700749e-7 1.0584579726580223e-7 -9.971048104832878e-13 9507.350780128001 7.387780849071703e8
14800 377441.47054291295 25.62518114340809 4.756695026244381e-6 3.4330959402015907e-9 2.302204934748922e-9 3.05603098240681e-5 1.3065790940847144e-7 1.0020603585791932e-7 8.766334439075753e-13 9507.35078012807 7.387780849071678e8
14850 378721.3627877474 25.573219216339567 4.779100066336455e-6 3.440533799035072e-9 2.295670367490009e-9 3.370587432982575e-5 1.3301986424851808e-7 7.985302574731179e-8 9.073555575863935e-14 9507.350780128016 7.387780849071693e8
14900 379998.91459661507 25.531394460404798 4.772583469172989e-6 3.4493155407548158e-9 2.299149823578424e-9 3.420527082198532e-5 1.2953300922158295e-7 7.492789627638885e-8 4.932701270315231e-13 9507.350780127996 7.387780849071692e8
14950 381274.6373679479 25.499873879360397 4.786099800826329e-6 3.456525255248231e-9 2.320654111612847e-9 3.4818669519154355e-5 1.1798142690588875e-7 1.0838495140275128e-7 -1.6446958581489196e-12 9507.350780127996 7.387780849071704e8
15000 382549.0491666409 25.478759164772956 4.810435724782373e-6 3.4755979390858966e-9 2.3127818379525397e-9 3.455788282735739e-5 1.1528784638059619e-7 8.965747433364868e-8 -1.0457160327000236e-12 9507.350780128034 7.387780849071606e8
15050 383822.6715651769 25.468090774731664 4.8459629548546486e-6 3.49737688400954e-9 2.290990359827698e-9 3.1955702070263214e-5 8.161893200187009e-8 9.70839096336995e-8 -8.896372841705014e-14 9507.350780128016 7.3877808490717e8
15100 385096.0266717681 25.467851364472665 4.862943960083302e-6 3.5036768245674626e-9 2.292921601618697e-9 3.0275997232820373e-5 6.580264316768947e-8 1.262526984624479e-7 -4.894742430104146e-13 9507.350780128061 7.387780849071683e8
15150 386369.63431560504 25.477968625999893 4.879212108094915e-6 3.5163387670867005e-9 2.3008639821764667e-9 3.4764087104122154e-5 7.152449732483745e-8 1.3204219961870933e-7 -7.907011639410922e-13 9507.350780128085 7.387780849071665e8
15200 387644.00935491035 25.498317384064688 4.861716707770318e-6 3.5398428558206062e-9 2.3087471150234055e-9 3.774692777369637e-5 8.129422662817021e-8 8.96611136447234e-8 9.93754396018685e-13 9507.350780128008 7.38778084907171e8
15250 388901.92776629614 25.481412058112184 4.845654820118067e-6 3.5518975106899542e-9 2.3232891679051283e-9 3.840356657747179e-5 8.542131302302636e-8 7.393335893501884e-8 -3.8991879685447485e-13 9507.350780128056 7.387780849071658e8
15300 390175.6422722176 25.469125935206126 4.879651230671018e-6 3.5527259028439056e-9 2.3404960496259273e-9 4.0516637682230794e-5 1.0210648179742599e-7 9.01616867832189e-8 -6.711166981766098e-13 9507.35078012801 7.387780849071643e8
15350 391449.0055508432 25.467174588624093 4.8701686963922876e-6 3.556644215261385e-9 2.3628605236885767e-9 3.446051232458558e-5 9.647293164327664e-8 1.319328182258772e-7 -1.3545222777207627e-12 9507.350780128001 7.387780849071728e8
15400 392722.53669027495 25.47564143296954 4.8526341993730875e-6 3.568125694317811e-9 2.385033222100852e-9 3.1631343517801724e-5 8.621968194955087e-8 1.0900473154662471e-7 3.8893572463415495e-13 9507.350780128074 7.387780849071729e8
15450 393996.75756866974 25.494555337609334 4.8673141038774135e-6 3.576579830232407e-9 2.3822847472135214e-9 3.37129922627355e-5 7.584574238106434e-8 9.495828817707164e-8 -4.4816797966937856e-13 9507.350780128016 7.387780849071639e8
15500 395272.19006126106 25.523887992791444 4.880114258217882e-6 3.5890158137453826e-9 2.3472533217394037e-9 3.33679035975365e-5 9.284944171850107e-8 8.455453598399387e-8 -1.7093012681410183e-13 9507.350780128087 7.387780849071676e8
15550 396549.35310416535 25.563550746148422 4.853918504939874e-6 3.5944705185746914e-9 2.3413187839219403e-9 3.8255805975495605e-5 1.132030738731915e-7 8.127153039438895e-8 -3.53614045053041e-13 9507.350780128058 7.38778084907163e8
15600 397828.7595755577 25.613390476918166 4.8178327784935415e-6 3.6037425466361995e-9 2.352226827683418e-9 3.08361959469039e-5 1.322915573476191e-7 7.621049394335166e-8 6.190023837745884e-13 9507.350780128076 7.387780849071689e8
15650 399110.2903059093 25.619563537888947 4.840226988142791e-6 3.6105610161081826e-9 2.3552182780917694e-9 3.211393595847767e-5 1.4294477797271998e-7 7.822494102471822e-8 3.1584856471391664e-13 9507.350780128003 7.387780849071642e8
15700 400389.9270506971 25.568600695027033 4.876582468562148e-6 3.606512853823714e-9 2.358186329464157e-9 3.271961941209156e-5 1.436755746458962e-7 6.817786782353785e-8 9.936926548714497e-13 9507.350780128021 7.387780849071707e8
15750 401667.2738441682 25.527794701438566 4.8897655070222826e-6 3.609398627271225e-9 2.366816871336056e-9 3.857876777146885e-5 1.3634575678211913e-7 7.596208956295314e-8 -1.1188041498473509e-12 9507.350780128032 7.387780849071647e8
15800 402942.84289688006 25.49730588842668 4.881135255383256e-6 3.624007289783959e-9 2.3742211570847296e-9 3.506976645439863e-5 1.2322564929556634e-7 7.55816254582875e-8 9.17758701588766e-13 9507.350780128072 7.38778084907164e8
15850 404217.1527621044 25.477229664177063 4.928115640302622e-6 3.619199359128182e-9 2.3842168679112277e-9 3.324608405819163e-5 1.035225197787426e-7 8.600842696382394e-8 -1.0602036646908139e-12 9507.350780128 7.38778084907166e8
15900 405490.72519614344 25.46760057030184 4.947747734340557e-6 3.625958244633835e-9 2.378963085473733e-9 3.105485848209355e-5 8.230292158906138e-8 1.0153301616133703e-7 1.6073565831711364e-12 9507.350780128001 7.387780849071652e8
15950 406764.082203403 25.468395652827336 5.018864393582998e-6 3.6357328450803196e-9 2.371633669970357e-9 3.388297227502335e-5 1.273109421218166e-7 9.082819979466805e-8 3.3794710928870244e-13 9507.350780127992 7.387780849071653e8
16000 408037.7432355878 25.479537266612713 5.070147793773761e-6 3.6559316141349007e-9 2.3684031156838217e-9 3.6252071367925964e-5 1.346868674922952e-7 9.277821708120193e-8 -6.057017133740579e-13 9507.350780128028 7.387780849071647e8
16050 409312.2224804494 25.5008626334446 5.089202333937744e-6 3.662392072538837e-9 2.395463964903935e-9 3.973755519837141e-5 9.091519054260644e-8 7.52650343716077e-8 -2.31273243886016e-13 9507.35078012807 7.387780849071728e8
16100 410586.6790852064 25.479517036975537 5.104148393436146e-6 3.668240605713366e-9 2.400426270758049e-9 3.781595660257153e-5 9.171885873016095e-8 8.468830211064149e-8 1.115354782032431e-12 9507.350780127994 7.387780849071605e8
16150 411860.3282893628 25.468388233982232 5.146966779855903e-6 3.666528518663626e-9 2.4116517816352402e-9 3.898318391293287e-5 7.870293206035939e-8 8.606171489344838e-8 3.300356273987863e-13 9507.35078012804 7.387780849071705e8
16200 413133.6844635895 25.46760623702778 5.146821210134119e-6 3.6694652122925548e-9 2.429464611342869e-9 3.5853108784067445e-5 1.1426182910945215e-7 9.001904291427998e-8 -1.0692705196770554e-14 9507.350780127992 7.387780849071693e8
16250 414407.2671451198 25.477248447255306 5.149371904233917e-6 3.690499170190683e-9 2.4330421738705543e-9 3.5682123780134134e-5 8.368211185105778e-8 7.759203665691494e-8 2.478950136715513e-13 9507.350780128063 7.387780849071655e8
16300 415681.59835406416 25.49733745636936 5.192239647543803e-6 3.6977158604103545e-9 2.4314041363459598e-9 3.45270054822322e-5 7.100264899639885e-8 7.513840030726193e-8 -9.613221064054732e-13 9507.35078012797 7.387780849071662e8
16350 416957.19978502305 25.527838325855015 5.225154594583077e-6 3.706609573851159e-9 2.3998054487312046e-9 3.5502618629834615e-5 9.15463030937147e-8 7.635986284948437e-8 -1.9582377448853134e-13 9507.350780127988 7.387780849071625e8
16400 418234.58985209645 25.568655360290684 5.229343794818147e-6 3.7095338845265044e-9 2.392709426002621e-9 3.4993588542420184e-5 1.1130332988606995e-7 8.145940566528509e-8 -1.5422962510050292e-14 9507.350780128008 7.387780849071612e8
16450 419514.2805465899 25.61962789745388 5.210929614631656e-6 3.709288714225353e-9 2.4053472858581403e-9 3.327378544781823e-5 1.278592260123279e-7 6.72508508881009e-8 1.1083857201249023e-12 9507.350780128014 7.387780849071672e8
16500 420795.8047241561 25.61332715603183 5.2049778655877e-6 3.7152686481724467e-9 2.3993532550250864e-9 3.344182186992839e-5 1.3929326965478328e-7 6.493532367368715e-8 -4.344529495927321e-13 9507.350780127985 7.387780849071612e8
16550 422075.1584351476 25.563497290265673 5.215462576487773e-6 3.7204068464135188e-9 2.3890949983698876e-9 3.518406902003335e-5 1.4380308201167313e-7 5.21464845470998e-8 1.5645398154837862e-14 9507.350780128014 7.387780849071642e8
16600 423352.2794227412 25.523845708403393 5.193793913984236e-6 3.727615340219649e-9 2.3982833855110642e-9 3.4417804272379726e-5 1.34492365827521e-7 8.357507480516446e-8 -4.703263509372218e-13 9507.350780128016 7.387780849071666e8
16650 424627.68077463104 25.494525196534738 5.218120363539307e-6 3.728914814514208e-9 2.4163577767398787e-9 3.7967618482070975e-5 1.289176158048022e-7 1.0975565462034709e-7 2.7779424110071094e-13 9507.350780128061 7.387780849071647e8
16700 425901.8815572316 25.4756241249343 5.272065113992818e-6 3.7354861487265616e-9 2.4059078202867056e-9 3.9611664760741405e-5 1.0794051874540855e-7 7.929561540720442e-8 -9.266570846073578e-13 9507.35078012805 7.387780849071637e8
16750 427175.40369886725 25.46717041231085 5.361267849489315e-6 3.743980852423045e-9 2.3863757733639787e-9 3.721741268236656e-5 6.784358907996335e-8 9.887675067599133e-8 -6.002101015649291e-14 9507.350780128092 7.387780849071629e8
16800 428448.7690544837 25.4691348431266 5.439300249925581e-6 3.7515817943947795e-9 2.378117196513602e-9 3.6480358176049776e-5 6.004864283593037e-8 1.286050596016608e-7 5.832853694057509e-13 9507.350780128027 7.387780849071634e8
16850 429722.49661958555 25.48143374665626 5.438417660142459e-6 3.764411452282524e-9 2.3915411406993484e-9 4.040717794850934e-5 6.93373759519389e-8 1.2043051050847353e-7 7.306423433145871e-13 9507.350780128008 7.387780849071659e8
16900 430997.07984952047 25.497955289838774 5.426867080349389e-6 3.783754118788797e-9 2.399040077293841e-9 4.070452450832818e-5 8.412974150662222e-8 8.24781836855637e-8 2.379510036423788e-12 9507.350780128056 7.387780849071616e8
16940 432000.0 8.852558191574644 5.4053430538873025e-6 3.7952958202204146e-9 2.398887716748048e-9 4.259745401213877e-5 8.616267138661371e-8 9.30306882779286e-8 -2.0851564846050939e-13 9507.35078012801 7.387780849071687e8
