#timestep time dt l2_h l2_h_vcon1 l2_h_vcon2 linf_h linf_h_vcon1 linf_h_vcon2 l2_H l2_vcon1 l2_vcon2 linf_H linf_vcon1 linf_vcon2 dsdu_ut mass entropy 
0 0.0 100.0 0.0 0.0 0.0 0.0 0.0 0.0 0.0 0.0 0.0 0.0 0.0 0.0 -3.7043925696149964e-13 9507.350780127921 7.387780641008914e8
50 1639.458467156871 32.753155333037974 6.701823648497347e-6 4.1029477945114614e-5 0.00010401327756464548 2.0321457549829013e-5 0.00020225811794343564 0.00020095152627150025 5.1830800438993e-6 6.630349082532261e-5 8.855947002739728e-5 1.994625380440543e-5 0.00018600610007647996 0.00017417748871744859 4.905904113362863e-13 9507.350780127894 7.387780641008914e8
100 3275.5586546200125 32.69517030644833 1.2111147501419688e-5 8.32972475676987e-5 0.00018917307158594464 4.10586542530774e-5 0.000444258680778025 0.00038193059834438445 9.366562030830917e-6 0.00013457540575305833 0.00016802071505824152 4.0302024411519506e-5 0.0003985391735852367 0.00030747942836036014 -2.9258988568208083e-13 9507.350780127945 7.387780641008941e8
150 4909.246459825956 32.6563477619233 1.676785126867032e-5 0.00012298662571727355 0.00023567827044383875 5.587311710869244e-5 0.0008419633973939737 0.00046806997999523204 1.2967980037673046e-5 0.0002004883932320463 0.00023039016248286917 5.484055189001205e-5 0.0007690693094625063 0.0004976782346008868 4.069364144981621e-13 9507.350780127876 7.387780641008902e8
200 6541.492526845635 32.63722925459759 2.0284278327110617e-5 0.00015727124929398013 0.00025050873244941414 7.04847844260086e-5 0.0012865649629751122 0.0007189172528375181 1.568752681603576e-5 0.00025572843229290903 0.00027938921872792 6.918083120141453e-5 0.0012029249980829613 0.0008846107278510704 6.04324314763586e-13 9507.350780127896 7.387780641008915e8
250 8173.299625160225 32.63842085317404 2.2359889141242987e-5 0.00018295040889223355 0.00025679045766506395 6.381699180370314e-5 0.0016358829062829907 0.0011303398437628677 1.7292770038459754e-5 0.0002921302872859057 0.00032725298123107376 6.264094316766832e-5 0.0015752632456214602 0.0014331842846141188 -1.8807599435594392e-14 9507.350780127905 7.387780641008933e8
300 9782.76561696649 32.65955591247558 2.2928210421567928e-5 0.00020183956703453816 0.0002695774894028263 6.610322247832001e-5 0.0018986915789055803 0.0015470949098613444 1.7732300357527402e-5 0.00031201080823151507 0.0003774238350188522 6.488055645913452e-5 0.0018841058412130073 0.002009891382312233 7.08899468628601e-13 9507.350780127934 7.387780641008914e8
350 11416.390688619054 32.66793828255772 2.2090470588344876e-5 0.00021743644369986943 0.0002907691647177365 6.477033241939354e-5 0.002116824677406909 0.0019148716420876277 1.7084406166441136e-5 0.00032584811128870216 0.0004278573630644009 6.35720014906093e-5 0.0022290486717805864 0.0025603389602287304 -1.5764995442210694e-12 9507.350780127968 7.387780641008868e8
400 13049.026375035492 32.64141896484678 2.0386554268212224e-5 0.00023089974838402835 0.0003147331911921394 6.362254277625102e-5 0.002355354509744333 0.0021966734228520044 1.5766625344600275e-5 0.00034255713924458245 0.00047031433053661907 6.24516127838933e-5 0.002473875176551763 0.0030505046730065835 4.1649337056315466e-13 9507.35078012791 7.387780641008927e8
450 14680.856144372763 32.6352914518946 1.8715403341071178e-5 0.00024048855482315247 0.0003404517796495117 5.845668875100164e-5 0.002636705445124766 0.002402757265787298 1.447418473811701e-5 0.0003616215597676673 0.0005022069121673402 5.737697095255392e-5 0.0026146361735265963 0.003336638299643447 -7.630402373621728e-13 9507.350780127896 7.387780641008976e8
500 16312.899001107826 32.64951579227941 1.8046880009018563e-5 0.00024629354289318074 0.00036719462092173834 6.559504554434896e-5 0.0029244474754094476 0.002550415987798684 1.3957159802371673e-5 0.00037645022917413574 0.0005251250627353848 6.438170802538532e-5 0.0028399688474726394 0.0035044189766977804 -7.826289341684637e-15 9507.350780127887 7.38778064100893e8
550 17933.510772805286 32.68339543470923 1.8840247629746287e-5 0.00024994244310930566 0.00039195965195931633 7.269203528808326e-5 0.0032771560403846815 0.0027515910436084353 1.4570737255038878e-5 0.0003829818703898067 0.0005434711681218464 7.13526468214774e-5 0.0031603694118301877 0.003631512887587344 6.077243856713237e-14 9507.350780127923 7.3877806410089e8
600 19568.966992035945 32.73700486830449 2.080055828033115e-5 0.0002523109053842711 0.0004128816354781489 7.511416901528868e-5 0.0035995835927427355 0.0031685180321775314 1.6086809229743282e-5 0.0003832214799754585 0.0005661355073072782 7.37267352513611e-5 0.0034689644933993393 0.004099160608464716 3.943469627587007e-13 9507.350780127923 7.387780641008971e8
650 21207.58782639246 32.80951522248188 2.3283546682330546e-5 0.00025522768665377845 0.00042954784872556244 8.250231566764146e-5 0.003924435399166631 0.003712525841961458 1.8007111569916343e-5 0.0003855913634229252 0.0006001806436354509 8.097787514179484e-5 0.0038128673337914144 0.004688126083726854 -7.913588459586012e-13 9507.350780127908 7.387780641008866e8
700 22847.632324307822 32.76664535736174 2.58148949996788e-5 0.00025957082430073383 0.0004431624099212383 9.675889873337873e-5 0.00416694514443016 0.0039046217485288275 1.9964814672226842e-5 0.00039603453203922254 0.0006457739200745079 9.497278207705703e-5 0.0040715997229227655 0.005043508695583657 -6.141110053493716e-13 9507.35078012791 7.387780641008915e8
750 24484.299350950358 32.70448001245164 2.7981559811804357e-5 0.00026836677889210833 0.000455481420110687 0.00010481457069619923 0.0043299689667606195 0.003963835778192184 2.1640477557218935e-5 0.00041360229617930423 0.0006930613319912048 0.00010288080252425029 0.004270652646670539 0.005284412072355812 1.8442321547533377e-13 9507.35078012783 7.387780641008912e8
800 26115.980233440754 32.66168145413532 2.945356062208408e-5 0.00028499623461064084 0.00046564178983597536 0.0001286977553798906 0.004432499054609195 0.004048690909037469 2.2778898742930935e-5 0.00043359766642035426 0.0007303965572768367 0.00012632062698931805 0.0044383504357862575 0.005540563778662851 -8.12280002985492e-13 9507.350780127908 7.387780641008974e8
850 27748.395241488106 32.6387125810032 3.0024706368684877e-5 0.00030686965388455564 0.00047505549051194237 0.00013580229982608204 0.0044578389600539465 0.004166381586444373 2.322061345770477e-5 0.00045223858807933186 0.0007563420891690681 0.00013328821283302837 0.004555104552921633 0.0057656659760866175 -1.2371663413749542e-12 9507.350780127923 7.387780641008916e8
900 29380.17538413813 32.635960431380894 2.975315520781731e-5 0.000327907753598071 0.00048366582427884823 0.00012001669265711379 0.0043771263306614525 0.004320656822911268 2.3010600261802806e-5 0.0004696909418132788 0.0007734113561804569 0.00011780080454411535 0.004576641637723206 0.006025382995378551 4.755581158590584e-13 9507.35078012792 7.387780641008942e8
950 31012.336480654212 32.65349128321933 2.904080334110091e-5 0.00034366959972994025 0.0004895598433497212 0.00012295348948642286 0.004200860737003543 0.004468594973688533 2.245967905911783e-5 0.00048688625250860844 0.0007830259038667505 0.0001206818942539742 0.004496320831709165 0.00606175053603323 3.6133219766639353e-13 9507.350780127923 7.387780641008883e8
1000 32645.815954447375 32.67594232487015 2.8329071557544208e-5 0.0003538251391105331 0.0004909782130943196 0.00011900497118233419 0.003990040984134294 0.0046224530403861045 2.190923741853654e-5 0.0005046817747681848 0.0007823186204320697 0.00011680402507254169 0.004330069398126426 0.006053019552759277 3.978183470906013e-13 9507.35078012791 7.3877806410089e8
1050 34278.75383630634 32.645584420201416 2.7982738095807876e-5 0.0003605794046384433 0.0004895657573130001 0.00010412693222921666 0.0038023169405788457 0.0047631591903710005 2.1641388822660712e-5 0.0005254547458703563 0.0007692098372678913 0.00010221338736770899 0.004034610276840499 0.006102989905463982 -2.780074869747394e-13 9507.35078012789 7.38778064100893e8
1100 35898.14885688638 32.63558670661611 2.8161048007363804e-5 0.00036619511228883013 0.0004871972273242124 9.986556985393514e-5 0.0037158410907987523 0.004986679764880108 2.177929077184533e-5 0.0005547418573858039 0.0007449797196666838 9.801998081837263e-5 0.0037819719948550276 0.006226773955649341 3.478793270196181e-13 9507.350780127861 7.387780641008946e8
1150 37530.10350286751 32.64578318840299 2.8933134430833645e-5 0.0003728707748200283 0.00048586256102171616 0.00010199729649872188 0.00413466885803699 0.005277813724931916 2.237640969701294e-5 0.0005961365758089544 0.0007137755143250784 0.00010011064553359281 0.004067125848312747 0.006365194688514301 1.9312249599603216e-13 9507.350780127901 7.387780641008921e8
1200 39163.079943077355 32.676024431778174 3.0486413583774222e-5 0.000380642956028497 0.00048518015184602066 0.00010000511596358443 0.004335639101421723 0.005742036180821232 2.3577690214446803e-5 0.0006414880910204266 0.0006828620315233364 9.816241817273174e-5 0.004222710312940488 0.006474401659963347 -3.8256923965937485e-13 9507.350780127908 7.387780641008921e8
1250 40798.07436971792 32.72599394813396 3.2690830441211186e-5 0.00038963518488159337 0.0004857887132770631 0.00011040194151522932 0.004410470945428835 0.006171682332101428 2.5282549909581378e-5 0.0006803895419385909 0.0006595742773144534 0.00010836366130688743 0.0042786144733052535 0.006636271354771554 1.0027911832618428e-13 9507.350780127903 7.387780641008897e8
1300 42436.05946219939 32.79519382080215 3.5185208917905825e-5 0.00039923845734764224 0.000487514443648933 0.00011413123797837466 0.004428651313613377 0.0066277945851595695 2.7211661145951484e-5 0.0007076507579242919 0.0006462465985638766 0.00011202168588734741 0.004324190480187106 0.006795093980446669 -2.805977436966815e-13 9507.350780127901 7.387780641008879e8
1350 44052.86129985528 32.78271860775476 3.7486758076370835e-5 0.0004093794063580351 0.0004897077257344396 0.00012424776607057784 0.004359247731729896 0.0065908415108912625 2.8991641363122006e-5 0.0007234950137753608 0.0006425545135008198 0.00012195162963247424 0.004276944836588929 0.00689813416892339 1.1773128408909942e-13 9507.350780127896 7.387780641008952e8
1400 45690.23331427838 32.71659114803478 3.9286556045932785e-5 0.00042049465225840456 0.0004908292163469741 0.00013896373041864213 0.0041975248188987745 0.006168596637744662 3.038357547365064e-5 0.0007287605460890203 0.0006471298601957237 0.00013639932410392292 0.004123701054854338 0.006836821703793666 5.042825887755545e-13 9507.350780127923 7.387780641008916e8
1450 47324.780932582755 32.66947699981943 4.0134920285471044e-5 0.0004350719584798696 0.0004922382795802596 0.0001472370829245962 0.004255930097880196 0.00576614070799694 3.1039686405618487e-5 0.0007269998820320718 0.0006590829118388034 0.00014451949888157108 0.0042447813915852195 0.006717946262856481 1.5483340919718364e-12 9507.350780127874 7.387780641008877e8
1500 48957.472764451726 32.642060531475465 3.9756175673227535e-5 0.000455590355543839 0.0004937329312076212 0.0001382561859228972 0.0043086923752715 0.0054297729294064375 3.07467715596869e-5 0.0007276242563704718 0.0006748631772818479 0.00013569737963234097 0.004388257287615149 0.006608129119821839 -5.668010097007144e-13 9507.350780127916 7.387780641008903e8
1550 50589.307239298745 32.63485940491897 3.821635163916252e-5 0.0004807904359256716 0.0004947635771468476 0.0001272582457305564 0.004302966894719496 0.005174516626592439 2.9555897009612558e-5 0.0007374331878259476 0.000692582342404126 0.00012490644299885525 0.004475426464241254 0.006499264685784513 -8.712298810209992e-13 9507.350780127901 7.387780641008952e8
1600 52199.101694252466 32.64777351799709 3.6067220033353204e-5 0.000505635160687105 0.0004963736556286953 0.00013314000269014177 0.004392292831158837 0.005172232225163761 2.7893794017647848e-5 0.000752870513342344 0.0007118228000462429 0.00013068612463053343 0.004525192860102683 0.006654870238964173 7.905777485879047e-13 9507.35078012791 7.38778064100888e8
1650 53832.25746471017 32.68119403390577 3.4056191523892585e-5 0.0005257228549317262 0.0005014329736249465 0.00013977479145811357 0.004878009490313036 0.005307829053676686 2.6338497686113733e-5 0.0007650280873322128 0.0007355303671461113 0.00013718851656543501 0.004950611613773372 0.0069762009824167305 -3.87286455152993e-13 9507.35078012789 7.3877806410089e8
1700 55465.62324984352 32.652266507039194 3.290717412727035e-5 0.0005394985888478183 0.0005121238580336073 0.00013747190950682623 0.0050939331148690615 0.00544337238512655 2.5449866553621224e-5 0.0007694911936962919 0.0007678229672318745 0.00013493730442065374 0.0050243444461542126 0.00743856164604885 -9.690202087052583e-14 9507.350780127956 7.387780641008977e8
1750 57097.78797565341 32.638057284174685 3.284173760782519e-5 0.000547193560657258 0.0005300876808896289 0.00013068235310357762 0.004980044731317249 0.0057693005734494865 2.5399259027093735e-5 0.0007662377623884722 0.0008124907350444033 0.00012826734357074883 0.00488951802715468 0.008032835828781861 -3.2034181579388627e-13 9507.350780127908 7.387780641008945e8
1800 58729.758686796675 32.644017916307575 3.345732503944317e-5 0.0005517542068829262 0.0005542398946699065 0.00013304869223909916 0.005581277935642159 0.00626092630895124 2.5875344209193743e-5 0.000760518737379885 0.0008663427911121569 0.0001305861549192353 0.00543080203963983 0.008630225895677059 -8.73465963690052e-13 9507.350780127941 7.387780641008953e8
1850 60362.54191061728 32.670071030068264 3.41295546092449e-5 0.0005554219042387068 0.0005833420652440176 0.00011925794962476908 0.006097956684552568 0.006856444605637027 2.639523548818248e-5 0.0007567028553554175 0.0009246329225372019 0.00011705662381990156 0.0058845456756473225 0.009317054750505453 -5.811211281634838e-13 9507.350780127941 7.387780641008917e8
1900 61983.882145864016 32.71533811220549 3.451283643153418e-5 0.0005594141883368649 0.0006133975285737835 0.00011572812081954838 0.006574932752786762 0.007496548997291942 2.6691659337643228e-5 0.0007558863207730171 0.0009811219522675716 0.00011359246252901883 0.006329492144794861 0.00985860425893276 -7.979445688880032e-15 9507.350780127901 7.387780641008967e8
1950 63621.22181395682 32.7801063944269 3.463546273333072e-5 0.0005642044313497235 0.0006407692047404054 0.00011235861009341524 0.007007901852386653 0.008273596468619214 2.6786496500038674e-5 0.000756134040719268 0.0010317197886803874 0.0001102823297832311 0.0067829953668305494 0.010504205471419701 -4.932859630469252e-13 9507.350780127921 7.387780641008928e8
2000 65261.62970958588 32.7985587612286 3.4561919517632206e-5 0.0005714731869403349 0.0006623975803256233 0.00011189197915761205 0.007306483630235764 0.008753205600529628 2.6729619388130115e-5 0.0007573141256342676 0.0010705728402465246 0.00010982383283630171 0.007124282305170139 0.01110312961660581 1.404099102000574e-12 9507.350780127927 7.387780641008894e8
2050 66899.69777026595 32.72864645839833 3.442892584185809e-5 0.0005815862177759814 0.0006780605346351654 0.0001128177965581747 0.007414275798293513 0.0085502502182082 2.6626764269431096e-5 0.0007600920930556759 0.0010962874678966082 0.00011073486151311343 0.007271634808650524 0.011222953682008058 -3.523361767230041e-13 9507.350780127968 7.387780641008961e8
2100 68534.75270285548 32.677759430839494 3.445305395305756e-5 0.0005948712506032354 0.0006870311649517409 0.0001117701764111751 0.00725109609993285 0.008430155961950911 2.6645424553288443e-5 0.0007652979008894348 0.0011088336965884864 0.00010971082027693217 0.007219361215997711 0.011396115905703027 -3.506361412691352e-13 9507.350780127901 7.387780641008937e8
2150 70164.94055749476 32.64644454428528 3.4588377685815546e-5 0.0006113347837199246 0.0006915207721366798 0.00011879061560572931 0.006945218164562745 0.00834993594191213 2.6750081699687393e-5 0.0007747567839422647 0.001109508246345124 0.0001165933000035749 0.007060161949727906 0.01148234334190389 1.1595084155295297e-13 9507.350780127916 7.387780641008949e8
2200 71796.88941623834 32.6351597205153 3.451820643773794e-5 0.0006311693940612797 0.0006948961612260116 0.00012943064925868646 0.006567733886834311 0.00837013979884046 2.6695812412005844e-5 0.0007939308608630996 0.0010984907350497775 0.00012703871311042466 0.0068018926785548646 0.01163022423861143 -2.820948469905165e-13 9507.350780127925 7.387780641008924e8
2250 73428.794231267 32.644244786405515 3.407776751480631e-5 0.0006532062035010659 0.0006990975497840359 0.00013656502589783127 0.00664101945612993 0.008502239050782304 2.6355184202172274e-5 0.0008274790559071136 0.0010763481163359207 0.0001340553758774534 0.006917322001631321 0.011709487506645785 4.0071443789334917e-13 9507.350780127908 7.387780641008971e8
2300 75061.6714501106 32.67354226704937 3.354250559453587e-5 0.0006758471447154674 0.0007034383478561563 0.00013258027094375474 0.006642584685641292 0.008812965602461439 2.5941221447746192e-5 0.0008752663992595168 0.001047165580047185 0.0001301282506403093 0.007204317495629419 0.0116816267189776 2.3849123494398776e-13 9507.35078012787 7.387780641008915e8
2350 76695.25568306797 32.657082734996095 3.336064056991704e-5 0.0006966561846396521 0.0007041082621179707 0.00013173696863711572 0.00673149442393118 0.009093178176720042 2.5800570032664358e-5 0.0009301853987112164 0.0010161329989626952 0.00012930310593463608 0.007205702469038315 0.011759518058700317 -1.391990178300438e-13 9507.350780127874 7.387780641008933e8
2400 78314.89188193719 32.63904172523386 3.388265089110565e-5 0.0007134335100534746 0.0007029098676254047 0.00012786098853771703 0.0069020903815463054 0.009509277808700473 2.6204284218590335e-5 0.0009832576241598765 0.0009881764405939033 0.00012550038851080929 0.007221535845575917 0.012003766267208268 1.894965194761812e-13 9507.350780127863 7.387780641008904e8
2450 79946.80932205784 32.6409758829491 3.518679354756325e-5 0.0007251773761062722 0.0007034282689242904 0.0001299525194451697 0.007127168528399898 0.010080918485652157 2.7212886672430976e-5 0.0010298550371858673 0.0009616452923683262 0.0001275467435946867 0.007128799940573306 0.01235526670889277 1.1707577492310315e-12 9507.350780127927 7.387780641008893e8
2500 81579.33736942807 32.663050167798076 3.693086424809669e-5 0.0007307904158792793 0.0007085408923028371 0.00013907250838628583 0.007528872533318162 0.01078467298827467 2.8561722230812593e-5 0.0010655629351099048 0.0009367022035509755 0.00013650373627266808 0.007336522415657423 0.012663500469017397 -2.4446050357592823e-13 9507.350780127897 7.387780641008933e8
2550 83213.47728997792 32.705003437874026 3.833741396577069e-5 0.0007327929210677795 0.0007180989301657691 0.00013545025839913937 0.007674807957524687 0.011572872326443601 2.9649524619355316e-5 0.0010911000915294776 0.000917274114323715 0.00013295132792935288 0.0074500514811361735 0.012940567937223292 -9.118928912013763e-14 9507.35078012789 7.387780641008927e8
2600 84850.21025990516 32.76626257009336 3.8698122554048325e-5 0.0007354248682178141 0.0007306758048771232 0.00012714252512484032 0.007792976005802154 0.012385321183883162 2.9928490701368677e-5 0.0011104050885413145 0.000909301142606849 0.000124795644955341 0.007583946562870183 0.013091609554891028 -4.2841659219231607e-13 9507.35078012794 7.387780641008912e8
2650 86465.63313238234 32.81573267291921 3.79252933946703e-5 0.0007407628943042074 0.0007426413138552433 0.00011775365779945043 0.00793478381998661 0.012617725939559867 2.9330797356481306e-5 0.0011256286205310925 0.0009118049686568843 0.00011557766059612263 0.0077729799493340464 0.012799157924730133 2.377445977514102e-13 9507.350780127861 7.387780641008906e8
2700 88104.4544579416 32.741660754532255 3.648415359103921e-5 0.0007484081042089882 0.0007520190441257752 0.00012012881095706628 0.007876760664985378 0.011022551368173152 2.82162435650904e-5 0.0011366151990483755 0.0009223363076472514 0.00011790990980506394 0.007747805574109382 0.011744570351378806 -5.663415406591282e-13 9507.350780127941 7.387780641008925e8
2750 89740.05438502623 32.686625912228145 3.491851661354793e-5 0.0007576294951329007 0.0007588253361288224 0.00011775919720101699 0.0077039511414256955 0.009167423634511717 2.700540570965712e-5 0.001142868807097617 0.0009421563814700562 0.00011558933301552547 0.0076692183916391736 0.010456174299579775 3.639301122056954e-13 9507.3507801279 7.3877806410089e8
2800 91373.40118564475 32.65127814192491 3.348225570611473e-5 0.0007665769388542595 0.0007653573173153326 0.00011004392720337227 0.0074618771613847 0.009081305042841385 2.589462517623957e-5 0.0011443857631445546 0.0009744234274772404 0.00010800846311641749 0.007564983069745302 0.01084762814335581 7.586905971018236e-13 9507.350780127901 7.387780641008952e8
2850 93005.49068897565 32.63598706568953 3.237520765121444e-5 0.0007728855571445926 0.000774839711467931 0.00010494834851597306 0.007482758386204197 0.009186114095764317 2.503845244148199e-5 0.0011415692152998416 0.0010184179955615407 0.00010300966202801736 0.007424239611321863 0.011394777109613249 -8.375508002727321e-13 9507.350780127916 7.387780641008928e8
2900 94637.33163887712 32.64097117961679 3.1826634200855545e-5 0.0007750549361590954 0.0007896626622785229 0.00010930911641387606 0.0077419125239920955 0.009394574096383673 2.4614194768899327e-5 0.0011344484177454386 0.0010687508928964636 0.0001072972143336269 0.007695278324912017 0.01197287851954815 2.0697548759985557e-13 9507.3507801279 7.38778064100894e8
2950 96248.23311734947 32.665847234930276 3.171377884953513e-5 0.0007732170234797773 0.0008104283921378481 0.00012314504293449807 0.007719813857685709 0.009653479720509648 2.4526914298693184e-5 0.0011243555630017154 0.0011238274651824438 0.00012086665554632766 0.007775907002471295 0.012583311011274413 9.777960673995544e-13 9507.35078012787 7.387780641008939e8
3000 97881.92899087517 32.66342134205657 3.18928770021197e-5 0.0007674937512011342 0.00083638556327726 0.00012681158546551442 0.007568153689848943 0.009930614510821466 2.466542586050772e-5 0.0011101043144010922 0.0011876413078833188 0.0001244658313677443 0.0081389648457205 0.013359071243573314 9.921315014970432e-13 9507.35078012796 7.387780641008943e8
3050 99514.43244825424 32.64058165103042 3.239347011044441e-5 0.000759181514702257 0.0008641622846630068 0.0001280310496412325 0.008098097886930895 0.010222607950366686 2.5052576326702718e-5 0.0010904588660480647 0.0012588707705885548 0.00012567195518075767 0.008430568573207226 0.01427080112627579 -1.1015923428375914e-12 9507.350780127877 7.387780641008906e8
3100 101146.31363588867 32.63814035957973 3.2968142999348704e-5 0.0007509928948849739 0.0008905303946028638 0.0001387845588386255 0.00904873331428202 0.010595329759843593 2.54970188752504e-5 0.0010664464150764057 0.001334412992182963 0.00013621725401639684 0.008840700804848634 0.01467416775907914 -1.0665348549645656e-12 9507.350780127876 7.387780641008894e8
3150 102778.59369832452 32.65602553338939 3.334072456741653e-5 0.0007453377044576276 0.0009121990659776846 0.00013390695328477324 0.009912144737152156 0.01093964232510785 2.5785167324309273e-5 0.0010402593851359559 0.0014106685743972185 0.00013143208511270737 0.009614469207989354 0.014984010524346501 9.216948974218816e-14 9507.350780127916 7.38778064100893e8
3200 104399.04896026592 32.69344011425145 3.3560120259897585e-5 0.0007417733269509799 0.0009269216995983514 0.00013059785860725272 0.010427693142715869 0.011248540860682912 2.5954844339859988e-5 0.001012450542699338 0.0014794179816781609 0.000128191406457496 0.010065022233994879 0.015055256651378374 -4.4326510005290956e-13 9507.3507801279 7.387780641008923e8
3250 106035.09376153276 32.75042494065013 3.376440083562851e-5 0.0007400425556376076 0.0009334763165369129 0.00012563866579609707 0.010574055435600449 0.011412204413915942 2.6112831573031714e-5 0.000985530721027034 0.0015284582634542596 0.00012331875744284445 0.010221013068655138 0.014800259210464255 -7.136779466610973e-13 9507.35078012786 7.387780641008931e8
3300 107674.47097190218 32.826173309765856 3.367203263797828e-5 0.0007405451042755599 0.0009339605774388148 0.00011685252265897316 0.010417464679499716 0.011454936107934353 2.604139553008955e-5 0.0009667250049761285 0.0015523977590397255 0.00011469235681064148 0.010150681962255145 0.014325610134117962 5.22753244247319e-13 9507.350780127914 7.387780641008939e8
3350 109314.07707832345 32.7556533435449 3.31589873413555e-5 0.0007451446418167507 0.0009295295881842316 0.00010739671913670267 0.009929866508436391 0.009746845765341225 2.564461474652962e-5 0.0009628269232409508 0.0015513129214430256 0.0001054139852635307 0.009722876373085557 0.012475730696956613 -5.029654441896742e-14 9507.350780127848 7.387780641008943e8
3400 110950.27820007263 32.696744955669104 3.2744795235219916e-5 0.0007544712904581599 0.0009199402764462003 0.00011785655256586747 0.009434256535411831 0.008201099432902759 2.532428539257286e-5 0.0009746845653092306 0.0015240198134059667 0.00011568435867874306 0.009336901001976547 0.010962107883780294 -3.9447714565381673e-13 9507.350780127907 7.3877806410089e8
3450 112581.27577764043 32.65732942856786 3.294518115565811e-5 0.0007670404526656245 0.0009070796082418543 0.00011112483736542608 0.008894372190776574 0.00843908574874958 2.5479260563477405e-5 0.0009976903746073513 0.0014737635877946841 0.00010907150469538988 0.008889048632866109 0.011039661046816411 1.0874866432608957e-13 9507.350780127857 7.387780641008914e8
3500 114213.55910408072 32.6377871441996 3.367721266532437e-5 0.0007815034474419737 0.0008925861503340394 0.00010746810623646819 0.009178655070791646 0.008205941273136926 2.604540167793384e-5 0.0010273538546624113 0.0014113767092024058 0.00010547973187066554 0.008976990686414756 0.011359451413336817 3.157318097433049e-13 9507.350780127923 7.387780641008952e8
3550 115845.38404489578 32.638598567495045 3.45982339145571e-5 0.00079592619795876 0.0008778011655052485 0.00010034057662483353 0.009351814032328083 0.008549973808769852 2.675770434468248e-5 0.001059357669413116 0.0013508555543696173 9.84910149282477e-5 0.00926289202030809 0.01194105405563466 1.6885487278292197e-13 9507.350780127916 7.387780641008942e8
3600 117477.7684534456 32.65972108944802 3.545360969777078e-5 0.0008087388763277748 0.000864756842212503 0.00011464330369196998 0.00918282731364663 0.009027771991640563 2.7419237889064346e-5 0.0010909863643945715 0.0012976170106029814 0.00011252288352467826 0.009217383560000132 0.01215990935249491 -7.79161857358828e-13 9507.350780127876 7.387780641008946e8
3650 119111.42031931711 32.669148916354764 3.59993961184636e-5 0.0008194575427573219 0.0008554629016689687 0.00013005796508180225 0.00833111939246752 0.009480033963755467 2.7841340118798424e-5 0.00112240850138683 0.001251494557267803 0.0001276517547067536 0.008372150101909217 0.012366424482332633 6.575049846456766e-13 9507.35078012791 7.387780641008955e8
3700 120744.11807850243 32.64268250331167 3.61004370843542e-5 0.0008288303443573054 0.0008499845788101198 0.00012884813774644376 0.008352363991531895 0.009816457174670277 2.7919483537873222e-5 0.0011552641869089692 0.001212965093807408 0.0001264768738372336 0.008819176204040546 0.012518591892538157 1.389702405364207e-14 9507.35078012794 7.387780641008898e8
3750 122363.40531319883 32.636535187243574 3.587920197057589e-5 0.0008381547587615223 0.0008437037481820506 0.00011935711822454886 0.008764484692941252 0.010127029814232831 2.77483839441845e-5 0.001190962161927611 0.0011809444439166285 0.000117152892762572 0.00904361072254769 0.012574984260518847 -5.632937293499398e-13 9507.350780127885 7.387780641008997e8
3800 123995.50355085432 32.65047221354125 3.538868979245491e-5 0.000847775502579308 0.000834650146638442 0.00012163660170626016 0.008985787684870027 0.010401763869829501 2.7369029903396096e-5 0.00122983912271361 0.0011560597515069054 0.00011938657137832918 0.009104923044736923 0.012443295593495768 5.25249692706604e-14 9507.350780127921 7.387780641008852e8
3850 125628.80260438798 32.68407595235632 3.453794178809016e-5 0.0008564645537174146 0.0008249630600607805 0.00012704092816535157 0.00906593093061447 0.010605080998369086 2.6711075406967917e-5 0.001265224321921997 0.001141371092461317 0.00012470017143672714 0.009014180005159059 0.012113016682658694 1.2882746144340573e-13 9507.350780127903 7.387780641008892e8
3900 127264.27730029036 32.73700472333018 3.34137207506697e-5 0.0008627788859500232 0.0008192945976298496 0.00012994800166411813 0.009071379131360944 0.010690599264747403 2.5841621370335745e-5 0.0012860048433232928 0.0011424835926907792 0.000127547737219634 0.008904644473713268 0.011580188598098092 -5.274321706541383e-13 9507.35078012788 7.387780641008928e8
3950 128902.87964520472 32.80873143704981 3.2114992227613465e-5 0.0008673719483355026 0.0008175453261485905 0.00012584023032479873 0.00894960692743498 0.010631294369503587 2.483720611810756e-5 0.001287312184851975 0.0011589395173776218 0.00012351508891110782 0.008743005437151792 0.010830045187555955 -4.426677902988475e-13 9507.35078012788 7.387780641008925e8
4000 130518.11519760454 32.76938386329757 3.067243597872619e-5 0.0008723092148544333 0.0008189394256727761 0.00012017577633146734 0.0086014298541374 0.009285443887795192 2.3721556871280068e-5 0.0012756090320245053 0.0011837311613249284 0.00011795702320521726 0.008342433734420212 0.009630331719405423 6.668733669581849e-13 9507.350780127885 7.387780641008906e8
4050 132154.90363778383 32.70658156494379 2.9373612168153457e-5 0.0008773308161460724 0.0008230634912751142 0.00010854013954779189 0.00841495854390749 0.007415303087768419 2.2717067925255372e-5 0.001257448126617514 0.0012090561513206355 0.00010653749516038994 0.008283422910770858 0.008100888175108196 3.6763649580782395e-13 9507.350780127888 7.387780641008897e8
4100 133789.04200518233 32.66312806533602 2.8858274608738005e-5 0.0008792619504881412 0.0008317698839327629 0.00010109605171283918 0.008375840161420367 0.007132699661770355 2.2318514343399247e-5 0.001234617013356333 0.001231807083412808 9.922878807613584e-5 0.008109111725249873 0.007411255726481279 -4.526229528665481e-13 9507.35078012794 7.387780641008885e8
4150 135421.5150807105 32.639550037972974 2.9470255695966368e-5 0.0008759652939718 0.0008452295694803672 9.433370918565818e-5 0.00865826573767493 0.006483364164967862 2.2791810438136603e-5 0.0012072438999290336 0.0012523317214922774 9.258730177230144e-5 0.008456083948970645 0.006983655720341686 1.0273421457172645e-12 9507.350780127916 7.3877806410089e8
4200 137053.32385495683 32.63620589226725 3.123725408467547e-5 0.0008669670725331029 0.0008602033979869796 0.00010019132429931009 0.00891213450521367 0.005668241541549989 2.4158377892976823e-5 0.0011774959185920132 0.0012709520851388477 9.834122083718664e-5 0.008809117780720181 0.00714873345751915 4.87772334547891e-13 9507.350780127881 7.387780641008918e8
4250 138664.44773371474 32.65287130119241 3.3498561967099927e-5 0.0008545905394768926 0.0008753609264819074 0.00010673263196853609 0.009040673656664219 0.006041684237528818 2.590723616995162e-5 0.0011490253682690404 0.001290001456543191 0.0001047612903318895 0.009051565892989387 0.00780570558414838 -1.1355011581066517e-12 9507.350780127917 7.387780641008916e8
4300 140297.89012597554 32.676116511378645 3.579397601397571e-5 0.0008418188834167403 0.0008894818420895162 0.00011548363246765794 0.008807206012659713 0.006453746346882421 2.7682471592851504e-5 0.0011206144274168172 0.0013110846476686456 0.00011334749163491232 0.008871792464997336 0.008541951635998852 -3.625363894462173e-13 9507.350780127908 7.387780641008924e8
4350 141930.82846434994 32.64544136303933 3.770297677993785e-5 0.000830489533546854 0.0009012741984752423 0.00011874441500659146 0.008002243376638305 0.006709617185555116 2.9158861347762495e-5 0.001092537956955613 0.0013336815144373028 0.00011656128760217643 0.007812082656477028 0.009229840304893528 -7.30448566678993e-13 9507.350780127917 7.387780641008911e8
4400 143562.75362326068 32.635189179757795 3.863651812529929e-5 0.0008217898123005287 0.0009122118821521136 0.00012892671984324392 0.006599864236998767 0.006843024957274048 2.98808468506754e-5 0.0010700063002045668 0.0013593025943238613 0.00012654396165014166 0.006843370411148123 0.00951401262245605 1.0409424293482154e-12 9507.35078012791 7.38778064100892e8
4450 145194.68581784982 32.64522679327751 3.851794868802993e-5 0.0008168430648301772 0.0009227480222560223 0.00014254122186182933 0.007044441604672427 0.006815789399519891 2.978914720049595e-5 0.0010548493408143972 0.001387417205011111 0.00013990481513806563 0.007168270813581524 0.00933839733243486 6.259806222570146e-13 9507.35078012789 7.387780641008952e8
4500 146827.6300030161 32.67522958615757 3.790786371206005e-5 0.0008143220874207681 0.000932212088533565 0.00015401672034048066 0.007340471369843741 0.0075561713345215255 2.931731752698232e-5 0.0010420236420866245 0.0014119672435317016 0.00015117802053724833 0.007315196712522358 0.009274637311667694 1.207178328594096e-12 9507.350780127937 7.387780641008935e8
4550 148449.5686045321 32.72412569955273 3.722052616118187e-5 0.0008122603575738056 0.0009371932235661082 0.00014873636652404474 0.007471866337204744 0.00838653161799641 2.8785741984230777e-5 0.0010300566876355695 0.0014272889088346747 0.0001459908061261279 0.0073404350257552375 0.009983807295436917 1.1641413950321904e-13 9507.35078012789 7.387780641008855e8
4600 150087.42806473453 32.79196612681574 3.649138616536803e-5 0.0008091163117049824 0.0009366362321808313 0.00014821718979037872 0.0075395423189883355 0.009223446402864705 2.82218371189689e-5 0.0010210060905543718 0.0014367537112731253 0.00014547751722898095 0.007458272438750847 0.010609031072126025 4.846019981609464e-13 9507.35078012787 7.3877806410089e8
4650 151727.80249695506 32.78387077091622 3.586594032086328e-5 0.0008049342215072412 0.0009307400044880232 0.00013494789280494234 0.007502920459646591 0.00893813635013085 2.7738127602691537e-5 0.0010169364124668664 0.00143403297706131 0.00013245387144592694 0.0074822667414463214 0.010277520630193633 3.109763051628879e-13 9507.350780127927 7.3877806410089e8
4700 153365.2217027904 32.71737968322846 3.5472127463207444e-5 0.0008004259427278049 0.0009220363755327597 0.00012565481985527918 0.007296681683143161 0.007527340708608406 2.7433559223903523e-5 0.0010191032103142332 0.0014110122298714414 0.00012333607776196366 0.0072671826273556705 0.008868737483777403 4.541851476079411e-13 9507.35078012791 7.387780641008911e8
4750 154999.8028678794 32.670051076604665 3.5159601983165356e-5 0.0007961288105065876 0.0009130607080711793 0.000127703898009584 0.007198613254810675 0.0076258482711336045 2.7191857164317994e-5 0.0010294976088479446 0.0013706843365279791 0.0001253471354936606 0.0069605600420337005 0.009992834151224872 6.321604808663488e-13 9507.350780127856 7.387780641008968e8
4800 156630.08886153848 32.642375348234566 3.4996539001954663e-5 0.0007933475798228505 0.0009040620278985348 0.0001239644857434017 0.007360083827399882 0.008095539098491979 2.706574693997512e-5 0.0010468740748841153 0.0013204459095319584 0.00012167038323987091 0.007180897115729593 0.010643064008901469 -1.1761258792002299e-12 9507.350780127894 7.387780641008918e8
4850 158261.93458888255 32.63499171557257 3.5153895647269255e-5 0.0007922514924013223 0.0008955565734976345 0.0001275475625055457 0.007360437698202831 0.008316169059130452 2.7187443978105656e-5 0.0010659243019727827 0.001268639344262109 0.00012519030844990035 0.007244261035184718 0.010926270739531722 -4.5003461059894593e-13 9507.350780127883 7.387780641008911e8
4900 159893.93457600882 32.6481336603999 3.564573400377278e-5 0.0007931182522359758 0.0008862281180706792 0.00011475863012649795 0.006989106611230357 0.008514624885326475 2.756782366341556e-5 0.001084664507887948 0.001220000085610477 0.0001126437524213149 0.006966073579550554 0.01088859949269723 -9.26002419686752e-13 9507.350780127916 7.387780641008905e8
4950 161527.1057978257 32.681436398342655 3.6175732800014224e-5 0.0007953400767343428 0.0008768838356329866 0.00012154108236220478 0.006381652851234374 0.008474009104463855 2.797771600439196e-5 0.0011042336344847324 0.0011802021371921285 0.00011929219380734292 0.00643820693152687 0.010338658085950055 1.439406785125151e-12 9507.350780127916 7.387780641008937e8
5000 163160.33107140096 32.649321896466546 3.647315170550904e-5 0.0007985208135071108 0.0008681489201442762 0.00012080040500264565 0.005740462508719848 0.008082694962281308 2.8207734887997237e-5 0.001125537007514224 0.0011500213427657387 0.00011857295894388177 0.006409282295947818 0.009583767958409055 5.315367607589749e-13 9507.350780127901 7.387780641008887e8
5050 164780.09333524504 32.635310107947504 3.651774279290705e-5 0.0008017721301774278 0.0008623790192604268 0.0001281551163064476 0.006694789196298859 0.007848280651313207 2.8242220900663164e-5 0.001145049600356108 0.0011256736441678677 0.00012578690934794882 0.006095777345311936 0.00902445640528213 -8.222849413660312e-13 9507.350780127921 7.387780641008961e8
5100 166411.92575108586 32.641199075798745 3.5955064259151674e-5 0.0008063651324475077 0.000860815750029874 0.00013488965869094767 0.006944158499341222 0.007971179064485138 2.780705458886626e-5 0.0011634881258896774 0.0011050797071750708 0.00013239291945554174 0.006228925107384295 0.008839050616541224 4.674216849143031e-13 9507.35078012792 7.387780641008912e8
5150 168044.5571361458 32.66679015418705 3.479774154713537e-5 0.0008133906094612744 0.0008617637463973452 0.00013486437207699067 0.006209119018862984 0.008372816269036154 2.6912000262221647e-5 0.0011816658209992915 0.0010871917609930916 0.0001323747595916459 0.006231083706841443 0.008857974461510525 -3.185652021664197e-13 9507.350780127903 7.387780641008939e8
5200 169678.9667799851 32.71194073137547 3.366294926163669e-5 0.0008215801410106418 0.0008601025038054839 0.0001288940150992499 0.005814703718244658 0.008821286520059922 2.60343705964138e-5 0.001195679488859984 0.0010699936243877839 0.00012651538321065432 0.006455580351981761 0.008856801563577982 -3.931523432505766e-14 9507.35078012791 7.387780641008867e8
5250 171316.12007006272 32.77600230264829 3.3173608053773025e-5 0.0008276427263584263 0.0008538191317389063 0.0001239440138978189 0.006122024982390188 0.009129663188373417 2.565592216473855e-5 0.0011978826952463233 0.001055135591224239 0.00012165370805896509 0.006750085584622168 0.00864706926246557 -5.127904238622586e-13 9507.350780127923 7.387780641008916e8
5300 172931.21592257515 32.801574801924026 3.350910685099391e-5 0.0008304300576340742 0.0008441260756640755 0.00012059563093581827 0.0062474518193872475 0.008759208656591504 2.5915391409504405e-5 0.001187101189047059 0.0010425631044536517 0.00011836669982297343 0.006846658184715549 0.008135552345618836 5.527872039323359e-13 9507.350780127883 7.387780641008954e8
5350 174569.42084655835 32.731195419415364 3.448805486782688e-5 0.0008283574409588165 0.0008337852948188903 0.00012931201154958008 0.006213007025814948 0.007442876882130025 2.6672493684375188e-5 0.0011653610892774192 0.0010343555530726298 0.00012692431744385752 0.00675626796153606 0.007297622001404929 1.7614511490942273e-13 9507.350780127916 7.387780641008883e8
5400 176204.59354231466 32.679904723122796 3.5709184317024574e-5 0.0008235556738638288 0.000824321170637882 0.000125645521792691 0.0058725734388141715 0.007334513533457792 2.761689509078496e-5 0.0011409293985881106 0.0010311245656060512 0.00012333110981975278 0.006396278113992554 0.007678462111745517 1.8391014171222922e-12 9507.350780127963 7.387780641008939e8
5450 177837.69660391123 32.64808480599937 3.697566901806136e-5 0.0008180034140524031 0.0008190539636632267 0.00013057443009487166 0.005362226346579479 0.0068383225164808 2.8596373502056244e-5 0.001117245901787958 0.0010335298294138963 0.0001281590424624912 0.00578648232979028 0.007881838984289236 5.585611982216022e-14 9507.350780127894 7.387780641008923e8
5500 179469.7100250965 32.636072089334554 3.824664677600344e-5 0.0008118304485480463 0.0008208432470023206 0.00014151051775046118 0.00604002355525795 0.0065345396308191805 2.957932676954405e-5 0.001092773226678814 0.001043506115237362 0.0001388954892477257 0.006429859537513314 0.007717156196219062 -6.577452486653394e-13 9507.35078012788 7.38778064100891e8
5550 181101.64513769583 32.644594329914675 3.9068704969946215e-5 0.0008058056972974229 0.0008308461707874634 0.00014256787294930615 0.005535685067169585 0.006217694762018177 3.0215093039058386e-5 0.0010711159287956644 0.0010644075402322897 0.00013994738318758498 0.006079663436016465 0.007458380887846729 8.220360623018386e-13 9507.35078012786 7.387780641008929e8
5600 182713.75214119538 32.673076525366305 3.9087124648442935e-5 0.0008014283554846534 0.0008461306770324419 0.00013880503573352528 0.005160504467288524 0.005883588160498979 3.022933851507076e-5 0.0010570205159932291 0.001095358528618873 0.0001362381997276254 0.005086946641609841 0.007148163955910743 1.3436253183104728e-12 9507.350780127923 7.387780641008928e8
5650 184347.23913528814 32.654482663038046 3.8464365480294164e-5 0.0007993908878448984 0.00086070035174899 0.00012955145766892315 0.004775832521148583 0.005440474237279815 2.97477068300431e-5 0.0010497865692644314 0.001131125496119013 0.00012715734263562048 0.0051398057820765085 0.006792950235327786 -3.312465477141983e-13 9507.350780127925 7.387780641008902e8
5700 185979.4010981067 32.63587784537845 3.725341709230362e-5 0.0007993225174240518 0.0008746558050859265 0.00013458185672051445 0.004877374557246366 0.00501254731302627 2.8811179288709007e-5 0.0010453897924320274 0.001170010868428419 0.00013209764755246664 0.005456469276129176 0.006408960141741517 1.0472831021221048e-13 9507.350780127863 7.387780641008893e8
5750 187611.1559692595 32.63763637415488 3.5562965666164175e-5 0.000800607801917366 0.0008891056527684587 0.00012035703061116876 0.004733819465618375 0.004791117009962144 2.7503811994141665e-5 0.0010409613830080174 0.0012130963671108507 0.00011812898037586937 0.0052387747396246374 0.0060417358483204255 7.036768371892381e-13 9507.350780127925 7.387780641008912e8
5800 189243.50756903194 32.65928336894941 3.378282037575924e-5 0.0008010318518614651 0.0009034817500034788 0.00011476226071037759 0.004372670437626044 0.004890830481842897 2.6127076942033866e-5 0.0010345623367801612 0.001258596264664483 0.00011264248800603526 0.004976285396186356 0.006072951855090857 8.965772564818369e-14 9507.3507801279 7.387780641008931e8
5850 190864.53572053555 32.69993567939447 3.229626953776292e-5 0.0008014900436163232 0.0009147629907233985 0.00010579890455046778 0.004594210450727222 0.005275846050543576 2.4977403004495777e-5 0.001028232632370182 0.001297200942574274 0.00010384727623177963 0.00511505787386131 0.006366497714890158 -8.15572864450193e-13 9507.350780127901 7.387780641008931e8
5900 192500.9783132459 32.75967968896267 3.134477279441704e-5 0.0008021309553592549 0.0009205590603885675 0.00010012540551969125 0.004295885809580769 0.005598255335504368 2.424153109247119e-5 0.001024154436746079 0.0013212330345837475 9.827775322403692e-5 0.004338758203724274 0.006534524376724272 -1.1535736070757082e-13 9507.350780127923 7.387780641008929e8
5950 194140.81414990514 32.818482098425584 3.107603618035683e-5 0.0008013885009836093 0.0009218965593980153 9.993500819218244e-5 0.004369312907780221 0.005566260990704484 2.4033694620721146e-5 0.0010238346104610141 0.0013280514010333988 9.808814482744125e-5 0.004358985082081687 0.006736184569060168 -2.1139404821644268e-13 9507.35078012796 7.38778064100888e8
6000 195779.75963288004 32.74391735082489 3.1499842632878916e-5 0.0007975974243665947 0.000920236355122769 0.00010981811535584301 0.005007453968585277 0.004856118154927674 2.436145955184246e-5 0.0010261798261611407 0.0013200290486127756 0.0001077896758059509 0.004834156787792875 0.00683355692494275 -1.0203658741025141e-12 9507.35078012792 7.387780641008931e8
6050 197415.46182358902 32.688548835821486 3.228613186843733e-5 0.0007916676253598833 0.0009170315396007838 0.00010789050265555716 0.005452232041635487 0.004769291699663797 2.4969562697986694e-5 0.0010293166146700644 0.001302066287704229 0.00010590241961853079 0.005265711495434825 0.006810564468103223 -1.4817876591154377e-13 9507.350780127888 7.387780641008935e8
6100 199046.5531801414 32.65288544189976 3.304390071160581e-5 0.0007863406150196234 0.0009141886057432761 0.00010889710596242264 0.005629113114103498 0.004610722690837839 2.5555608642329605e-5 0.001032776512312628 0.0012783482295097336 0.00010688297150005228 0.00547653872326658 0.006550497501301123 -5.145057749508471e-13 9507.350780127952 7.387780641008898e8
6150 200678.71103690882 32.63706223675219 3.342640824097406e-5 0.0007832497482864264 0.0009127474843760349 0.00011219242783399837 0.005546304952670173 0.0051652951188144985 2.585143366639699e-5 0.0010374298889011977 0.0012548624430248822 0.00011011950160583485 0.005713341758497988 0.00735477475660962 8.018347401067661e-13 9507.350780127883 7.387780641008971e8
6200 202310.58817948695 32.6413251276356 3.330919270530854e-5 0.000782716639317458 0.0009116675440428226 0.00011585919223308725 0.006049021470468608 0.0047744762769710795 2.5760781101421344e-5 0.001043116863612472 0.0012391941051777737 0.00011372650123784455 0.006379862276303037 0.006859027568169918 -1.9330245470398674e-14 9507.350780127925 7.387780641008916e8
6250 203943.19475893435 32.66585409611718 3.298491227112251e-5 0.0007842450783972422 0.0009086885493921622 0.00011233134264400457 0.006193446836169003 0.003649693733486689 2.550998795388164e-5 0.0010480307789912113 0.0012275429176949243 0.00011025301919940319 0.006685076682653707 0.0051146440490091255 -1.2593280648141277e-14 9507.350780127863 7.387780641008908e8
6300 205576.8057817644 32.66065063122456 3.2544188343094144e-5 0.0007871306658745323 0.0009038564563837538 0.00011049155150265332 0.0059984147791059695 0.0037682171238188123 2.516913932580073e-5 0.001054888676981804 0.0012120953108434637 0.00010844763918111957 0.006453627517500714 0.004930454558603186 4.997137434932819e-13 9507.35078012791 7.387780641008931e8
6350 207209.1831466641 32.6383355773093 3.195275522885676e-5 0.0007915638848762769 0.0008976592833450408 0.00011199170158261688 0.005663902214677719 0.003954843648875964 2.4711734694991125e-5 0.0010678910764253331 0.0011889409659109793 0.00010992832775684844 0.005954138824721543 0.005049844948695487 3.002591897678902e-13 9507.350780127945 7.387780641008939e8
6400 208828.59199131973 32.63619499380826 3.146597742293881e-5 0.0007958120624710959 0.0008919528659098669 0.00010999182352445712 0.0057544865448497734 0.003991532461562992 2.4335268756167132e-5 0.0010840153038861825 0.001160724728725 0.00010795733384562093 0.005430279449706445 0.004935207973517581 -7.745958837580653e-13 9507.350780127877 7.387780641008918e8
6450 210460.77057023864 32.653923244331615 3.116873244322698e-5 0.0007982463518896026 0.000889104040784369 0.00010138438731046162 0.005112127974927634 0.0039044053605785337 2.410538438389795e-5 0.0010980320127082798 0.0011334868860549225 9.951041730523499e-5 0.005486419458235953 0.004617100219175943 5.685163607893028e-14 9507.350780127927 7.387780641008924e8
6500 212094.34400804396 32.691508973835305 3.097674126739082e-5 0.0007998927402348012 0.0008894781631899999 0.00010945477376624141 0.005178675964744658 0.00471769881797133 2.3956901570223644e-5 0.0011075233572001597 0.0011126669257025242 0.00010743788807498034 0.00550735602000473 0.004837837446148744 1.1580304567790942e-12 9507.35078012791 7.387780641008941e8
6550 213730.2912755751 32.748355606178116 3.117200312979689e-5 0.0007985712936537322 0.0008920010297741909 0.00010550453256243907 0.005213405166471725 0.0058072438246727035 2.410791387903112e-5 0.0011087550812362464 0.0011038463458418087 0.00010355634670178067 0.005636826400633626 0.005635280337760197 8.949155101147669e-13 9507.35078012789 7.387780641008887e8
6600 215369.5529414537 32.82362458249815 3.1640996708382876e-5 0.0007939296288316377 0.0008955842374710719 9.839074989328378e-5 0.0054279982731460005 0.006910574696693415 2.4470625789306802e-5 0.001101984820742425 0.0011094071716052 9.657187880738837e-5 0.005819756420335919 0.006301493217076303 5.650397117079674e-13 9507.350780127874 7.387780641008877e8
6650 216983.39552113623 32.7587472090349 3.221201283349562e-5 0.0007873169140345358 0.0008985652578465414 0.00010676519024049134 0.005581433900179139 0.006734975962355878 2.491224025695709e-5 0.0010884117370869265 0.001123526964030812 0.00010479434264733939 0.005912700901609451 0.006449761631503748 -1.9660680289472737e-13 9507.350780127954 7.387780641008924e8
6700 218619.7353240566 32.69920680438085 3.280700740071149e-5 0.0007798553651910091 0.0008995542853477833 0.00011220592357675614 0.005615267879311205 0.005990860875350144 2.5372399256852423e-5 0.0010697013097363056 0.0011396386391874425 0.00011013753145493284 0.005916746602645866 0.006010214955265304 1.1548601203921495e-12 9507.350780127916 7.387780641008898e8
6750 220253.59163435717 32.65915151209667 3.284899691810227e-5 0.0007728202327392916 0.000902193560786768 0.00011763545150702133 0.005453913426125144 0.0050580655022739816 2.5404873258116934e-5 0.0010514250156573775 0.0011568867234271864 0.00011546216929931944 0.005766749696967221 0.005302898338982181 -1.5070584564026776e-14 9507.350780127952 7.38778064100893e8
6800 221885.94817426187 32.638837260395825 3.178346933695723e-5 0.0007674557564050986 0.0009111880936554046 0.0001086680593300406 0.004999272443948302 0.00500309360683882 2.458081177400159e-5 0.001038961788545516 0.0011771730292969944 0.00010665726952291587 0.005326114328595728 0.005474698975775171 -6.05319831020356e-13 9507.350780127894 7.387780641008941e8
6850 223517.80219050593 32.63873491247949 2.951308389137829e-5 0.0007669534363120429 0.0009222743416819593 0.00011099227958411207 0.005435567696423854 0.0042308183507598724 2.2824933059170367e-5 0.001036171526544446 0.0011983545488148829 0.00010894591504863213 0.005396048246428655 0.005778298274941073 8.29801089104645e-14 9507.350780127948 7.387780641008891e8
6900 225129.82126761012 32.65872426780115 2.7041013467233656e-5 0.0007706096923202826 0.0009281938867337622 0.00011532894305728765 0.0052560030306922165 0.004282097236061961 2.091307450327239e-5 0.0010399166131415303 0.0012140448892729203 0.00011319614824659693 0.0051392980136561 0.0061349571069248465 -4.241665035576439e-13 9507.350780127908 7.38778064100895e8
6950 226763.45288927414 32.67029579154941 2.5114337772502534e-5 0.0007755818712175864 0.0009271561941890733 9.471715008536923e-5 0.005783223826552442 0.004337649612516666 1.942301524952562e-5 0.0010454344352374577 0.0012239109772850837 9.296488517161464e-5 0.005508733954970104 0.0064755947537648096 -1.255361315421767e-12 9507.35078012789 7.387780641008915e8
7000 228396.1887975958 32.643062991171284 2.3513105763915756e-5 0.0007804142415997339 0.0009269350075177173 8.76777424634238e-5 0.005727115004619507 0.004501927705926358 1.818464878322544e-5 0.0010473871447225502 0.001239821991970192 8.606449841118089e-5 0.005342237335509611 0.006961266723131125 3.872098769793953e-13 9507.350780127968 7.387780641008921e8
7050 230028.0871538622 32.63642614836806 2.245775233662299e-5 0.0007846263657633115 0.0009317936294850588 8.677021457410519e-5 0.005510680587642365 0.004744962012271596 1.736845582215165e-5 0.0010436065095692098 0.0012682555226340363 8.516767106404951e-5 0.005197424278490078 0.0073319513694749434 7.505120481615895e-13 9507.350780127936 7.387780641008915e8
7100 231660.17477343944 32.650116108713874 2.274828870290692e-5 0.0007889975286903671 0.0009385811629511324 8.124227927712246e-5 0.005145635621592614 0.005005500348035159 1.7593151863273465e-5 0.001035807237686948 0.0012987039183533647 7.973939940020639e-5 0.004874241906448933 0.00763073039336469 -7.719079898647862e-14 9507.3507801279 7.387780641008923e8
7150 233280.0 19.228776532399934 2.4088317379787335e-5 0.0007940510128333955 0.0009435312269144361 7.851206529748154e-5 0.00446336877560288 0.005367979476412038 1.862950797433871e-5 0.0010282649430973817 0.0013210899571720457 7.706560281486631e-5 0.004871992921528565 0.00800528727613322 -9.668760198445228e-14 9507.350780127867 7.387780641008948e8
7200 234915.43377932787 32.73615924171125 2.5438598694077786e-5 0.0007991014301757808 0.0009493408049493273 9.661246083838852e-5 0.004551776571369537 0.005824530496655768 1.9673793306334987e-5 0.0010261704576983322 0.001336143154811082 9.482798366114869e-5 0.0049560873805443734 0.008407558297543064 7.867641555427394e-14 9507.350780127874 7.387780641008912e8
7250 236553.98794406245 32.80761609208132 2.638657798810618e-5 0.0008041768574341138 0.0009562501322710537 9.662936781384492e-5 0.004787964420344266 0.006503373869079096 2.040694488098231e-5 0.0010308946167311634 0.0013424144338161647 9.48441356666016e-5 0.005034871959404977 0.008963549904253547 6.180777547417323e-13 9507.350780127905 7.387780641008893e8
7300 238194.3339577537 32.77481385940809 2.7196099287075613e-5 0.0008084093712966251 0.0009617927676602601 8.548943204485095e-5 0.004483243559230823 0.006495497288941738 2.1033015322383045e-5 0.0010386862022906177 0.0013336201602226574 8.391086754315052e-5 0.004942156194034403 0.00907452677317606 5.666019064493604e-14 9507.35078012792 7.387780641008923e8
7350 239831.37476811485 32.71126278374364 2.7785479692559514e-5 0.0008114361477866894 0.000965615113074209 9.32149169491327e-5 0.004441843849899434 0.006349653762390993 2.14888324220484e-5 0.0010464103684782212 0.001312102209300287 9.149494659138204e-5 0.004938250448456432 0.00902825037363873 7.024132973248761e-13 9507.350780127881 7.387780641008924e8
7400 241465.7328238693 32.667202754885864 2.7742052369812764e-5 0.0008143996592744525 0.0009691919861036127 0.0001036791281339146 0.004950865380469113 0.006110537698936829 2.1455246445798634e-5 0.0010519214223388886 0.0012901979541115524 0.00010176420881964557 0.005318226921740407 0.008810457875195243 -1.7322748649535047e-13 9507.350780127883 7.387780641008933e8
7450 243095.38607260742 32.64295207166339 2.700558702414315e-5 0.0008187791533417208 0.0009743459814521777 0.0001034785801696759 0.005578333748398006 0.005681291795578112 2.088567627559159e-5 0.001053740077141807 0.001276892224622715 0.00010156286468213204 0.005658246294664291 0.008183053135208765 2.544080083262691e-13 9507.350780127947 7.387780641008897e8
7500 244727.3430567142 32.63884116267726 2.5960193049348387e-5 0.0008249550096377539 0.0009796525174254524 0.00012692060449873239 0.005792550168885733 0.004881519906125298 2.0077185791067157e-5 0.0010546337845207488 0.00126695046763277 0.00012457663343686117 0.005927625833228351 0.007014133370060341 1.7923772445016573e-12 9507.350780127908 7.387780641008931e8
7550 246359.61457625247 32.655091079382295 2.4962013596274937e-5 0.0008303195025938364 0.0009840342101557285 0.0001365432925988441 0.006127134549184242 0.004982558353171759 1.9305210240110483e-5 0.0010581645182410728 0.0012545195934141227 0.0001340215147017366 0.006225656545936313 0.006897799898213908 7.545821780883072e-14 9507.350780127874 7.387780641008918e8
7600 247993.1584871632 32.678240450232245 2.4232018071352863e-5 0.0008346568457003111 0.0009858450436433504 0.00011510571969859871 0.006883412067023269 0.005211104781042638 1.874064372272543e-5 0.001070766213943336 0.0012346068149946634 0.00011297650869540487 0.006603565268856499 0.0069182972262009385 -8.283494541013838e-13 9507.350780127877 7.387780641008945e8
7650 249626.19748771758 32.64730413785906 2.4090563644690378e-5 0.0008394121939669569 0.0009823746145651467 0.00012073712913190483 0.006849806445132669 0.005123571493684482 1.8631245198621754e-5 0.0010942354188070824 0.0012063653530882874 0.0001185170925280023 0.006708328203539764 0.006600083807393954 1.3796496056251693e-12 9507.350780127861 7.387780641008924e8
7700 251245.38716315146 32.63685962985914 2.4729664190399948e-5 0.0008433930682739964 0.0009766719263484284 0.00012705013090136074 0.007329989584975639 0.005834812583851527 1.9125515035944822e-5 0.0011209819347922602 0.0011789542937064373 0.00012470201273696277 0.006975393288740756 0.007281177328768208 3.2013505472517245e-14 9507.35078012794 7.387780641008885e8
7750 252877.39579776616 32.64670851633248 2.596593261666173e-5 0.0008455492569382606 0.0009724042995597978 0.00014598941826228555 0.00754228488468533 0.006576117144594978 2.008162467790805e-5 0.0011444138980572739 0.001161506198685293 0.0001432893637184026 0.007056208338357989 0.007925855332147467 -7.999509170362628e-13 9507.350780127897 7.387780641008927e8
7800 254510.41039761974 32.67652596883588 2.7063694964847556e-5 0.0008451314149485177 0.0009744031885926986 0.0001315460769933819 0.007048864745035888 0.007279024230997528 2.093061600000957e-5 0.0011623941841467137 0.0011595731172812378 0.0001291211737707958 0.007144916381837198 0.008385058156863877 -1.5498656554437904e-13 9507.350780127894 7.387780641008937e8
7850 256145.41413502002 32.72588580750749 2.711100183927553e-5 0.0008444245381940188 0.0009863894262152782 0.00010167773708604434 0.006656885815499456 0.007946560409451704 2.096720235764233e-5 0.00117646463826784 0.0011720404132161094 9.980091188394283e-5 0.007246333405267929 0.008688476324676703 3.230373675045252e-13 9507.35078012794 7.387780641008906e8
7900 257783.37174390577 32.794144417985024 2.633112383477207e-5 0.0008446041282399354 0.0010046895821239146 8.965468075166238e-5 0.0069253516556119 0.008616023225076444 2.036405755201468e-5 0.0011847894031223813 0.0011913699942926472 8.799748205822854e-5 0.007463364456281348 0.008869780578092292 1.0428568836881577e-12 9507.35078012791 7.387780641008905e8
7950 259396.75838471053 32.78918420325984 2.5350523194852757e-5 0.0008474169450953313 0.0010189107171584496 0.00010390917506009333 0.0072454736229458925 0.00848587082231759 1.9605677165664955e-5 0.0011897618162681849 0.0012055504028965036 0.00010198868184333054 0.007721651276953665 0.008728681516249923 1.2217664706644574e-12 9507.350780127841 7.38778064100893e8
8000 261034.41697604486 32.72166349324287 2.4388813421855044e-5 0.000854729265784101 0.0010227578992034667 0.00010871406398452756 0.007366243650827677 0.0076141117422985185 1.886190666469518e-5 0.0011961970365309508 0.0012090427309065523 0.00010670802191534466 0.007776575374634431 0.00819487119195756 5.554827556429748e-13 9507.350780127932 7.387780641008925e8
8050 262669.1906912436 32.67356033144593 2.3485330523629838e-5 0.0008653018814221272 0.0010149656979990644 0.00011198371037934382 0.007119753584745413 0.006510508397251225 1.8163167869793572e-5 0.001204053284174946 0.0012048971508071182 0.00010991738977438711 0.007517118106889532 0.007278645860892755 5.286957105185004e-13 9507.350780127925 7.387780641008899e8
8100 264302.0678081394 32.645415456518016 2.2610571944551445e-5 0.0008744132535874493 0.0010029472539296279 0.0001130349679392987 0.006357859564845663 0.006057376583787587 1.7486643990286487e-5 0.0012106075832844156 0.0012026503324660829 0.00011094333339974405 0.006764504925224118 0.00734779176591878 4.87971437799245e-13 9507.35078012791 7.38778064100893e8
8150 265934.04800622433 32.63728305202195 2.213725714201566e-5 0.0008803980150946062 0.0009920004391644596 0.00011674985650149655 0.007047870742258481 0.006187806488395157 1.7120590116566756e-5 0.001213359409950998 0.0012036951988564117 0.00011459210171528118 0.007077380253421477 0.007752690682349967 -3.357493443217429e-13 9507.350780127897 7.387780641008927e8
8200 267566.1341528157 32.64930060640594 2.253787681251021e-5 0.0008829895220727024 0.000985632050492794 0.00014167094352935942 0.007759915524471046 0.0064080150603945795 1.743042277230941e-5 0.0012071289110132657 0.0012122673806063623 0.00013906089203511148 0.007977251445898309 0.008238867449197572 -4.930715441608517e-13 9507.350780127888 7.387780641008918e8
8250 269179.32011814776 32.6810179881847 2.3934919801321983e-5 0.000880619941701959 0.0009856457212516424 0.000120493264228284 0.007624607602668062 0.0068598427114076954 1.8510872813307063e-5 0.0011877324811067045 0.0012368141569867486 0.00011826381549198114 0.008057793561179095 0.009005717641829517 -3.724456051097593e-13 9507.350780127897 7.387780641008959e8
8300 270812.6998313427 32.652066565700714 2.6034700417279675e-5 0.0008736806298403644 0.000992424237271664 0.00013509493526948143 0.008616073388530196 0.007385503539392983 2.0134808562434774e-5 0.001159441603660908 0.001280901305195172 0.00013260285623103047 0.008119007727802259 0.010070727189973193 9.272851040945135e-13 9507.350780127867 7.387780641008872e8
8350 272444.8300269581 32.636855422516525 2.843580197016645e-5 0.000864984987704914 0.001003820128386773 0.0001501096090028199 0.008765219497007523 0.008007109351118626 2.1991780962018717e-5 0.001129466673286834 0.001336478609152832 0.00014733593220414513 0.0080827436905891 0.011146906306699891 1.97649797619128e-12 9507.350780127894 7.387780641008906e8
8400 274076.72335880535 32.642134584135256 3.107975983166874e-5 0.0008578541863745817 0.001016541448421803 0.000162652000653094 0.007713817053087239 0.008644069039550747 2.403657443132255e-5 0.0011005958229059962 0.0013923666227256511 0.00015964116749085276 0.0071856155473326725 0.011917301883496491 -8.05495176804736e-13 9507.350780127896 7.387780641008924e8
8450 275709.3956917555 32.667533895055264 3.319949524754818e-5 0.0008523412439413328 0.001030944323232825 0.00017652949152639725 0.007203733864593517 0.009330570343302666 2.5675942894092255e-5 0.0010732300420422318 0.0014474976159161701 0.0001732703007785212 0.00668339206015148 0.012689302431495176 1.6104389907595688e-13 9507.350780127917 7.387780641008912e8
8500 277330.18072939315 32.71206901073648 3.415510783867938e-5 0.0008490209351038761 0.0010475593385699483 0.0002230677534170811 0.006698114077532689 0.00993565437602164 2.641499793501589e-5 0.0010529890774215343 0.0014965866222216248 0.00021895120332452535 0.006600335876368236 0.013131140411728038 -1.4778055940883574e-13 9507.350780127865 7.387780641008954e8
8550 278967.3369987513 32.776002314629125 3.4017544204040504e-5 0.0008487951996899931 0.0010633417657283169 0.00020667920962955723 0.006368112445510928 0.010362802920709282 2.6308608485389784e-5 0.0010438918837280316 0.0015295567750574605 0.0002028606170203741 0.006226346332946056 0.013241681297609836 1.353289483818502e-13 9507.350780127901 7.387780641008905e8
8600 280607.720588676 32.805100576796114 3.299109078548647e-5 0.0008507548572575475 0.0010766819627188715 0.00016175015550597079 0.0064102512407235275 0.009997688472529272 2.5514766315146274e-5 0.001044909134034794 0.001541913859446716 0.0001587607014946343 0.006049690706871783 0.012568620560239925 -2.4734750072056143e-13 9507.350780127894 7.387780641008914e8
8650 282246.0807757391 32.73387164952807 3.099892972022734e-5 0.0008539357314119062 0.00108930682525829 0.0001462011977402115 0.006441573245464967 0.008499716283766029 2.397406175424791e-5 0.0010543149927081394 0.001539602234831628 0.000143501463834643 0.006113981484592117 0.010916548166127162 -2.3278233210227944e-13 9507.350780127907 7.38778064100892e8
8700 283881.3631210244 32.68168297317055 2.8614930741744863e-5 0.0008581255816724938 0.0010983522387100445 0.00012941375732503167 0.006643472987180949 0.006903804036584085 2.2130316204060775e-5 0.0010715608559486943 0.0015240408654348904 0.00012703045476675787 0.006607688500404735 0.009026340600490948 -1.1027256998068374e-15 9507.350780127908 7.387780641008933e8
8750 285511.8215377109 32.64912755026998 2.7327761933300677e-5 0.000862513836707637 0.001100322570859937 0.0001506420525995582 0.006912662373956698 0.006088997276704975 2.1134841044746228e-5 0.0010918529851255579 0.00149154549741802 0.00014785536456844855 0.007018796973214599 0.008178563356151624 6.330641033148017e-13 9507.350780127917 7.387780641008928e8
8800 287143.8711691794 32.63640811991663 2.747740303800167e-5 0.0008679552897253598 0.0010955255851042907 0.00013901042361154456 0.007044668663924227 0.006537021192619243 2.125057101082796e-5 0.0011166748801917617 0.001445610126964356 0.00013644175923260236 0.007286530564818969 0.008268861977702971 4.826109656474062e-13 9507.350780127945 7.387780641008903e8
8850 288775.792954827 32.643737018485865 2.833566637406353e-5 0.000874648367381491 0.0010864631316266917 0.0001433896434289386 0.007753291965912136 0.006158460293801454 2.1914337741029714e-5 0.0011447907757021639 0.0014005131355282554 0.00014075356635542995 0.007929190337746098 0.008494116673394272 -3.7547044296686834e-13 9507.35078012794 7.387780641008914e8
8900 290408.60257376765 32.67156903621834 2.8911400330723065e-5 0.0008824098066378882 0.0010777975813756242 0.00013124467258992086 0.007838200883232034 0.0065816361529399785 2.23596009019044e-5 0.0011723269974063723 0.0013722098790308974 0.0001288175605794629 0.008016825171539925 0.00873607733695757 1.251536235650562e-13 9507.350780127896 7.387780641008936e8
8950 292042.2366322294 32.65881715973219 2.932553960559994e-5 0.000889104524055006 0.0010714678746417577 0.00014888917615979137 0.009346428683836358 0.007168285893416941 2.2679889397035736e-5 0.0011966857456746844 0.001355418866964179 0.0001461375529137812 0.008814996571854555 0.00927293606999631 6.787295826854483e-13 9507.350780127934 7.387780641008914e8
9000 293674.59919339616 32.63947500028379 2.985085767097481e-5 0.0008927057114571674 0.0010696939009260163 0.00016167611505374483 0.009628933013562177 0.00793163196703538 2.308616173784119e-5 0.0012174848822628897 0.0013413442590186739 0.0001586919444684345 0.008882371591118376 0.010014335018533257 2.806704929615993e-13 9507.350780127927 7.38778064100888e8
9050 295294.00055540015 32.64061803038509 3.0304779536181645e-5 0.0008953248712755651 0.0010726216732146541 0.00015868360606749137 0.00868741344573166 0.008870010468832467 2.3437217433193042e-5 0.0012370286731535306 0.0013272035534117204 0.0001557461437807416 0.007875835017794503 0.010882116117489335 2.093520912174601e-12 9507.350780127914 7.387780641008917e8
9100 296926.49424344825 32.661995711084955 3.074950741964542e-5 0.0009002018214517529 0.0010753596144467128 0.00017756210618628126 0.008624848861254069 0.00980704210164021 2.378116265447122e-5 0.0012554345002480992 0.0013092992598371252 0.00017428235290735977 0.00771002709543544 0.011524564327564732 7.011727309125934e-13 9507.350780127901 7.387780641008886e8
9150 298560.560677367 32.703096981229706 3.139104825131026e-5 0.0009084739828168689 0.0010744474165845627 0.0001689622396762567 0.008367303291407887 0.01060404717173968 2.4277319768765945e-5 0.0012715408704645512 0.001284990086636894 0.00016584555411459893 0.007845722874864828 0.01186644322541571 -5.042902465929144e-13 9507.350780127908 7.387780641008925e8
9200 300197.17680200405 32.76353311007624 3.1899095749926875e-5 0.0009172106333948607 0.0010714126995422883 0.00018104337351114395 0.007871707726154233 0.011082824893037696 2.4670235337654454e-5 0.0012837754943968549 0.0012600973993758602 0.0001777027020431844 0.007701284175276486 0.011721564302257721 2.393374237622423e-13 9507.35078012789 7.387780641008992e8
9250 301837.20208286494 32.81934801104679 3.1579876831449906e-5 0.0009253889590521535 0.0010709550112606245 0.00019152016387167926 0.007388932458176555 0.010944285448088453 2.4423356683011238e-5 0.0012914770179793139 0.0012457959213702883 0.0001879806649209367 0.00789510385922756 0.011057626514737118 3.62214761117107e-14 9507.350780127877 7.38778064100891e8
9300 303448.55413118395 32.74568542151615 3.071286817410609e-5 0.000933339716729394 0.0010726983039132311 0.00014786907556281142 0.007482998281384764 0.009290597808102034 2.3752826465348444e-5 0.0012933323403889153 0.0012453928162611406 0.00014513784651202713 0.007899749375784575 0.009845874522895922 -3.573137580068544e-13 9507.350780127894 7.38778064100888e8
9350 305084.3265408371 32.68959315195491 3.0425392968042967e-5 0.0009415752585107199 0.0010740161693313 0.0001447380822808817 0.00734063959220294 0.008192633338679488 2.3530497875130605e-5 0.0012903515260474078 0.0012515949619124151 0.00014207094035659226 0.0077246642572742314 0.009320315114287093 -7.447993164112014e-14 9507.350780127916 7.387780641008894e8
9400 306717.79413490184 32.65317683115813 3.109356373619349e-5 0.0009496080053783795 0.0010759386099885337 0.0001293583568380248 0.007175978659849704 0.007729704107759607 2.404725014375915e-5 0.0012851283856470392 0.0012602496049920642 0.00012696594988819714 0.007179122374075224 0.009216604605069794 -2.418185565868077e-13 9507.350780127941 7.387780641008933e8
9450 308349.9448236294 32.63652414178541 3.23448607771231e-5 0.0009544416389888539 0.0010820423856658368 0.00014054269357506602 0.007412888211646786 0.0075520208122212724 2.5014982668813177e-5 0.0012772136465448612 0.001274289948448892 0.00013794542148971113 0.007332581237880317 0.009356519128438429 1.0207411071531429e-12 9507.350780127921 7.3877806410089e8
9500 309981.7782565034 32.640094925017024 3.396850581782834e-5 0.0009541951788572955 0.001093942042968965 0.000146589166217118 0.006894274573443429 0.007621852945674784 2.6270683005055268e-5 0.001261929796458312 0.0013000270604555711 0.0001438905262369991 0.006923212604395319 0.00970340962307803 1.102802277980435e-12 9507.350780127896 7.387780641008917e8
9550 311595.1973892747 32.66374187949 3.545560610639908e-5 0.0009492723613526345 0.0011098316933312218 0.00016789630194478865 0.007865398232410092 0.007777514042826633 2.7420781878619658e-5 0.0012388840908778402 0.0013416243252947176 0.0001647899301001598 0.007460366673670018 0.010129580046425574 -7.786468691413835e-14 9507.350780127968 7.387780641008904e8
9600 313228.9123109849 32.66631521332038 3.627479491984193e-5 0.0009410520053936615 0.0011304662876256092 0.00015763766374302253 0.008864297139459347 0.00801743857000567 2.8054329016507408e-5 0.0012099990546091076 0.0013987031138083578 0.00015472137609789775 0.008379609937289983 0.010766828852548324 -5.597864489991653e-13 9507.350780127921 7.387780641008962e8
9650 314861.5458705533 32.642828712297764 3.640074222390293e-5 0.000932354111977286 0.0011527615928405063 0.0001764703170672272 0.008745554776987638 0.0085256431567774 2.8151734587364917e-5 0.0011789713094967553 0.0014655655331194512 0.0001732202976690738 0.008271892619022503 0.011878526510364197 3.778673398004763e-13 9507.350780127903 7.387780641008856e8
9700 316493.5215643124 32.639730281512385 3.586627565945721e-5 0.0009254691195507929 0.0011740774822908422 0.00017850766252423142 0.008345419856754356 0.009297690219556795 2.7738386948037046e-5 0.0011535540672845458 0.0015350431628318097 0.00017520642816292077 0.007845052365757207 0.012872721572263067 1.0246159627371863e-14 9507.350780127841 7.387780641008935e8
9750 318125.8617873499 32.65691531940567 3.5028060534418546e-5 0.0009206612312460152 0.0011903624094849183 0.00018651569632117018 0.008289169227860023 0.010154849700245982 2.7090125174085862e-5 0.0011385599246309945 0.0015957095393887139 0.00018306764296563665 0.008361059228928953 0.013905546080547846 1.3026713110704244e-12 9507.350780127894 7.387780641008868e8
9800 319745.3861816597 32.69355457061652 3.4093442039309155e-5 0.0009180786615372601 0.001200787243299822 0.00018181284174320265 0.00889983022456102 0.010738359436965111 2.636730662129663e-5 0.001132341992249151 0.001639467172427107 0.00017846250213144046 0.00882653092135804 0.014379505428986084 -1.5436628233823768e-13 9507.350780127877 7.387780641008906e8
9850 321381.41529688454 32.749619280865694 3.295359480160029e-5 0.0009184028244316802 0.001206098535907396 0.00016875717652572943 0.009240678495369392 0.010815135276657653 2.5485767538693638e-5 0.0011333493369089873 0.0016624181106397952 0.00016564064846493243 0.009059613330230053 0.014035796279259046 -1.0044682452636323e-12 9507.350780127925 7.387780641008948e8
9900 323020.7214053988 32.82416382096919 3.2000386534566845e-5 0.0009210894753342632 0.0012072128463706158 0.00014993465447528788 0.009160514607036206 0.01030825799083811 2.4748571962435304e-5 0.0011392823555271578 0.0016666906077121336 0.0001471630140072754 0.008937039015158493 0.012895068483315494 6.9073512585122725e-15 9507.35078012788 7.387780641008964e8
9950 324660.45307328843 32.75804725623241 3.167390207602901e-5 0.0009246243163824703 0.0012066582279270743 0.00012620056061621844 0.008789208542119797 0.008531211007083305 2.4496074258759183e-5 0.001148278781150031 0.001660502758010835 0.0001238711755512799 0.008505166108656018 0.010602534704165544 2.221762550589984e-13 9507.350780127914 7.387780641008927e8
10000 326296.7499915927 32.698200385744855 3.185068807195253e-5 0.0009280426825070487 0.0012066160339794458 0.0001251195657722998 0.008511711398641994 0.007376171744831964 2.4632797636688335e-5 0.001159364604641815 0.0016512396646798143 0.0001228128381174733 0.008212833176307867 0.009539687601930451 8.494816797192532e-14 9507.35078012786 7.387780641008927e8
10050 327930.5523724283 32.657941248370875 3.222243930268051e-5 0.0009332683991052118 0.001206475739486627 0.00011938555841760645 0.008414560833963908 0.007717965681135446 2.4920303916521644e-5 0.0011719914049865394 0.001636213169441509 0.0001171802703316645 0.008148546901216518 0.009338733404644736 -1.1455788457521087e-12 9507.35078012796 7.387780641008928e8
10100 329560.4485732493 32.63776702252276 3.26989231530664e-5 0.0009421361700247191 0.0012014760632526118 0.00011031344774011165 0.008496551668756545 0.007931156794865033 2.5288808679657867e-5 0.0011896656264490614 0.0016076035637808963 0.00010827202647795675 0.008291990516499068 0.009634278182089296 1.7597664292750779e-12 9507.350780127945 7.387780641008925e8
10150 331192.253830493 32.637799946909055 3.324922682184052e-5 0.000954212053784946 0.0011906413951889483 0.00011456897084975559 0.008730295883120702 0.007601026617567912 2.5714404474667882e-5 0.0012124299805882396 0.0015644556012822202 0.00011245623028811325 0.008635332389833763 0.009457543484970061 1.4873874380597694e-12 9507.35078012787 7.387780641008908e8
10200 332824.57511259196 32.657995553971475 3.358960750515431e-5 0.0009669197167911298 0.0011780566994824431 0.00013272638620640537 0.009131503021608619 0.007795624953936897 2.5977649289741837e-5 0.0012389512197286186 0.0015106322044399934 0.00013027194449908463 0.009160455572608793 0.009769975907680254 -7.165659010329005e-13 9507.350780127883 7.387780641008908e8
10250 334458.23518249125 32.67378616294496 3.3920057381898794e-5 0.0009772054244316809 0.0011674275337789626 0.00016136529244300548 0.009731688308038238 0.008296364914919323 2.6233213782556515e-5 0.0012680080345891765 0.0014497198630862255 0.00015838008755399816 0.009429053665711095 0.009986416299348388 -2.611200852421072e-13 9507.350780127874 7.387780641008908e8
10300 336091.13549017254 32.64617751567269 3.433018039321861e-5 0.0009849721607207073 0.0011609971387385998 0.00018397010323420096 0.010134304272285172 0.008714992679285839 2.655039616559322e-5 0.0012980519715476068 0.001390765327102873 0.00018058527329539126 0.009416354434703391 0.010191616226525065 -2.0932452307496492e-13 9507.350780127903 7.387780641008941e8
10350 337710.6961404896 32.63892490819061 3.439660203796558e-5 0.0009904540439408635 0.001158959882313207 0.00018144250402169867 0.00953099044151059 0.009185068963034535 2.6601765571807166e-5 0.0013259000339007978 0.0013464504123433434 0.00017809119217996458 0.0086926646269497 0.010407149429811314 1.4598480123796974e-13 9507.35078012789 7.387780641008911e8
10400 339342.8882929754 32.651883908324585 3.420503266142477e-5 0.0009946502632418813 0.0011591232911570969 0.00017265020466096983 0.009494972961257604 0.009707836934228355 2.645360897076219e-5 0.0013483623496972103 0.0013159132625024104 0.00016945633999895294 0.008455699772746303 0.010563252471213503 -8.676307068619075e-14 9507.350780127917 7.387780641008872e8
10450 340976.23150654737 32.684391725490904 3.435006299760841e-5 0.0009987481299930196 0.001156159905235086 0.00015835385473790488 0.009412758723311942 0.010321258708263484 2.656577304440138e-5 0.0013636758308229018 0.0012919324102843941 0.0001554364937853016 0.008569043308598255 0.010702342294103405 1.3947029601001366e-12 9507.350780127897 7.387780641008936e8
10500 342611.6944450644 32.73624012641361 3.4676730663595896e-5 0.0010038063228459612 0.0011504881368102355 0.00016850790136350565 0.008717060353520802 0.010940136301823137 2.6818412437704902e-5 0.0013756224955729336 0.001275455852451655 0.0001653955084276207 0.00855044896988413 0.01075199590740606 2.2736825522892227e-13 9507.35078012791 7.387780641008908e8
10550 344250.23496094823 32.80707836232368 3.496501673412067e-5 0.0010094000116080595 0.0011462872726740998 0.00017153063189022234 0.008370579786822568 0.011171192165708 2.704136813714368e-5 0.0013859973259948623 0.001271077961357959 0.00016836149848825353 0.008953138938678475 0.010335501592674495 -2.5459179594290357e-13 9507.350780127932 7.387780641008906e8
10600 345862.22803179553 32.773274850385505 3.55807932267091e-5 0.0010148535203202925 0.001145192390666388 0.00013864307668078898 0.0086596527865949 0.009747680948580598 2.7517599535884918e-5 0.0013917834068101697 0.001277982263421059 0.0001360826245754081 0.009192621661517106 0.009230351638386303 2.2517046164666836e-13 9507.350780127894 7.38778064100887e8
10650 347499.17503924755 32.7090276339644 3.643223001419803e-5 0.0010212655422237235 0.0011478301973084693 0.00014347832207762328 0.008575896338111701 0.008060510896554553 2.817608672583843e-5 0.0013940967018087084 0.0012925968684327073 0.000140830765030102 0.009025707289701075 0.008035705254359241 3.063280100255077e-13 9507.350780127901 7.387780641008928e8
10700 349133.40679785766 32.6643721530879 3.7162822597184767e-5 0.0010258063750482969 0.0011570178328706173 0.00014793662918845705 0.008048394397019208 0.008162659711768536 2.8741114998100054e-5 0.0013910819645394051 0.001316989496130157 0.0001452044208101209 0.00846092454223751 0.008465802148972076 -7.304026197748344e-13 9507.350780127883 7.387780641008921e8
10750 350765.91139693814 32.63970578197307 3.769913104876884e-5 0.0010267457351146533 0.001170464013918228 0.00013833664299989508 0.007301273000750023 0.0077226672785908465 2.915588712260876e-5 0.00138031957706199 0.0013547729873766257 0.00013577560568971042 0.007789032820494403 0.008302096766788825 -4.79195579104949e-13 9507.350780127934 7.387780641008921e8
10800 352397.6976586312 32.635213513907225 3.772093997218443e-5 0.0010258268987981727 0.0011863148549349223 0.00012612368414881923 0.007641689824773952 0.007670331381125566 2.917275378482692e-5 0.0013614068279074816 0.0014044412960289069 0.00012379413199376554 0.007626409208920802 0.009101196573120935 6.913324356052893e-13 9507.350780127857 7.38778064100892e8
10850 354029.77863895654 32.65100427764845 3.680758987254836e-5 0.0010242573370146748 0.0012052768488324162 0.00011988283839700937 0.008603882340377128 0.0077140781339566705 2.8466383858847382e-5 0.0013390229388142026 0.0014607165197091578 0.00011766922722350745 0.008343761920850472 0.00928914161755342 9.330131514796212e-13 9507.350780127874 7.387780641008953e8
10900 355644.77935373277 32.68170716700956 3.515013551321816e-5 0.0010211935560065746 0.0012263604056068956 0.0001403549797242716 0.010181155147083249 0.007627831954614241 2.7184535952352122e-5 0.001317487979670483 0.0015185037561751661 0.00013775839856572825 0.009709230660497645 0.009316640546236394 -2.888375551757937e-13 9507.350780127883 7.387780641008911e8
10950 357277.98034060275 32.65031157254891 3.3304608846932884e-5 0.0010154207439462034 0.0012493785156858432 0.00015664477469158326 0.010576300217819842 0.007628195327869684 2.575723602084096e-5 0.001293393484730187 0.0015826759429379681 0.00015376283247570368 0.009879572757461217 0.009611249649221576 -1.8165874340845692e-13 9507.350780127887 7.387780641009014e8
11000 358910.12121348106 32.6388327602151 3.179414323586631e-5 0.0010084591967187305 0.001271937188418167 0.00016696823953778802 0.00943526959830639 0.00828924485489622 2.4589066791639603e-5 0.0012685435239625207 0.0016499496952903103 0.00016388229539627362 0.00864815985107835 0.010066529692480874 7.165572859883707e-13 9507.350780127905 7.38778064100893e8
11050 360542.1976141701 32.64736147213416 3.1504068036983594e-5 0.001001910384928597 0.0012905956839399332 0.00016018490848096934 0.007027992708653267 0.008759019489318141 2.436472740979195e-5 0.0012479376321826371 0.0017036730038469932 0.00015722233760417426 0.0070932076704726624 0.010588862675477853 5.853635589807962e-14 9507.35078012792 7.387780641008929e8
11100 362175.2063519865 32.67578760871205 3.24346221504713e-5 0.0009965073844613638 0.0013044604631818294 0.00015365787039403134 0.007223602793575211 0.009005599910766627 2.5084402636768818e-5 0.0012349874681754172 0.001736377409247928 0.00015082465706227265 0.007881976386636475 0.01105993033506394 -1.8224073752779942e-13 9507.350780127925 7.387780641008903e8
11150 363795.8405442543 32.72303841076699 3.350982535141429e-5 0.0009948024432121878 0.0013119161261647286 0.00014956149087352739 0.007402902798366513 0.009533340510767967 2.591594708589611e-5 0.0012301594088798017 0.0017588857694354673 0.0001468013627467617 0.008057572413852057 0.01135879759429527 -2.4797544174406254e-13 9507.350780127917 7.387780641008928e8
11200 365433.60827497323 32.78938722806071 3.496117643567801e-5 0.0009956012829570795 0.0013130642316875189 0.00014315472784783972 0.007260555914165586 0.009823659907636706 2.7038398113571495e-5 0.0012289858836949297 0.0017708987087305646 0.00014050861845430233 0.007951386591666044 0.011314211978009806 8.289587291950704e-13 9507.35078012791 7.387780641008929e8
11250 367074.00361249625 32.78687851155022 3.684285035938812e-5 0.000999010906917417 0.0013105087424042272 0.0001330555912347771 0.007239629779890712 0.009145458169904138 2.849365373870038e-5 0.0012317957730777216 0.0017656659304654645 0.00013059631585353248 0.007519894779882688 0.010505611820013737 -4.206821966589487e-13 9507.350780127923 7.38778064100892e8
11300 368711.54868154164 32.71937394023029 3.832634453733335e-5 0.0010064461313862207 0.0013053826620459297 0.00013143226991806737 0.006883661728597451 0.007696729167726617 2.964096370569441e-5 0.0012433617695653363 0.0017432216169205141 0.0001290071248315587 0.006991454407053938 0.009871159601058898 -1.1683991414842223e-12 9507.350780127881 7.387780641008881e8
11350 370346.20216527086 32.670963633090224 3.9200530305521336e-5 0.0010174550723180773 0.0012975599664919986 0.00013916954107648017 0.006611116335904858 0.007557027234791214 3.0317044582689724e-5 0.0012645985012587342 0.0017089195996624496 0.00013660193564311691 0.006520336430000833 0.009251151544851465 7.170856753861949e-13 9507.35078012792 7.387780641008861e8
11400 371977.0289288322 32.64223360655431 3.9864585108888535e-5 0.0010301688653809402 0.00128535937511971 0.00014150299308519213 0.006803569002739664 0.0069416883231746135 3.083061363193801e-5 0.0012907702700954019 0.0016663326718343065 0.00013888483606571295 0.006620995785548362 0.008885745492326418 -2.6659925356302244e-13 9507.350780127861 7.387780641008965e8
11450 373608.83512421686 32.63356858911416 4.023990498244635e-5 0.0010438627262835984 0.0012689450716116088 0.00016129493874410893 0.007446543584639256 0.007389960260071373 3.1120879841365394e-5 0.001317504299128561 0.0016170144715814663 0.00015831385776467633 0.007316846984786014 0.009707671595603647 -2.4471321154880067e-13 9507.350780127928 7.38778064100893e8
11500 375240.7271615368 32.64521890468564 3.9958089323084464e-5 0.0010578292692062312 0.0012512270245102805 0.00013933198342124615 0.008244148076750276 0.007561103698685852 3.0902928251364097e-5 0.0013459015635659802 0.0015669786742360972 0.00013676577177696721 0.008211098354225978 0.00967859455542489 -8.764410257343225e-13 9507.350780127937 7.387780641008912e8
11550 376873.7109814305 32.67682419913101 3.945655260724851e-5 0.001066270534456265 0.0012407184130136459 0.00015708981693051327 0.009272312240832964 0.007707323915689132 3.0515048014660327e-5 0.0013712146535067452 0.001526617346084236 0.0001541832577206738 0.009038163777446094 0.009403120425065652 -1.2581071215588294e-12 9507.350780127887 7.387780641008945e8
11600 378507.16938357224 32.654407369308466 3.926316948686961e-5 0.001068770898532073 0.0012380330950359556 0.0001884413740974776 0.009958643028886513 0.00783460329747544 3.0365488693998332e-5 0.0013919294685169816 0.001494733956552099 0.00018496489868632336 0.009335560894310386 0.009277855773830388 7.42220546415299e-13 9507.350780127883 7.387780641008931e8
11650 380139.4233117035 32.63944960949217 3.946412759086755e-5 0.001069208339778541 0.001238530699890397 0.00022311715685324868 0.009155752059194883 0.008184955715472822 3.052090638224647e-5 0.001413825001758642 0.0014657809793704659 0.0002189945819414839 0.008577137906202788 0.009397647777853025 9.00298955718685e-13 9507.35078012788 7.387780641008924e8
11700 381759.37178820284 32.64415854982215 4.020591395003637e-5 0.0010687052134537198 0.0012400032477623269 0.00021073336393662577 0.009540843282748523 0.008451378287449537 3.1094591736666676e-5 0.0014364687185272943 0.0014428872483043952 0.0002068323598900397 0.008545575623562531 0.009367049225681549 -8.557381165021851e-13 9507.350780127907 7.387780641008893e8
11750 383392.12365910166 32.66873441676173 4.134635153863536e-5 0.0010681405549957793 0.0012418306999639498 0.00018130801327683816 0.009040702807552845 0.008635276495719104 3.1976587386925646e-5 0.0014548390260793712 0.0014287174762758128 0.00017796036631267535 0.008705229252130232 0.009137863504220554 1.3256141318802943e-12 9507.35078012791 7.387780641008917e8
11800 385026.6085743824 32.71297459798574 4.236164344041065e-5 0.0010684309885699032 0.001243150973931157 0.00016870418036410474 0.0092435626982765 0.008811770359019967 3.2761797423900275e-5 0.0014705355324855464 0.001420535066246769 0.00016559087416224055 0.009103929807019306 0.009211369548962952 -6.15229046683898e-14 9507.350780127916 7.38778064100893e8
11850 386663.79159760557 32.776190340983135 4.3026899445486696e-5 0.0010680653085522805 0.001245328438678222 0.00016382710706445308 0.009486561734055108 0.009214327023844308 3.327629546276972e-5 0.0014785065886817141 0.0014191980714290478 0.00016080033575892254 0.00926613592937816 0.009123900532641942 1.5594991896823806e-12 9507.350780127914 7.387780641008885e8
11900 388304.1021038875 32.80085572811721 4.353550885424805e-5 0.0010677445263927326 0.00124676154955477 0.00015731902146911002 0.009567485008611133 0.009143912953162019 3.3669645603709374e-5 0.0014724396746643752 0.0014259740691749772 0.00015441150967483868 0.009289619043081601 0.008706555819036139 -9.811195601336945e-14 9507.350780127952 7.387780641008956e8
11950 389913.58792473853 32.73066658207139 4.353469606554598e-5 0.0010707687221692918 0.0012463182176888482 0.00014972671698045258 0.009352630991026647 0.008098772995123467 3.366901700631191e-5 0.0014592597620320794 0.001442934346606508 0.0001469616622588547 0.009012095025248046 0.008143221283890476 8.808787308943091e-13 9507.35078012788 7.387780641008927e8
12000 391548.6911101621 32.677783679450066 4.2844664938448e-5 0.0010770370650133585 0.0012469262849865703 0.00013976771122078035 0.008887910667105444 0.007018197842461085 3.313535829606888e-5 0.0014455671280009523 0.0014705146282439827 0.0001371935395257917 0.0085756533117539 0.007644534947330087 -2.4452942393216616e-13 9507.350780127952 7.38778064100891e8
12050 393181.654023981 32.64477070229944 4.2017642737290204e-5 0.0010803261681608253 0.0012528360761296757 0.00013805877794389725 0.008305236833004657 0.007525780209547468 3.2495752945120064e-5 0.0014281486724046738 0.0015034401381283495 0.00013550480464063453 0.008075272909800087 0.00847437830728806 2.807968469480355e-13 9507.350780127903 7.387780641008885e8
12100 394813.48380117904 32.63207587013837 4.14696621565965e-5 0.0010790006442393432 0.0012628963264030796 0.0001536321852273435 0.007751296712515405 0.008251032965643161 3.20719537881724e-5 0.0014060020561528375 0.0015342775782920478 0.00015079357393106896 0.007588024772731384 0.009722688707552628 8.939889142142348e-13 9507.350780127896 7.387780641008948e8
12150 396445.19826270314 32.63966167926395 4.0704408769697265e-5 0.0010770093337659915 0.001275995456026959 0.00016255214236266733 0.00791058238997365 0.00881276892102801 3.148011942096322e-5 0.001385336728653137 0.00156540359652427 0.00015956318629816008 0.0073886169575691114 0.01055874756405597 4.0289308693220365e-13 9507.350780127887 7.387780641008943e8
12200 398060.55437797285 32.66710523765127 3.963106131218256e-5 0.0010752302505764345 0.0012915395137600438 0.00015601541525611068 0.00999199344367589 0.009184967962459092 3.0650010173240254e-5 0.00136793868916578 0.0016027211072536735 0.00015312979955197636 0.009527111950282094 0.011147254800304155 -1.2788861303509797e-12 9507.350780127921 7.387780641008918e8
12250 399694.17440872715 32.66046707633684 3.886851133029769e-5 0.001071384545509886 0.0013113930592613514 0.0001964246577669954 0.011191289284291566 0.009262909775048922 3.0060266574948134e-5 0.0013492196879065913 0.0016500686178061315 0.00019279369188206525 0.010560846267337377 0.011546051989129072 2.2123434352374673e-13 9507.350780127847 7.387780641008902e8
12300 401326.6059089661 32.64055486901685 3.886185974421367e-5 0.0010669417391962995 0.0013346421944653317 0.00020392698037449697 0.010840719657871064 0.009371001823859615 3.0055122347809912e-5 0.001329067013028745 0.001706469688265868 0.0002001639881111626 0.010025970220504698 0.011973908085800946 5.714263313860153e-14 9507.35078012788 7.387780641008936e8
12350 402958.5567739279 32.64083198565318 3.998568503598505e-5 0.0010657495862292342 0.0013533731443857388 0.00016931445826232766 0.009110980486930436 0.0095602330177523 3.092427032127613e-5 0.0013119237400732577 0.0017596395355230809 0.0001661804091349421 0.008289692555841036 0.012043559796888502 3.7681056100482804e-13 9507.350780127908 7.3877806410089e8
12400 404591.0352568799 32.66115214689483 4.203299279628388e-5 0.0010683990306168214 0.0013647526971661713 0.00017945007764049833 0.0074443458813281725 0.00977765858561651 3.250762442796194e-5 0.0012998182701296078 0.001795361561204076 0.0001761354775404438 0.008133950060767302 0.012131142778695694 -1.3921911960061322e-13 9507.350780127914 7.387780641008906e8
12450 406210.796663482 32.70063775707441 4.3748469639109464e-5 0.001071600812244307 0.0013763599468845159 0.00017346512147167338 0.008021981262693555 0.009947697992990806 3.383434596767569e-5 0.0012915810305339248 0.0018192880850766064 0.00017026591309117833 0.008732887144640811 0.012007739876642673 -6.757564350955177e-13 9507.350780127877 7.387780641008903e8
12500 407847.2551743681 32.75970005104936 4.4650964934576857e-5 0.0010739370070217066 0.0013891884859421589 0.00015793698159110507 0.008043093591468957 0.010103870465436647 3.453232096686881e-5 0.0012878601187494528 0.0018329551993801227 0.00015502296435622448 0.008776032530626414 0.011805842971228064 6.592997855893726e-13 9507.3507801279 7.387780641008916e8
12550 409487.09940052795 32.82077638617317 4.5272331797941406e-5 0.0010759893160341555 0.0013932269189187232 0.0001529326489624292 0.007710867008390667 0.010052847803940947 3.501287586630585e-5 0.0012896798862858656 0.0018223768759246715 0.00015010597327673981 0.008472185281325944 0.012598619621058961 4.23431353091106e-13 9507.350780127901 7.387780641008915e8
12600 411126.1289487371 32.74496022203554 4.533580606527461e-5 0.001078474002015478 0.0013903450459486794 0.00015320771842046584 0.007101626064011423 0.008881465442556786 3.506196581936452e-5 0.0012994448461767926 0.0017953086404453714 0.00015037795180283808 0.007838046810302804 0.012456623182763985 -1.3423388049940313e-13 9507.350780127914 7.387780641008911e8
12650 412761.8372525191 32.687743564465755 4.441531657397866e-5 0.0010831251668295776 0.0013880383260370997 0.000146001918392313 0.006502671788582981 0.008449065507563394 3.435007440544668e-5 0.0013169420751055502 0.0017651792898823826 0.00014331145349069747 0.007263715023271426 0.01201344740356091 -1.0226249302236462e-13 9507.350780127914 7.387780641008898e8
12700 414395.1862991061 32.650332848197884 4.319783781127475e-5 0.0010904805276952558 0.0013845404252557998 0.00014284442601595324 0.00722057060238374 0.007712083241518968 3.340849637984936e-5 0.0013381268607246062 0.0017278517818611625 0.0001402027903101153 0.0072932004290500035 0.011035637384512326 4.4937603830600575e-13 9507.35078012791 7.387780641008942e8
12750 416025.52765688207 32.63355497233382 4.2762834511777195e-5 0.0010995596737098338 0.0013725994063165823 0.0001360274615741246 0.00786596656433718 0.006707871991225965 3.307207199166596e-5 0.0013578156566472698 0.0016800950611264662 0.00013351320367957278 0.00809649445661649 0.009586986654426288 3.447166484500332e-13 9507.35078012789 7.387780641008936e8
12800 417657.2154660058 32.637283831186004 4.2602100562958924e-5 0.0011104646729552675 0.0013561580333200797 0.00014367805548031677 0.008100712583345673 0.007224183765397967 3.294776300262148e-5 0.0013785079629629936 0.001636979757196104 0.00014103279300319734 0.00853591913954908 0.009431528726095754 -1.0052397703626291e-12 9507.350780127905 7.387780641008917e8
12850 419289.6039691981 32.66111806674177 4.22233388769141e-5 0.0011205830817752128 0.0013424527971121715 0.00015389856270440173 0.008235680133792929 0.00759857322523731 3.26548349520932e-5 0.0014030763095820742 0.0016072596882254736 0.00015105118280879642 0.008880184977958715 0.009467079767137931 -4.4462819154294855e-13 9507.35078012791 7.387780641008891e8
12900 420923.2339168641 32.66565027071021 4.2256322982018616e-5 0.00112688422440175 0.0013335514503364193 0.00015617515179632398 0.00942502983265981 0.007558839387882556 3.2680344315798447e-5 0.0014278986586986424 0.0015823530270716625 0.00015328587469227715 0.009901483233798256 0.009071656227068793 -3.634716003912792e-13 9507.350780127932 7.387780641008904e8
12950 422555.8345558159 32.642203674236264 4.2622919533908096e-5 0.0011310490149410554 0.0013316773200604962 0.0001787326884359825 0.009267981288758949 0.007312606072853575 3.2963864051905006e-5 0.0014523558330380836 0.0015576823654790937 0.00017544132512754623 0.009482077520143309 0.008514146909463838 3.4313913807392067e-13 9507.350780127927 7.387780641008862e8
13000 424175.9512231766 32.63886430296705 4.3043249469674886e-5 0.0011355373962731743 0.0013328291452801972 0.00017406630039106292 0.008120395437560513 0.007168929992813603 3.328894030222183e-5 0.0014796439953690655 0.0015356155671000518 0.00017084755141444255 0.008148768355591146 0.00807577791615569 6.304566165038e-13 9507.350780127868 7.387780641008899e8
13050 425808.2354032917 32.65550736964176 4.364321955429109e-5 0.001140371665627816 0.0013333832457843049 0.0001821763175732707 0.008049908032726944 0.007349888857125902 3.375294728533781e-5 0.0015066476363300762 0.0015174909952929223 0.00017880820345154738 0.008197955348639204 0.007926507760097571 -9.698778842495525e-13 9507.35078012792 7.387780641008959e8
13100 427441.85761145 32.6919365170309 4.401483146400445e-5 0.0011454749539404898 0.0013349153245576142 0.00017975339789271481 0.007941165559464421 0.007761600078127581 3.4040345816594754e-5 0.0015291199339158344 0.001502142513226793 0.0001764409945255072 0.008701595503528755 0.008296898074263542 2.915331068864326e-14 9507.35078012789 7.387780641008887e8
13150 429077.7957714135 32.74768778487639 4.365069555584998e-5 0.001152515204609442 0.0013373227896024626 0.0001615402375787835 0.008407109635749423 0.008363295356303323 3.3758729101829256e-5 0.001546600977073453 0.0014919246559948302 0.0001585569333646619 0.009081471699640678 0.008495537875554442 -3.678968615980561e-13 9507.350780127901 7.387780641008917e8
13200 430716.99840898614 32.82193492756329 4.287785549807822e-5 0.0011593956279662785 0.0013388328684432922 0.00015324085978377924 0.008759594001101588 0.008825432592488254 3.316102732830377e-5 0.0015559406168243546 0.00148986566181869 0.00015040813154032986 0.009402719473269133 0.008296523662966543 -5.277997458874073e-13 9507.35078012791 7.387780641008933e8
13240 432000.0 3.6615111207938753 4.223366497056855e-5 0.0011632331281504983 0.0013396200932699286 0.0001437224509256175 0.008852000190577481 0.008221857146140602 3.2662820982878095e-5 0.001555328462156563 0.0014950758946614886 0.00014106791497441328 0.009422093424099649 0.007906209440923549 -4.939521931572252e-13 9507.350780127877 7.387780641008948e8
