#timestep time dt l2_h l2_h_vcon1 l2_h_vcon2 linf_h linf_h_vcon1 linf_h_vcon2 dsdu_ut entropy h_squared 
0 0.0 100.0 0.0 0.0 0.0 0.0 0.0 0.0 2.6928909654251288e-11 7.387780849071555e8 1.040022101565639e8
200 1325.1010285172026 6.618567894097724 1.6561867625299605e-6 2.04884553724355e-9 3.85758465461909e-9 1.6744168533477932e-5 5.7655050511584705e-8 5.3447976267051445e-8 2.68061230245676e-11 7.387780849071573e8 1.0400221015656437e8
400 2647.5717655907956 6.606601658151455 1.5660887582797032e-6 2.6751934159588754e-9 3.7373810823229515e-9 1.678362605161965e-5 6.253837891989633e-8 5.0058045708567533e-8 2.5764270360398476e-11 7.387780849071363e8 1.040022101565602e8
600 3967.8947382377683 6.597091576556259 1.6393116880595523e-6 3.08652892840752e-9 3.967719400993049e-9 1.9822747617581626e-5 6.566964461107716e-8 5.139032488443718e-8 2.2152639870647937e-11 7.387780849071636e8 1.0400221015656435e8
800 5286.5687966209325 6.590110572105991 1.6305600877747534e-6 3.4274812382834174e-9 4.069662513395659e-9 1.6432604752480984e-5 7.429607451481246e-8 6.558979909199181e-8 2.6063433499725437e-11 7.38778084907149e8 1.0400221015656172e8
1000 6604.022878472299 6.584509518365586 1.6438838905307746e-6 3.700461134561366e-9 4.3074649722869906e-9 1.6895975022634957e-5 9.707841497341718e-8 1.0826478955006102e-7 2.7063141848237182e-11 7.387780849071547e8 1.040022101565615e8
1200 7920.523004522061 6.580943570682077 1.6564091556928065e-6 3.974135456824593e-9 4.470571812013221e-9 1.7047731489583384e-5 1.1087519974362081e-7 1.268592694642079e-7 3.0527332563935696e-11 7.38778084907161e8 1.0400221015656185e8
1400 9236.572476811953 6.579993418986831 1.6620008644111963e-6 4.209170284538035e-9 4.609433775006444e-9 1.749864713929128e-5 1.2861600656721706e-7 1.3796339737998098e-7 3.162026621586435e-11 7.387780849071376e8 1.0400221015656093e8
1600 10552.695977381583 6.581671257513506 1.6712175933990473e-6 4.46358689009292e-9 4.769535850133146e-9 1.9510511265252717e-5 1.5433311784107673e-7 1.662605486063562e-7 3.301285502184368e-11 7.387780849071759e8 1.04002210156566e8
1800 11868.942997825807 6.580270433233479 1.670077147669312e-6 4.748971575002213e-9 4.92276341992134e-9 1.9924590105802054e-5 1.8628799797193452e-7 2.0715542818627863e-7 3.0831395270117285e-11 7.387780849071649e8 1.0400221015656339e8
2000 13184.958706871066 6.580324423815383 1.6887246005572707e-6 5.052054246976004e-9 5.0170507226426275e-9 2.086027143377578e-5 2.1832273783273237e-7 2.421498063037708e-7 2.920961231748908e-11 7.387780849071485e8 1.0400221015656371e8
2200 14501.248970784158 6.583000364036065 1.7024716362027043e-6 5.391979733442035e-9 5.136396538542021e-9 2.1478028429555707e-5 2.4759153582909477e-7 2.800461310348279e-7 3.325797982031989e-11 7.387780849071476e8 1.040022101565625e8
2400 15818.336070325397 6.588274321510261 1.720095694822657e-6 5.709582049339275e-9 5.235127104605924e-9 1.9227538359700702e-5 2.6627972626869223e-7 3.1756750001887823e-7 3.123920990601264e-11 7.387780849071553e8 1.0400221015656257e8
2600 17136.570077112367 6.594422270759401 1.7263792177714596e-6 6.00628690877932e-9 5.361057609038149e-9 2.993497992065386e-5 3.033122788487219e-7 3.6521636803676927e-7 3.268215986498063e-11 7.38778084907135e8 1.0400221015656218e8
2800 18456.282307786645 6.6030766921195045 1.7500828884952182e-6 6.271197449388851e-9 5.472555001810729e-9 2.6368204999016598e-5 3.3558514800358097e-7 4.013495742416495e-7 3.0622529755155786e-11 7.387780849071623e8 1.040022101565644e8
3000 19777.976220095217 6.614214054590729 1.7750128155988942e-6 6.529455356699406e-9 5.574543721831003e-9 2.717895586101804e-5 3.570440881839332e-7 4.0353208674570595e-7 3.204821229466676e-11 7.387780849071581e8 1.0400221015656234e8
3200 21102.140206671615 6.62774990954577 1.80828824248785e-6 6.790877313128586e-9 5.684284542036411e-9 3.4353752198512666e-5 3.4745396260138506e-7 3.87916600175231e-7 3.372595905043508e-11 7.38778084907175e8 1.0400221015656082e8
3400 22427.87100692003 6.623057955771699 1.833786493109212e-6 7.005076109105672e-9 5.8240878901400895e-9 3.401929461688269e-5 3.016283509627016e-7 3.698473332036656e-7 3.2025156523003056e-11 7.387780849071667e8 1.0400221015656452e8
3600 23751.16042719992 6.610297250036474 1.8595988956683938e-6 7.191019673619733e-9 5.963286010822098e-9 3.947301047446672e-5 2.9888356267715466e-7 4.192916374101685e-7 3.3829910561996875e-11 7.387780849071689e8 1.040022101565641e8
3800 25072.14027733103 6.599964687106365 1.9048182414580116e-6 7.346718343826286e-9 6.112830012523526e-9 3.5093929909635335e-5 3.2081421674767796e-7 4.6046062118776376e-7 2.8816425068739502e-11 7.387780849071561e8 1.0400221015656403e8
4000 26391.304387343534 6.592138978059125 1.9547511268792654e-6 7.504619675674396e-9 6.229680232742601e-9 2.5309424017905258e-5 3.394604674022972e-7 4.96700648833226e-7 3.195009831285335e-11 7.387780849071813e8 1.0400221015656163e8
4200 27709.13849215716 6.586262734450523 1.995962796944101e-6 7.618176285789976e-9 6.375020515842408e-9 2.8714719519484788e-5 3.584542895285203e-7 5.351277090337447e-7 2.5818882439235644e-11 7.387780849071509e8 1.0400221015656552e8
4400 29025.90294439169 6.581836102030137 2.0436704333298056e-6 7.713378653781441e-9 6.495806633957181e-9 2.5086093955906108e-5 3.756092543938383e-7 5.613987386077213e-7 2.969313081320562e-11 7.387780849071659e8 1.0400221015656178e8
4600 30342.0437068785 6.580017296467618 2.1017517044408418e-6 7.841816275946115e-9 6.610841868366793e-9 2.5672059564385563e-5 3.979141248037013e-7 6.017033086498473e-7 3.443057767967006e-11 7.387780849071465e8 1.0400221015656124e8
4800 31658.084461335377 6.580824424261235 2.158425029114324e-6 7.989892777870725e-9 6.717170889885584e-9 2.2984327188169118e-5 4.13226459744509e-7 6.634624568624403e-7 2.683761401594892e-11 7.387780849071726e8 1.0400221015656535e8
5000 32974.37832873772 6.58083217600225 2.2393727142362697e-6 8.151761240955963e-9 6.808036063520452e-9 2.5257965717173647e-5 4.1305839315608495e-7 7.287885868678678e-7 2.6359606381280003e-11 7.387780849071606e8 1.0400221015656352e8
5200 34290.41886393296 6.580015470878594 2.3030138279804255e-6 8.291153544681587e-9 6.901566522811982e-9 2.669940840860363e-5 4.325200610999502e-7 7.748384096006866e-7 2.7517948257594897e-11 7.387780849071876e8 1.040022101565626e8
5400 35606.56011949667 6.58182472912478 2.359033570933847e-6 8.481889521324738e-9 7.0016950259140184e-9 2.3739853077131556e-5 4.56174717389235e-7 7.691543773002962e-7 3.0568825606212454e-11 7.387780849071733e8 1.0400221015656425e8
5600 36923.325771181226 6.586241900244838 2.4385563496316128e-6 8.71916293417506e-9 7.06712666003613e-9 2.3613015400769655e-5 4.646974185451569e-7 7.005829429918009e-7 3.158872211333627e-11 7.387780849071547e8 1.040022101565653e8
5800 38241.16146404969 6.592115074364672 2.499428450191635e-6 8.965394561611667e-9 7.103832069175264e-9 2.4122049580910243e-5 4.766727201843679e-7 6.523090565480061e-7 2.6619549653359614e-11 7.387780849071522e8 1.0400221015656336e8
6000 39560.32767883036 6.599931459010074 2.5605919444576236e-6 9.170929834318254e-9 7.1706144614589e-9 2.315946858288953e-5 4.769816183136655e-7 6.680900017652647e-7 3.132025425541629e-11 7.38778084907166e8 1.0400221015656516e8
6200 40881.31029514661 6.610254898454965 2.612308753363623e-6 9.364211617785698e-9 7.290154464984944e-9 2.2499234546558e-5 4.591298203848737e-7 7.234376782072616e-7 3.1523395073772516e-11 7.387780849071504e8 1.0400221015656424e8
6400 42204.6031098061 6.623006735362086 2.6463261410467484e-6 9.558548409916734e-9 7.377850151871308e-9 2.248738928756211e-5 3.9115079575324785e-7 6.76849590153239e-7 2.2403629360191186e-11 7.387780849071726e8 1.040022101565655e8
6600 43524.85302432249 6.627864858682814 2.6870755306718636e-6 9.771706412866385e-9 7.503396914615421e-9 2.3241720782607445e-5 3.0954650553915997e-7 4.769541219751261e-7 2.352470189893248e-11 7.387780849071738e8 1.0400221015656479e8
6800 44849.024618724114 6.614310516025306 2.7019193780372298e-6 9.959216730691401e-9 7.554130294200954e-9 2.708958345465362e-5 2.5141548509743927e-7 4.7624680887814463e-7 2.4184926549371042e-11 7.387780849071629e8 1.040022101565636e8
7000 46170.72477178183 6.6031540082021145 2.7283581525746867e-6 1.0165087723431496e-8 7.691729050476177e-9 2.57473348028725e-5 2.371775091880579e-7 5.05723862787022e-7 2.293433616005678e-11 7.387780849071556e8 1.0400221015656255e8
7200 47490.44184066103 6.594479899413759 2.7246075930266223e-6 1.0378550970938601e-8 7.761252474115734e-9 2.2835110939922743e-5 2.407224579670242e-7 5.358695331914021e-7 1.7181239344968437e-11 7.387780849071342e8 1.0400221015656458e8
7400 48808.679273848524 6.588325460645392 2.717297886107095e-6 1.0592398455361299e-8 7.831644192089593e-9 2.144379232049687e-5 2.822303750704691e-7 5.621579155512535e-7 2.355550881694871e-11 7.3877808490716e8 1.0400221015656212e8
7600 50125.7693125374 6.583031408229066 2.7092123331175453e-6 1.080135209939306e-8 7.85509928276684e-9 2.3235381377162412e-5 2.851639586687327e-7 5.885556513263168e-7 2.60095131371134e-11 7.387780849071532e8 1.0400221015656014e8
7800 51442.0610686521 6.580335134736804 2.703781575290997e-6 1.1012701141506958e-8 7.85333489466158e-9 2.3807345314708073e-5 3.1552068913143216e-7 6.301940003936024e-7 1.817383023146052e-11 7.387780849071748e8 1.0400221015656342e8
8000 52758.07681254012 6.580260706451923 2.704702464987175e-6 1.1201427503513745e-8 7.925421079589376e-9 2.0763334305229364e-5 2.8165466980922815e-7 6.936470523383198e-7 1.9363935834093708e-11 7.387780849071727e8 1.04002210156563e8
8200 54074.32304335141 6.581694608712588 2.7119546859964516e-6 1.1414150427464064e-8 7.943443329957872e-9 1.996420178329572e-5 3.359197511265677e-7 7.507703926323828e-7 2.1689629606351333e-11 7.387780849071532e8 1.0400221015656123e8
8400 55390.447482605494 6.579996326472567 2.735255065512707e-6 1.1625973033443035e-8 8.029157302190335e-9 2.1030124116805382e-5 2.920258030947309e-7 7.77110260030689e-7 1.984827311793143e-11 7.387780849071681e8 1.0400221015656273e8
8600 56706.49643272411 6.580926059160238 2.760947615008027e-6 1.1847702949475874e-8 8.06374304887424e-9 2.1691317670047283e-5 3.136619888266523e-7 7.477221120044675e-7 1.743699989362963e-11 7.387780849071528e8 1.0400221015656805e8
8800 58022.99458275323 6.584471747757874 2.7801884216746477e-6 1.2094681315945289e-8 8.114907474121784e-9 2.0871118977083825e-5 3.1529883071090836e-7 6.500528979547227e-7 1.9125933523079368e-11 7.387780849071542e8 1.04002210156562e8
9000 59340.44554975419 6.590066299289159 2.7971577651340346e-6 1.2324659996716098e-8 8.159743825832881e-9 2.262317775603151e-5 3.3741829930100664e-7 5.690925272694436e-7 2.1323015220896918e-11 7.387780849071802e8 1.0400221015656133e8
9200 60659.11572108993 6.597027335225731 2.8211851075121797e-6 1.254039187004225e-8 8.215278165683035e-9 2.1235184249235317e-5 3.645626747150743e-7 5.912107298167157e-7 2.0570624678122102e-11 7.387780849071509e8 1.0400221015656464e8
9400 61979.433385909215 6.60651790268761 2.851801800938789e-6 1.2742108881125036e-8 8.305687456827488e-9 2.0831336769333575e-5 3.53605052794137e-7 6.534704148908332e-7 2.306093518592886e-11 7.387780849071473e8 1.0400221015656394e8
9600 63301.89742325219 6.618465191226097 2.8823204667198025e-6 1.2917546657565535e-8 8.387370925546006e-9 2.4194623620132916e-5 3.6179290408000497e-7 6.683036857246805e-7 2.103552067978388e-11 7.387780849071655e8 1.0400221015656537e8
9800 64626.990397113914 6.632778926095425 2.9180478459177984e-6 1.3080350246657145e-8 8.498406607583795e-9 2.2717924366588704e-5 3.9706937693395616e-7 4.3178602071591854e-7 1.9984558803329825e-11 7.38778084907172e8 1.0400221015656555e8
10000 65952.08517191117 6.618539162447968 2.9563055931347433e-6 1.320118813208509e-8 8.655378020108943e-9 2.4443947040708736e-5 3.334620384265463e-7 3.678200142243071e-7 2.3081902766698086e-11 7.387780849071718e8 1.0400221015656157e8
10200 67274.55068965783 6.606578202163447 2.9951446638325803e-6 1.3315008427204963e-8 8.836209926225157e-9 2.6127004275622312e-5 3.82772131324316e-7 4.0912898158218525e-7 2.1177328368951476e-11 7.387780849071612e8 1.0400221015655978e8
10400 68594.8695152794 6.5970735608211415 3.0406634100914173e-6 1.3431577901396399e-8 8.968883615238907e-9 2.646476059453562e-5 3.586898191798582e-7 4.4014503064460087e-7 1.702167473434123e-11 7.387780849071822e8 1.0400221015656309e8
10600 69913.54052943714 6.5900981409852655 3.0913542429868882e-6 1.3509401091458805e-8 9.084510431650034e-9 2.3697688448010013e-5 3.887937132240893e-7 4.6588311286566153e-7 2.4257243500444856e-11 7.387780849071579e8 1.0400221015656373e8
10800 71230.99216777562 6.584498905368282 3.1451548570333668e-6 1.3545436011727002e-8 9.245308248175462e-9 2.2637390429736115e-5 3.5391770580872617e-7 4.978634021712836e-7 1.79073128433876e-11 7.38778084907155e8 1.0400221015656263e8
11000 72547.49074104984 6.580938639809482 3.1877829492149055e-6 1.3576525561485206e-8 9.403677683632874e-9 2.5621693566790782e-5 3.4150234196062e-7 5.39269435717582e-7 1.873922083870585e-11 7.387780849071707e8 1.0400221015656418e8
11200 73863.53980287272 6.579994220690942 3.2517999514444084e-6 1.3631308825442544e-8 9.528854970782413e-9 2.6817771413334413e-5 3.4403617285572174e-7 5.80836095429027e-7 1.6489534187776515e-11 7.387780849071356e8 1.0400221015656623e8
11400 75179.66404050725 6.581677794974256 3.325944850100254e-6 1.3704547887657192e-8 9.653792099696479e-9 2.7000018235412426e-5 3.5861456151864424e-7 6.454334618433144e-7 2.7679165120700112e-11 7.387780849071549e8 1.0400221015656297e8
11600 76495.9104405394 6.580267686030382 3.3903147213703053e-6 1.379536347693154e-8 9.763343787156103e-9 2.785909964586608e-5 3.643735779212953e-7 6.771887234302554e-7 2.2599592710354617e-11 7.387780849071522e8 1.0400221015656422e8
11800 77811.9261766702 6.580327412467629 3.4611531912889866e-6 1.3911636011773972e-8 9.835547051146977e-9 2.5625020498409867e-5 3.5452625235521396e-7 6.651234188970179e-7 2.725489615123725e-11 7.387780849071436e8 1.0400221015656465e8
12000 79128.21761276349 6.58300905986079 3.5209041414160098e-6 1.406487829387128e-8 9.889733583877574e-9 2.8105434466851875e-5 3.641501828965943e-7 6.101391921697896e-7 2.5021653824121843e-11 7.387780849071683e8 1.0400221015656352e8
12200 80445.30701864471 6.588288646879886 3.5878145521945927e-6 1.42462379861372e-8 9.919104311551406e-9 2.3848791897762567e-5 3.280962602714155e-7 4.763326669765533e-7 2.215079493508743e-11 7.387780849071536e8 1.0400221015656215e8
12400 81763.54370943485 6.594438402207115 3.6504225251811267e-6 1.4422804819968512e-8 9.941902749047166e-9 2.55328013736289e-5 3.2176470132760926e-7 4.244975193579137e-7 2.939991947261078e-11 7.387780849071797e8 1.0400221015656441e8
12600 83083.25972206476 6.603098328890822 3.698174298049486e-6 1.4619368191011718e-8 9.99057573206639e-9 3.896138150594197e-5 2.8278803698711386e-7 4.5576780860479005e-7 1.8619867423629956e-11 7.387780849071728e8 1.04002210156562e8
12800 84404.95850121448 6.614241027831335 3.755169472480365e-6 1.478627931283608e-8 1.0078506487638349e-8 2.630580638651736e-5 3.405533766098756e-7 4.838449159105807e-7 2.3673482748136084e-11 7.387780849071612e8 1.0400221015656331e8
13000 85729.12840133753 6.6277820086379755 3.8058162968883147e-6 1.4956435572317043e-8 1.0132070145965755e-8 2.58709642366739e-5 3.4632107692722514e-7 4.36069027553998e-7 2.778395107628083e-11 7.387780849071705e8 1.0400221015656479e8
13200 87049.40277484611 6.623084942191172 3.8575657931238295e-6 1.512466390726287e-8 1.013721109586653e-8 2.6686040655476972e-5 3.737122568070461e-7 4.929052810354051e-7 3.162023702043814e-11 7.387780849071364e8 1.0400221015656374e8
13400 88372.69713251069 6.610319629268381 3.9057457376714345e-6 1.5271581075626832e-8 1.0195909837215994e-8 2.5911182092386298e-5 4.2097071417668275e-7 5.502447657512732e-7 2.3538407715698397e-11 7.387780849071509e8 1.040022101565628e8
13600 89693.68098066488 6.599982284394667 3.945134506029683e-6 1.5407457901257807e-8 1.0229153129617772e-8 2.870109528885223e-5 4.514491678264676e-7 5.956953903485385e-7 3.2576742599438925e-11 7.38778084907158e8 1.040022101565646e8
13800 91012.84811786463 6.592151657835477 3.995193327518375e-6 1.553987962713592e-8 1.0265950963758744e-8 2.6853036615648307e-5 4.836436191535398e-7 6.243073916722963e-7 2.872774300439337e-11 7.387780849071685e8 1.040022101565649e8
14000 92330.68449732062 6.586273808401706 4.045761125226805e-6 1.5654542628842888e-8 1.028416531623471e-8 2.8369371648295783e-5 4.903248399523719e-7 6.576418681847329e-7 2.9285162901322655e-11 7.387780849071529e8 1.0400221015656348e8
14200 93647.4506610364 6.581842156709188 4.105405956361736e-6 1.576355269217555e-8 1.0350995416548618e-8 2.8371947337291203e-5 5.093568535841086e-7 6.908078764578107e-7 3.15375527017244e-11 7.387780849071693e8 1.0400221015656361e8
14400 94963.59212600642 6.580018285813073 4.160105414530851e-6 1.582533881510767e-8 1.045365369388829e-8 2.9999953767401166e-5 5.082977668213751e-7 7.277413485019639e-7 3.1765582381619614e-11 7.387780849071329e8 1.0400221015656361e8
14600 96279.63256737463 6.580820327646473 4.217436748851525e-6 1.5907682363581707e-8 1.0539202592825127e-8 2.6777051971293986e-5 5.180163886731037e-7 7.959147265146349e-7 3.7112380569214676e-11 7.387780849071739e8 1.0400221015656218e8
14800 97595.92643451094 6.580836296808103 4.26498161997393e-6 1.6029957281430758e-8 1.0596137463541533e-8 2.866772047127597e-5 5.008592476873908e-7 8.277590929917089e-7 2.8091818042220564e-11 7.387780849071634e8 1.0400221015656525e8
15000 98911.96728320223 6.580014511564605 4.312916255883788e-6 1.6187216493619128e-8 1.0657339755215227e-8 2.8507901333796326e-5 4.6576078394089393e-7 8.198755055977003e-7 3.5387513831380776e-11 7.387780849071554e8 1.0400221015656039e8
15200 100228.10783723334 6.581818701812302 4.348015186795326e-6 1.6351929346612133e-8 1.0718599811076519e-8 2.726308230194263e-5 4.4368904217328975e-7 7.521306621960377e-7 3.288670254240858e-11 7.387780849071621e8 1.0400221015656437e8
15400 101544.87177753371 6.5862308516840775 4.364537032978751e-6 1.6556068344127316e-8 1.0806858563972325e-8 2.8825258596043568e-5 4.7548040171818684e-7 6.317535845568045e-7 3.113345497861532e-11 7.387780849071445e8 1.040022101565636e8
15600 102862.7051964768 6.5921024203698195 4.376433360047219e-6 1.677203205930896e-8 1.0824817361213556e-8 2.673429662536364e-5 4.909268624953e-7 5.353828856913267e-7 2.7556765909984823e-11 7.387780849071527e8 1.0400221015656506e8
15800 104181.86838395688 6.599913886196432 4.387639937551115e-6 1.697918456386902e-8 1.0934011932775304e-8 2.7474139642436057e-5 5.478185540752634e-7 5.464712320435439e-7 3.059452488013559e-11 7.387780849071711e8 1.0400221015656497e8
16000 105502.84700338985 6.6102325514303075 4.394706166956933e-6 1.7166609574282967e-8 1.1057884423702518e-8 2.9472198548319284e-5 5.947902554925832e-7 6.091268822672191e-7 3.1078738681678844e-11 7.387780849071517e8 1.0400221015656267e8
16200 106826.1348824354 6.622979778309555 4.3897467871087235e-6 1.7354543001047008e-8 1.1188560570496159e-8 2.9566236207756447e-5 6.429546856034918e-7 5.525167362518957e-7 2.963611082962628e-11 7.387780849071214e8 1.0400221015656501e8
16400 108151.8651049811 6.627832463601333 4.377139166809187e-6 1.755739011554178e-8 1.1302616282674428e-8 2.852173383871559e-5 6.777585459527558e-7 5.900632480404511e-7 3.388982986677517e-11 7.3877808490716e8 1.040022101565639e8
16600 109476.03073701741 6.614283297069358 4.366189162070329e-6 1.7734800650395127e-8 1.1451213376775195e-8 2.9671731681446545e-5 7.104701178484163e-7 6.775291165883601e-7 3.1546745671379605e-11 7.38778084907149e8 1.0400221015656552e8
16800 110797.72598435398 6.60313216975318 4.354765061815986e-6 1.790397101479834e-8 1.158803497578261e-8 3.0210578188416548e-5 6.819554668746619e-7 7.304031313104531e-7 3.066278761552768e-11 7.387780849071777e8 1.0400221015656173e8
17000 112117.43923976734 6.594463599303818 4.3471024050134056e-6 1.8077228952770386e-8 1.16792144024792e-8 3.0453209546976723e-5 6.534103964006555e-7 7.818636011958091e-7 3.336546661082784e-11 7.387780849071567e8 1.0400221015656322e8
17200 113435.67396563222 6.588310989839626 4.332233033580017e-6 1.825060708939622e-8 1.176021309027708e-8 2.7606909497990273e-5 6.471363005466912e-7 8.158335312868914e-7 3.298737555119083e-11 7.387780849071931e8 1.0400221015656431e8
17400 114752.76167845655 6.583022605810426 4.3322783209900715e-6 1.839835884813594e-8 1.1861650181224985e-8 2.7608724849415012e-5 6.333545007342067e-7 8.468184223842101e-7 3.0237329728889525e-11 7.387780849071724e8 1.0400221015656623e8
17600 116069.05225130246 6.580332086422953 4.344403926554352e-6 1.8550699768156682e-8 1.1885932065511776e-8 2.968595435959287e-5 6.220632226550116e-7 8.679859268279078e-7 3.0488566721461956e-11 7.387780849071574e8 1.0400221015656498e8
17800 117385.06796751202 6.580263449908066 4.3619070635799935e-6 1.8695141600683276e-8 1.1920276575007688e-8 3.085313164774561e-5 6.059976717653903e-7 9.307016325260653e-7 2.7783239018980062e-11 7.387780849071434e8 1.040022101565657e8
18000 118701.31482746385 6.581687984299896 4.379922142424531e-6 1.8841820604345494e-8 1.193368159107534e-8 2.5606905182939954e-5 5.715607852563309e-7 9.890229462627964e-7 3.145084297388164e-11 7.387780849071646e8 1.0400221015656243e8
18200 120017.43852277542 6.579995486362366 4.40448504808145e-6 1.8998959031411407e-8 1.1938283997921297e-8 2.504720032447949e-5 5.298038308065856e-7 9.960020226351674e-7 3.2886024406842775e-11 7.387780849071453e8 1.0400221015656364e8
18400 121333.48788615617 6.580930997749842 4.438577543346074e-6 1.9172490203368963e-8 1.1912069979925596e-8 2.7314141334500164e-5 4.921369941013332e-7 9.368856961344818e-7 2.81225275025538e-11 7.387780849071734e8 1.0400221015656258e8
18600 122649.98760057674 6.584482413738712 4.4679065180667125e-6 1.9361694827853335e-8 1.1924136166185482e-8 2.7296602638671175e-5 4.341780438510412e-7 8.073106179118383e-7 3.056980867843277e-11 7.387780849071422e8 1.0400221015656193e8
18800 123967.44103130262 6.590078797026134 4.492853292056415e-6 1.9525301918938032e-8 1.1948684824015899e-8 2.5556093532941304e-5 3.9352068492704007e-7 6.574257099822844e-7 2.948912454190763e-11 7.38778084907154e8 1.040022101565614e8
19000 125286.11427005423 6.597045463567241 4.516025712332484e-6 1.969129568053032e-8 1.1972692589350854e-8 2.7494032110553235e-5 3.612789698514973e-7 6.032085508866913e-7 2.9939017684098e-11 7.387780849071566e8 1.0400221015656292e8
19200 126606.43611552531 6.606541527268556 4.543218209014178e-6 1.9859797543993565e-8 1.2055323876023462e-8 2.9359060135902837e-5 4.043990435853573e-7 6.782825920925717e-7 2.6964819789185315e-11 7.387780849071474e8 1.0400221015656361e8
19400 127928.90541548489 6.618494131259502 4.5703928046665294e-6 2.0015547697719475e-8 1.2132116323864137e-8 2.865992792067118e-5 4.316235882040331e-7 6.743879126247521e-7 2.2986938899580923e-11 7.387780849071499e8 1.0400221015656583e8
19600 129254.00469273687 6.632812954305999 4.611349408310652e-6 2.0158523949780614e-8 1.218483107855246e-8 2.9910133889643475e-5 4.968385445280887e-7 5.447694545468451e-7 2.5945100129766175e-11 7.387780849071512e8 1.0400221015656115e8
19800 130573.66606507296 6.618564156263536 4.657339500609823e-6 2.0254444753640547e-8 1.2250173350919876e-8 3.258337892475538e-5 5.227499813020842e-7 5.686761689327469e-7 2.8495618785625306e-11 7.387780849071492e8 1.0400221015656367e8
20000 131896.1361243065 6.606598616285787 4.710154583870179e-6 2.034895474531765e-8 1.2304637553517534e-8 3.0000795959495008e-5 5.137668340760015e-7 5.48736199257327e-7 2.6742759856030148e-11 7.387780849071499e8 1.040022101565605e8
20200 133216.45855893972 6.597089234790215 4.774987938101525e-6 2.046382852801597e-8 1.2351766810198122e-8 3.230736547266133e-5 4.812345729687806e-7 5.557605557982015e-7 1.873229254868964e-11 7.387780849071668e8 1.0400221015656534e8
20400 134535.13222074264 6.590108947885724 4.84685963599449e-6 2.058130836748913e-8 1.2315607332578472e-8 3.1327499527833425e-5 4.796543462415315e-7 5.62035666673566e-7 1.6092621829983715e-11 7.387780849071426e8 1.0400221015656549e8
20600 135852.58598560272 6.584508141979332 4.919887202953457e-6 2.0655934835563044e-8 1.2307410138346694e-8 3.122839189018123e-5 4.69498586674888e-7 5.765096360299538e-7 2.7229633552346733e-11 7.38778084907162e8 1.0400221015656401e8
20800 137169.08590996286 6.580942929569926 4.990554711496499e-6 2.071173620986264e-8 1.2333726500002336e-8 3.3053389415727e-5 5.235537448022853e-7 5.97920832637322e-7 2.4248673326664377e-11 7.387780849071721e8 1.0400221015656368e8
21000 138485.13532954737 6.579993529862134 5.05849393386904e-6 2.0747693588597553e-8 1.238158609412843e-8 2.9844009986845776e-5 4.5739197146454913e-7 6.243336470590499e-7 2.413948338985847e-11 7.387780849071635e8 1.040022101565646e8
21200 139801.25892752834 6.5816721142015 5.123937534675597e-6 2.0796006091671823e-8 1.2409784390990184e-8 3.058848960790783e-5 4.037380101351573e-7 6.27960021370999e-7 1.8232029159853254e-11 7.387780849071697e8 1.040022101565651e8
21400 141117.5058682113 6.580270070781698 5.186730983727569e-6 2.086776635475827e-8 1.2411856310869611e-8 3.051906060136389e-5 3.9770359538948696e-7 6.204124680664336e-7 1.9771392945671352e-11 7.38778084907156e8 1.0400221015656362e8
21600 142433.52157934263 6.580324803623107 5.24091642113454e-6 2.097539728076188e-8 1.2430905968548286e-8 3.178945371473674e-5 3.6115079415921514e-7 5.674935482646859e-7 2.103198970835963e-11 7.387780849071535e8 1.0400221015656412e8
21800 143749.81199392123 6.583001486883494 5.291911368272085e-6 2.1080778700410767e-8 1.2488333785736304e-8 3.097333501500543e-5 3.581913370354073e-7 4.6566257194680105e-7 1.6071035880515043e-11 7.387780849071732e8 1.0400221015656315e8
22000 145066.89939180439 6.588276176825407 5.333902698246221e-6 2.1224719189153372e-8 1.2505594844577775e-8 3.4479086025385186e-5 3.9215127900504854e-7 3.2566335184114337e-7 1.8073401076279172e-11 7.387780849071705e8 1.0400221015656184e8
22200 146385.13374697077 6.594424364880242 5.3719788768599794e-6 2.138083802119553e-8 1.2502601031962042e-8 3.140822627756279e-5 4.1614199863815315e-7 3.4790534275686014e-7 1.904533165189757e-11 7.38778084907163e8 1.0400221015656452e8
22400 147704.84646936183 6.6030795079214215 5.397945986332775e-6 2.1543112794372726e-8 1.256296026583307e-8 3.36089087795699e-5 4.554077763785358e-7 2.905591762747406e-7 1.8000884902317475e-11 7.387780849071583e8 1.0400221015656313e8
22600 149026.54101510698 6.614217563369863 5.42522349100118e-6 2.167158206785852e-8 1.2651452065050615e-8 3.21333955071168e-5 4.7535833003209405e-7 3.9475992405502147e-7 1.9604569562375486e-11 7.38778084907171e8 1.0400221015656433e8
22800 150350.70577048245 6.627754080462225 5.456005493404862e-6 2.1804927181144738e-8 1.2757222403866485e-8 3.233239203837002e-5 4.5794639236262924e-7 4.5174201720316054e-7 1.6620235350511464e-11 7.387780849071654e8 1.0400221015656203e8
23000 151676.4363011943 6.6230539916578115 5.4796958481636286e-6 2.1940186095398475e-8 1.2829310367655511e-8 3.3108761272160336e-5 4.860636195758161e-7 5.101949133307082e-7 1.9577852157789894e-11 7.387780849071466e8 1.0400221015656449e8
23200 152999.72499681244 6.61029396909097 5.508189409471424e-6 2.2069669252520363e-8 1.2910185452262605e-8 3.279161091995775e-5 5.014215433973845e-7 3.272883793981052e-7 2.104840734946845e-11 7.387780849071448e8 1.0400221015656203e8
23400 154320.70426164378 6.599962112697932 5.53944215605e-6 2.219567426214539e-8 1.300480335845631e-8 3.4947630410897546e-5 5.601385777431744e-7 3.39630975787486e-7 2.4316956881745647e-11 7.387780849071668e8 1.0400221015656681e8
23600 155639.86792807153 6.592137116602615 5.563639190735806e-6 2.2320123966415945e-8 1.3075027418430274e-8 3.181163265253417e-5 4.4969716572751395e-7 3.4704817997166515e-7 2.0316233921425152e-11 7.38778084907181e8 1.0400221015656236e8
23800 156957.70169993787 6.586261121905803 5.602952895525483e-6 2.2406849953167272e-8 1.3171953690899078e-8 3.250789268349763e-5 3.847819853852741e-7 4.6203084158591423e-7 2.0774992541952936e-11 7.387780849071494e8 1.0400221015656234e8
24000 158274.4659018565 6.581835213017176 5.639324100097944e-6 2.249757683282678e-8 1.3244519780151139e-8 3.185657624271698e-5 3.250279632105446e-7 4.451155318774269e-7 1.9363295090211064e-11 7.387780849071734e8 1.0400221015656267e8
24200 159590.6065617501 6.580017159741257 5.673374783782407e-6 2.2581737322593456e-8 1.3282150522483452e-8 3.2336683943867683e-5 3.309768856762929e-7 4.533646497106858e-7 1.57710453380231e-11 7.387780849071593e8 1.0400221015656741e8
24400 160906.64736468834 6.5808250393295715 5.709929287846685e-6 2.266989569740011e-8 1.3346986109247834e-8 3.390995698282495e-5 3.633841010319827e-7 4.7532805935723843e-7 1.9442039133180002e-11 7.387780849071777e8 1.040022101565648e8
24600 162222.94123245103 6.580831563562473 5.738960018221109e-6 2.2792893793019387e-8 1.3393510784015417e-8 3.0902123398846015e-5 3.8740656194136136e-7 5.672879522800045e-7 1.7747732064596595e-11 7.387780849071581e8 1.040022101565629e8
24800 163538.98172005516 6.580015604183611 5.760674074698633e-6 2.2930929223986126e-8 1.346790644259521e-8 3.309392377559561e-5 3.975674776057758e-7 5.259445012839592e-7 2.4291003703337172e-11 7.38778084907142e8 1.0400221015656437e8
25000 164855.12307724732 6.581825607076333 5.778869927071973e-6 2.3086836396612293e-8 1.3565441190563632e-8 3.2018671845435165e-5 5.645887575234099e-7 5.283625187368912e-7 2.5357355637620092e-11 7.387780849071591e8 1.0400221015656243e8
25200 166171.88897861057 6.586243514741153 5.7880533469358796e-6 2.3249557953161756e-8 1.3672799655019659e-8 3.1554231100017205e-5 4.472594450355416e-7 5.177807911316279e-7 2.079371446797156e-11 7.387780849071581e8 1.0400221015656514e8
25400 167489.72500475447 6.59211692938322 5.786060469062778e-6 2.3417818772106517e-8 1.3813271633131467e-8 3.1817226044950075e-5 4.394507646665602e-7 4.2292250257425223e-7 2.3179382705218476e-11 7.387780849071752e8 1.040022101565614e8
25600 168808.8916632111 6.59993403253172 5.782440650046169e-6 2.3590977003668922e-8 1.3956732479200517e-8 3.264358838350745e-5 4.823028993961032e-7 4.583065971175415e-7 2.5509169819815092e-11 7.387780849071687e8 1.0400221015656464e8
25800 170129.8748655487 6.6102581765990225 5.783498180300846e-6 2.3750126182600102e-8 1.4084952886813897e-8 3.4186332413810305e-5 5.081606633261515e-7 5.336420532131569e-7 2.448495215030512e-11 7.387780849071642e8 1.0400221015656304e8
26000 171453.16840405352 6.623010688646819 5.79345079007335e-6 2.3911714048109676e-8 1.4229892930911145e-8 3.2794887374620885e-5 4.4639616980646224e-7 5.036414423287283e-7 2.8070185188624538e-11 7.387780849071666e8 1.0400221015656231e8
26200 172778.9007228783 6.627799819431849 5.794772683049346e-6 2.4050014814634577e-8 1.437801219844508e-8 3.523690611473285e-5 4.603509302647524e-7 5.612027935419928e-7 3.086132776118779e-11 7.387780849071581e8 1.0400221015656258e8
26400 174097.65997627634 6.614306346968295 5.8177405744633976e-6 2.4180935774111155e-8 1.4514864837503606e-8 3.089250822085887e-5 4.368841404200907e-7 4.656461108365484e-7 3.0706213179643584e-11 7.387780849071833e8 1.0400221015656677e8
26600 175419.3593782256 6.603150663705015 5.838603615675138e-6 2.4334979392087137e-8 1.4605321381879847e-8 3.324195131426677e-5 5.351652290208619e-7 4.866661256208715e-7 2.5122607061134375e-11 7.387780849071604e8 1.0400221015656316e8
26800 176739.07586291642 6.594477400207227 5.872749636809693e-6 2.4488159571272132e-8 1.4667467770211575e-8 3.3884673030115664e-5 4.1856253085725825e-7 4.4510468066860653e-7 2.937804910704332e-11 7.387780849071765e8 1.0400221015656376e8
27000 178057.31288117205 6.588323251977032 5.909095910056964e-6 2.4620757386281284e-8 1.4703887251791778e-8 3.466560701781418e-5 4.097974000139004e-7 5.235415412307987e-7 2.6338701379231714e-11 7.387780849071785e8 1.0400221015656471e8
27200 179374.40256446655 6.583030060369882 5.946371079192557e-6 2.473443195549256e-8 1.473485894705906e-8 3.3533116948092356e-5 3.7781804240744066e-7 5.365671698065455e-7 3.3945707758784046e-11 7.387780849071585e8 1.0400221015656453e8
27400 180690.69413937198 6.580334668109202 5.980089905875997e-6 2.4829161025763244e-8 1.4786016769653722e-8 3.204986569471657e-5 3.745521914844119e-7 5.25719420663151e-7 3.1517564364267136e-11 7.387780849071798e8 1.0400221015656374e8
27600 182006.70987992978 6.580261133539633 6.027781629479449e-6 2.4937356112409754e-8 1.482252152212887e-8 3.681272028188687e-5 3.958654759550484e-7 5.526197605076888e-7 3.208982774235752e-11 7.387780849071804e8 1.040022101565645e8
27800 183322.95620774786 6.5816935910113274 6.066353384611915e-6 2.5045613170447018e-8 1.4864369730197529e-8 3.5670151191879995e-5 4.6474538306640056e-7 5.47325513466923e-7 3.282588176901929e-11 7.387780849071425e8 1.0400221015656446e8
28000 184639.08053219604 6.579996195187862 6.106231614790389e-6 2.5171376560514482e-8 1.4871590499286343e-8 3.544282299117185e-5 4.100667689854731e-7 5.721063476293864e-7 3.170837753355872e-11 7.387780849071755e8 1.0400221015656726e8
28200 185955.12954497963 6.580926812284026 6.146410909227758e-6 2.53048566001906e-8 1.491355973437504e-8 3.390246638446115e-5 5.478434408345834e-7 5.479910607508742e-7 3.254132687229633e-11 7.387780849071405e8 1.0400221015656233e8
28400 187271.62793394193 6.584473377154018 6.1832033165705835e-6 2.5447032013727863e-8 1.5009256960461956e-8 3.2894991818466224e-5 4.5647356294864494e-7 5.1971439773979e-7 2.6099825598498734e-11 7.387780849071506e8 1.0400221015656267e8
28600 188589.0792776813 6.5900682082646185 6.223113998281412e-6 2.5559650622251072e-8 1.5091544864338463e-8 3.231581831641961e-5 4.693677460032575e-7 5.450897953007683e-7 3.3086306885284796e-11 7.387780849071662e8 1.0400221015656579e8
28800 189907.74991739233 6.597030104214014 6.261440907512496e-6 2.572288739346781e-8 1.5093336846537873e-8 3.355805893079378e-5 4.644520616992054e-7 5.481493612347066e-7 3.590885655724902e-11 7.387780849071509e8 1.0400221015656449e8
29000 191228.0682212069 6.606521516225114 6.307572106888559e-6 2.587174446692511e-8 1.5133748961865426e-8 3.504017695377115e-5 5.129044367002678e-7 5.315011808448844e-7 3.029150626940124e-11 7.387780849071507e8 1.0400221015656269e8
29200 192550.5330635001 6.6184696170870385 6.353151500582407e-6 2.5999418757638153e-8 1.523349973923332e-8 3.2918589567998424e-5 4.89912249435065e-7 5.580543425143247e-7 2.8285009202907793e-11 7.387780849071618e8 1.0400221015656464e8
29400 193875.6270008137 6.632784126426259 6.410345772540857e-6 2.6114258866458074e-8 1.5334802322583787e-8 3.503224070300348e-5 5.497073023441601e-7 5.842125844743632e-7 2.948336825680841e-11 7.387780849071574e8 1.040022101565635e8
29600 195200.72080931085 6.618534722766175 6.473240408424096e-6 2.6209455945732895e-8 1.5393356827023592e-8 3.3816435461631045e-5 5.343553177716842e-7 5.840947581992051e-7 3.098576776136081e-11 7.387780849071512e8 1.0400221015656263e8
29800 196523.18552071298 6.606574579502426 6.5455951049967525e-6 2.6266593524556015e-8 1.5518761914466926e-8 3.700042907439638e-5 6.115771782333468e-7 6.294683836394199e-7 3.358738966050929e-11 7.387780849071534e8 1.0400221015656474e8
30000 197843.503706115 6.597070779610341 6.619629257808969e-6 2.6357355340455135e-8 1.557676736706836e-8 3.54931198671693e-5 5.348353364631464e-7 6.775990613050453e-7 2.8450053340352127e-11 7.387780849071681e8 1.0400221015656151e8
30200 199162.17425051852 6.5900962210668315 6.696987063092466e-6 2.6433695964407443e-8 1.56160048772177e-8 3.5049704820266925e-5 4.0744243579027284e-7 6.855173988462582e-7 3.5221399394397644e-11 7.387780849071662e8 1.0400221015656324e8
30400 200479.62551261793 6.584497275866946 6.772850689456105e-6 2.652131722869531e-8 1.564239052276208e-8 3.497701254673302e-5 3.9264447293518856e-7 6.764489740018753e-7 3.228106412567579e-11 7.387780849071444e8 1.0400221015656573e8
30600 201796.1238476867 6.580937884555486 6.8432269782096044e-6 2.6587087893365563e-8 1.5689132938461305e-8 3.492233190627303e-5 4.122029611530742e-7 7.2275782531106e-7 3.052727949765895e-11 7.3877808490716e8 1.0400221015656295e8
30800 203112.17284735394 6.579994352648372 6.911776866302641e-6 2.665378183368635e-8 1.5748979436280434e-8 3.639503484009765e-5 3.908872652780282e-7 7.3350373969161e-7 2.5141693271887024e-11 7.387780849071724e8 1.0400221015656468e8
31000 204428.29720097533 6.581678816549697 6.976169485878087e-6 2.671876411772536e-8 1.582091957598464e-8 3.647048106358852e-5 4.7077894782532326e-7 7.504415056314162e-7 2.9370702830357725e-11 7.387780849071567e8 1.0400221015656361e8
31200 205744.54350527318 6.580267261628788 7.031264892042874e-6 2.6805732627501396e-8 1.5874368974720923e-8 3.730516982614063e-5 3.770172449790721e-7 7.335656409535041e-7 2.6572288988825305e-11 7.387780849071778e8 1.0400221015656339e8
31400 207060.55924529702 6.580327868669184 7.075714131906526e-6 2.691183125981223e-8 1.595062224684137e-8 3.645629112725146e-5 4.5503823509207564e-7 6.619428676302164e-7 3.255194395655307e-11 7.387780849071624e8 1.0400221015656605e8
31600 208376.85086129862 6.583010398613073 7.112447488899091e-6 2.702805028232489e-8 1.6070487885603205e-8 3.7933987186988816e-5 4.265485125110047e-7 5.185343702196477e-7 3.002431044662905e-11 7.38778084907147e8 1.0400221015656433e8
31800 209693.9406232439 6.588290860759705 7.14419028250809e-6 2.7149847705864447e-8 1.6197014398157856e-8 3.636508517956827e-5 6.674801905637295e-7 3.921730263867218e-7 3.0696152483632274e-11 7.38778084907145e8 1.040022101565645e8
32000 211012.17772795528 6.594440891543734 7.166366251258426e-6 2.726732207026671e-8 1.6353474424983594e-8 3.665386793727521e-5 6.54557321677629e-7 5.224915424761889e-7 2.7676613613198754e-11 7.387780849071589e8 1.0400221015656443e8
32200 212331.89432422133 6.60310166630986 7.198254065178072e-6 2.7400960779898524e-8 1.6495705147476185e-8 3.674468462122604e-5 6.250650175232408e-7 6.486529393612273e-7 2.5696927041625298e-11 7.387780849071642e8 1.0400221015656497e8
32400 213653.5938541362 6.6142451875745785 7.227684061306754e-6 2.7516410745839368e-8 1.6657089814673552e-8 4.442070712684654e-5 6.933175251688795e-7 7.455664312594479e-7 2.6556253969331932e-11 7.387780849071456e8 1.0400221015656555e8
32600 214977.76466649707 6.6277869615036895 7.254930317963553e-6 2.7643525068878135e-8 1.684382966680855e-8 3.865640610456467e-5 7.115594984341556e-7 7.664978993737748e-7 3.138453133651689e-11 7.387780849071565e8 1.0400221015656435e8
32800 216298.10847316656 6.623079495393968 7.286901093155902e-6 2.775321101129997e-8 1.7015027367790913e-8 4.421294397616293e-5 7.184354395839421e-7 7.686159970710094e-7 2.8427120093755805e-11 7.387780849071679e8 1.0400221015656789e8
33000 217621.40183456495 6.610315115466088 7.325210178744315e-6 2.788492015277919e-8 1.7117570325148923e-8 3.769613613258116e-5 7.433287563252122e-7 7.658869929372258e-7 2.2670654557234782e-11 7.387780849071646e8 1.0400221015656586e8
33200 218942.38487658105 6.599978735745885 7.362301710917363e-6 2.8038380141333464e-8 1.7168406290243094e-8 3.8253810998867266e-5 7.986879633214983e-7 7.183485131179168e-7 2.758497898189685e-11 7.387780849071507e8 1.0400221015656392e8
33400 220261.55140272615 6.592149094003919 7.404650734926343e-6 2.8192767290351104e-8 1.7186865558674828e-8 4.02085261157481e-5 5.515698426883375e-7 5.824403750409601e-7 2.555695986084292e-11 7.387780849071478e8 1.040022101565675e8
33600 221579.38732343703 6.586271586197132 7.435842189898906e-6 2.8344472138349316e-8 1.7242334120107416e-8 3.716538049047813e-5 4.4262377096870864e-7 5.490066429802987e-7 2.5981371617926268e-11 7.387780849071524e8 1.0400221015656568e8
33800 222896.15314349136 6.581840942053205 7.461364211959196e-6 2.8485000797609614e-8 1.7297011969810985e-8 3.844644197670277e-5 4.085634839334773e-7 5.775370575666905e-7 1.9455510399395783e-11 7.387780849071747e8 1.0400221015656446e8
34000 224212.29446826535 6.5800180958685734 7.484153850564913e-6 2.8624283276169484e-8 1.738202046207388e-8 4.1021992728929035e-5 3.876546919023838e-7 5.961158708353391e-7 2.364235946656697e-11 7.38778084907175e8 1.0400221015656118e8
34200 225528.33497492745 6.580821163384151 7.505341672750514e-6 2.876095846211604e-8 1.7441868766048457e-8 3.7597264963551424e-5 4.6417637866724704e-7 6.0990087127899e-7 2.3435283487648196e-11 7.387780849071339e8 1.04002210156565e8
34400 226844.62884264038 6.580835462665816 7.521958286191425e-6 2.8901916779367918e-8 1.7525127142271496e-8 3.7095781408424955e-5 4.294828657158689e-7 6.156796690803823e-7 2.413334229946951e-11 7.387780849071448e8 1.0400221015656489e8
34600 228160.66962702418 6.580014697951068 7.538098561781761e-6 2.9038545626343122e-8 1.7610900167743403e-8 3.71568494301755e-5 4.0884993302015005e-7 5.57267687550933e-7 2.4095132665761128e-11 7.387780849071472e8 1.0400221015656728e8
34800 229476.81032055808 6.581819906434027 7.559948584819516e-6 2.921170108568118e-8 1.7641594823452648e-8 4.111539601581171e-5 5.165217826785806e-7 5.227427882781299e-7 2.2502189050867876e-11 7.387780849071476e8 1.0400221015656108e8
35000 230793.57460424703 6.5862330713563955 7.5933794708532445e-6 2.9374972813901116e-8 1.7733373923269887e-8 4.15228078054497e-5 4.483629165719094e-7 7.160805930439551e-7 1.7532307883885262e-11 7.38778084907158e8 1.0400221015656373e8
35200 232111.40848076844 6.592104968436226 7.62526197690781e-6 2.9526258233381372e-8 1.78088143190495e-8 3.746379843505565e-5 5.257791699797565e-7 7.869086511291812e-7 1.494545073396981e-11 7.387780849071906e8 1.0400221015656313e8
35400 233430.5722781826 6.599917426885972 7.66694528916492e-6 2.9732037466313203e-8 1.7849271972723568e-8 3.733083030965645e-5 6.507557190893465e-7 4.738221985878255e-7 1.8613407098006844e-11 7.387780849071708e8 1.0400221015656611e8
35600 234751.55170277867 6.610237050915169 7.714610723147926e-6 2.988986643219609e-8 1.7948447572838985e-8 4.129576336708851e-5 8.46813139609992e-7 5.488606112380445e-7 2.3409114574184555e-11 7.387780849071429e8 1.040022101565636e8
35800 236074.8405757028 6.622985206429068 7.76146746350733e-6 3.00524830366983e-8 1.8041100978887626e-8 4.470522981137037e-5 8.453404194419534e-7 4.736225724943921e-7 2.3843417598084476e-11 7.387780849071398e8 1.0400221015656598e8
36000 237400.57116623962 6.627826727105725 7.808848566056535e-6 3.016379918868979e-8 1.8179316896317872e-8 5.007802428735886e-5 9.084664012171118e-7 7.094876908822489e-7 2.022543327422447e-11 7.387780849071548e8 1.040022101565634e8
36200 238724.73574223532 6.614278475923007 7.864763872419904e-6 3.027806124855389e-8 1.8266550650583924e-8 3.8993357520666905e-5 8.303460146130703e-7 5.486755609851457e-7 1.5575672537146835e-11 7.38778084907174e8 1.040022101565643e8
36400 240046.43012001153 6.603128297961533 7.914789136849058e-6 3.035619387880182e-8 1.8416508631079e-8 3.906873462256044e-5 9.072209299354483e-7 6.306746466178126e-7 1.862624279534893e-11 7.387780849071316e8 1.0400221015656513e8
36600 241366.1426995025 6.594460711535401 7.969323105297984e-6 3.0464780405540043e-8 1.849880628150551e-8 4.137793257541489e-5 6.83839708859324e-7 5.271563472408758e-7 1.7737776439214966e-11 7.3877808490716e8 1.0400221015656525e8
36800 242684.37694615082 6.588308434970777 8.028195503447019e-6 3.054616317547568e-8 1.8592764438946268e-8 4.1990046156570315e-5 4.5358515432525337e-7 5.438480908948051e-7 2.3080109880360543e-11 7.387780849071585e8 1.0400221015656804e8
37000 244001.4642486351 6.583021055486971 8.068820905379563e-6 3.0625017150548294e-8 1.8715800068460977e-8 4.168168379692361e-5 4.104818795980236e-7 5.535144264601222e-7 1.9622827472562758e-11 7.387780849071522e8 1.040022101565661e8
37200 245317.7546136724 6.580331553634473 8.106532482885904e-6 3.0694837951442545e-8 1.886296712100544e-8 4.085005639353767e-5 4.4218029326970054e-7 5.812680466329989e-7 2.037044193077741e-11 7.38778084907175e8 1.0400221015656525e8
37400 246633.77032614392 6.580263940618396 8.151003048438584e-6 3.077578165317697e-8 1.8985073536052025e-8 3.967536940763239e-5 4.935509063663801e-7 6.234156936929525e-7 2.0092171259806543e-11 7.387780849071383e8 1.0400221015656316e8
37600 247950.0172958618 6.581686809488935 8.198855761072407e-6 3.082859183567264e-8 1.9124932805958188e-8 4.2130215661018156e-5 5.707121379927571e-7 6.318156789419938e-7 2.5068292089133264e-11 7.387780849071541e8 1.0400221015656516e8
37800 249266.14085915431 6.57999533633908 8.247515560542326e-6 3.089963173991956e-8 1.923382336791074e-8 4.220919799990952e-5 4.5292551664743996e-7 6.260872514318727e-7 2.080891870409179e-11 7.38778084907174e8 1.040022101565651e8
38000 250582.19029558584 6.580931870654464 8.296156369783543e-6 3.0963927139926744e-8 1.9352998315793124e-8 4.281387009541504e-5 5.912002656316417e-7 5.646604509523812e-7 2.2571866448243998e-11 7.387780849071791e8 1.0400221015656386e8
38200 251898.69028701645 6.584484302196305 8.351261790329378e-6 3.1047427765760494e-8 1.9510792210200535e-8 4.090430957148783e-5 8.179058083035429e-7 4.326951077437968e-7 1.898192720294191e-11 7.387780849071656e8 1.040022101565653e8
38400 253216.14415333196 6.590081004860453 8.398270948702051e-6 3.1125887822819085e-8 1.9668025647015963e-8 4.1103850890067406e-5 9.675867710390307e-7 4.815260997714788e-7 2.930780682603135e-11 7.387780849071614e8 1.0400221015656264e8
38600 254534.8179345492 6.597048673320763 8.454755994265401e-6 3.122189557268727e-8 1.9842049366104536e-8 4.307723793317564e-5 8.398504600659606e-7 5.590507807795575e-7 2.606782214662136e-11 7.387780849071544e8 1.0400221015656541e8
38800 255855.14052002077 6.606545708401402 8.511980183532122e-6 3.1303580016083586e-8 2.003726649632511e-8 4.585245915222913e-5 6.081907559796207e-7 6.31895361813406e-7 2.723883417981865e-11 7.387780849071736e8 1.040022101565656e8
39000 257177.61075118254 6.618499251795949 8.56028584945422e-6 3.136809542927417e-8 2.0242048873535045e-8 4.437776260601822e-5 5.56166541265668e-7 6.721033081191763e-7 2.599223638469227e-11 7.38778084907168e8 1.0400221015656699e8
39200 258502.711143676 6.632818976109592 8.599782875677009e-6 3.145149811007487e-8 2.0452941228036614e-8 4.4517415517475456e-5 6.433442116815513e-7 7.152123662201859e-7 2.4955093995720945e-11 7.387780849071571e8 1.0400221015656213e8
39400 259822.44020406026 6.618558346459174 8.640883962325941e-6 3.156325357495276e-8 2.0599834579661018e-8 4.602972330758348e-5 6.518847573966369e-7 7.024570334301927e-7 2.2471691795814917e-11 7.387780849071902e8 1.0400221015656257e8
39600 261144.9092072799 6.606593868130497 8.680040562173778e-6 3.1689562078082475e-8 2.0679925404985275e-8 4.315480873628985e-5 7.055582922355086e-7 7.583288930135268e-7 2.1904379435535196e-11 7.387780849071705e8 1.0400221015656593e8
39800 262465.2308019317 6.597085587144616 8.722300874182431e-6 3.184938099584336e-8 2.07167184813632e-8 4.308131792640779e-5 6.082647332483759e-7 8.12920164738884e-7 3.0384327144373086e-11 7.387780849071369e8 1.0400221015656738e8
40000 263783.9038480552 6.590106438239596 8.765492036243873e-6 3.198382350193407e-8 2.0738624517121364e-8 4.338756662036758e-5 5.549956538786205e-7 8.435885039403956e-7 2.8213415556553042e-11 7.387780849071304e8 1.040022101565637e8
40200 265101.3571191269 6.584505997130542 8.80433646969356e-6 3.214853609802721e-8 2.073782905134114e-8 4.798044392373413e-5 6.005420697396957e-7 8.543974696628709e-7 2.9124847944311124e-11 7.387780849071685e8 1.0400221015656152e8
40400 266417.8567301807 6.580941938078748 8.830137772487798e-6 3.2286919573167244e-8 2.0816783939420976e-8 4.371934301161673e-5 6.42480158685732e-7 9.142808192474927e-7 2.9182177710507116e-11 7.387780849071603e8 1.0400221015656933e8
40600 267733.90606725455 6.579993690655899 8.863918200686597e-6 3.244401095811016e-8 2.0861580871783442e-8 4.6623050366179086e-5 6.504180886657274e-7 9.60997950910647e-7 3.119732834919117e-11 7.38778084907166e8 1.0400221015656465e8
40800 269050.0298138845 6.581673435853751 8.89724931337905e-6 3.2609897185408176e-8 2.0874786917164183e-8 4.381096914585214e-5 6.493106810001592e-7 1.0436897801835432e-6 3.0606649357750616e-11 7.387780849071755e8 1.0400221015656249e8
41000 270366.27663026226 6.5802695151212465 8.93124031529415e-6 3.275096497919215e-8 2.093709270461521e-8 4.3178157284273766e-5 6.393124940551331e-7 1.081126086543982e-6 2.664974873217438e-11 7.387780849071463e8 1.0400221015656409e8
41200 271682.2923474879 6.580325415399263 8.971198973783233e-6 3.292784690751402e-8 2.091761359260694e-8 4.281256042304449e-5 6.695562028702362e-7 1.0492402926498556e-6 2.8620942545708173e-11 7.387780849071403e8 1.0400221015656109e8
41400 272998.58300073503 6.583003253557365 9.0131802797897e-6 3.3110886578210764e-8 2.091737537699006e-8 4.4132719267508946e-5 7.161174216951949e-7 8.965360764889851e-7 3.2909296930615425e-11 7.387780849071681e8 1.0400221015656134e8
41600 274315.6708666059 6.588279081808373 9.050939153751537e-6 3.3260729004712003e-8 2.0994160247707795e-8 4.172988519712817e-5 7.557345561570727e-7 1.1248103441996449e-6 3.2757546762982e-11 7.387780849071603e8 1.0400221015656282e8
41800 275633.9057630681 6.594427618521642 9.079082452639826e-6 3.3483970222513386e-8 2.101299669467544e-8 4.483876364247408e-5 7.67065507001341e-7 1.1583993638764056e-6 3.640659789201288e-11 7.387780849071724e8 1.0400221015656148e8
42000 276953.6192481323 6.603083873652257 9.107864579619243e-6 3.372706531108593e-8 2.1010002240410428e-8 4.934122262056917e-5 6.807223295046683e-7 7.782619018126269e-7 2.9417759433520356e-11 7.387780849071504e8 1.0400221015656346e8
42200 278275.3147767324 6.614223015256835 9.126340364272403e-6 3.395142777961259e-8 2.1040111283321894e-8 4.8081454224302433e-5 7.693717624102092e-7 9.2886672908854e-7 3.5953483441361516e-11 7.387780849071695e8 1.0400221015656072e8
42400 279599.48072769825 6.6277605709267435 9.142365552296774e-6 3.4178717297398314e-8 2.109232145385095e-8 4.6250926970969886e-5 7.578676758379643e-7 6.39807619773336e-7 2.8609000419853592e-11 7.387780849071329e8 1.0400221015656357e8
42600 280925.2108415691 6.623047837173449 9.154272495350542e-6 3.436455863823242e-8 2.1174593604963092e-8 4.4961900130147114e-5 7.783046225284806e-7 7.500944163574275e-7 3.233117436551377e-11 7.38778084907172e8 1.0400221015656424e8
42800 282248.49841155857 6.610288867503266 9.167154843123607e-6 3.4527525592919576e-8 2.127407287169608e-8 4.6596809625043534e-5 7.73648200058652e-7 7.786654558916695e-7 3.0668222750938565e-11 7.387780849071587e8 1.0400221015656477e8
43000 283569.47676429036 6.599958093738028 9.176610640272911e-6 3.4689257577631014e-8 2.138162613785467e-8 4.481089490582235e-5 7.291221014726901e-7 8.189483526876984e-7 3.3811943648844635e-11 7.387780849071698e8 1.0400221015656343e8
43200 284888.6397392514 6.592134222003956 9.193335806910685e-6 3.4841922387240544e-8 2.146819200668693e-8 4.755122063215822e-5 6.97445867781088e-7 8.544125578158202e-7 3.1007063910328306e-11 7.387780849071901e8 1.0400221015656534e8
43400 286206.4729922408 6.586258593241347 9.202440829751876e-6 3.497127266158591e-8 2.1556858821022286e-8 4.712658665084746e-5 7.275885578472696e-7 8.834179552330568e-7 3.2748689421074846e-11 7.387780849071832e8 1.0400221015656532e8
43600 287523.23680439964 6.581833839299179 9.201839148625746e-6 3.510594724706445e-8 2.1673662680734298e-8 4.6141121856635436e-5 7.86628069737727e-7 9.216492259933595e-7 3.196596650561313e-11 7.387780849071532e8 1.0400221015656139e8
43800 288839.377305743 6.580016941872177 9.207319650724228e-6 3.523193843243349e-8 2.182276207154431e-8 4.7370322135975584e-5 8.134674046589296e-7 9.848764784517634e-7 3.1721065100008794e-11 7.387780849071695e8 1.0400221015656398e8
44000 290155.4181807543 6.580825974478917 9.220580293962804e-6 3.534257826248974e-8 2.1927246018725153e-8 4.4879863708047196e-5 7.938453291944647e-7 1.0357525857263017e-6 3.2604835225261154e-11 7.387780849071436e8 1.0400221015656617e8
44200 291471.71204830083 6.580830618925697 9.245067450365348e-6 3.5428191797614705e-8 2.2047836615533874e-8 4.441724740900099e-5 7.530754086992886e-7 1.0779830582063887e-6 3.1651796947126536e-11 7.387780849071715e8 1.0400221015656494e8
44400 292787.7524641023 6.580015826463948 9.279477618042988e-6 3.552177082053393e-8 2.212139434003438e-8 4.322968925407622e-5 7.608659035596155e-7 1.0845934493852738e-6 2.8871183782801356e-11 7.387780849071735e8 1.0400221015656374e8
44600 294103.89398224093 6.581826987016121 9.318562512402165e-6 3.561259248632423e-8 2.22181150675934e-8 4.328667819208931e-5 7.983551037482606e-7 1.0100288057035556e-6 2.894206351722785e-11 7.387780849071697e8 1.0400221015656343e8
44800 295420.660274793 6.586246037170172 9.353016166164012e-6 3.572355222667364e-8 2.2336837760739425e-8 4.243535840942059e-5 1.0966623724684155e-6 8.14574408258828e-7 3.0959998370553405e-11 7.387780849071635e8 1.0400221015656592e8
45000 296738.4968201703 6.592119819155703 9.388624986897071e-6 3.5821857024401734e-8 2.2481553704632388e-8 4.795327186002396e-5 1.2448995228009352e-6 7.236295183066233e-7 2.1574925802206478e-11 7.38778084907149e8 1.040022101565632e8
45200 298057.6641693217 6.59993804299631 9.423701637331239e-6 3.59408542135621e-8 2.2635232152848467e-8 4.454524787433911e-5 8.701968656210646e-7 7.191492336078298e-7 3.1667974174669305e-11 7.387780849071728e8 1.0400221015656245e8
45400 299378.64828402776 6.6102632803964045 9.451584165758673e-6 3.604496927374248e-8 2.2842898457389757e-8 4.495907523960341e-5 7.453562629322619e-7 8.829779261088078e-7 2.7535699734825436e-11 7.387780849071635e8 1.0400221015656734e8
45600 300701.94295021665 6.6230168480235525 9.477333806621024e-6 3.6153889915171714e-8 2.3034158678728474e-8 4.773343607666902e-5 6.948330479872311e-7 8.074394921564476e-7 3.0357967264105207e-11 7.387780849071769e8 1.0400221015656379e8
45800 302027.6756873025 6.627793325530496 9.511850948954905e-6 3.626597264371859e-8 2.318968436712211e-8 4.6918608859414235e-5 8.312716750502602e-7 9.033009300551953e-7 2.146848550021349e-11 7.387780849071784e8 1.040022101565613e8
46000 303346.5015701474 6.61430025121178 9.540059526250421e-6 3.638541863724341e-8 2.3304705759992806e-8 4.943756721331738e-5 6.964560230748873e-7 8.525241690371388e-7 2.590706614722861e-11 7.387780849071598e8 1.0400221015656525e8
46200 304668.19987226406 6.603145764709874 9.568346935231675e-6 3.652169997866869e-8 2.3395943714681453e-8 4.880113556282595e-5 9.338437161332536e-7 8.341232868858128e-7 2.5800644750470627e-11 7.38778084907127e8 1.0400221015656035e8
46400 305987.91550141893 6.594473747116459 9.60500964269084e-6 3.666315213005228e-8 2.342234833439029e-8 4.640492261387408e-5 6.440933502105395e-7 6.827400337305889e-7 2.4632715227806426e-11 7.387780849071531e8 1.0400221015656331e8
46600 307306.1519136775 6.5883200066325 9.653697754399473e-6 3.6803358186341786e-8 2.3388360379161914e-8 4.6645374823128805e-5 6.251262943957059e-7 7.200779867932994e-7 2.1199760028553204e-11 7.387780849071418e8 1.0400221015656364e8
46800 308623.24107622297 6.583028096778683 9.68866283370446e-6 3.693535780389477e-8 2.3373379304581105e-8 4.7280420403694734e-5 6.861272530134244e-7 7.306919104776988e-7 2.2640551919049227e-11 7.387780849071666e8 1.0400221015656321e8
47000 309939.5323878533 6.580333994527215 9.727428187584178e-6 3.705664584886422e-8 2.3413179561198457e-8 4.817612534679938e-5 7.104429972093484e-7 7.804961710475289e-7 1.9367567553669066e-11 7.387780849071562e8 1.04002210156564e8
47200 311255.5481224075 6.580261744049924 9.770353950073833e-6 3.717718448458964e-8 2.3452990121232793e-8 4.7662095312261954e-5 7.036057688147856e-7 8.209627377075979e-7 1.7595326211363933e-11 7.387780849071585e8 1.04002210156564e8
47400 312571.7945907804 6.581692103245856 9.821060941330444e-6 3.728418286990005e-8 2.349167596110521e-8 4.68093239760492e-5 6.688239659324857e-7 8.596453093812073e-7 2.5251886083548654e-11 7.387780849071232e8 1.0400221015656628e8
47600 313887.9187477795 6.579995999884734 9.86897772518401e-6 3.73881158901519e-8 2.354002364933778e-8 4.4991253162152134e-5 6.627666293002044e-7 8.846750514379664e-7 2.121256006918623e-11 7.387780849071746e8 1.0400221015656632e8
47800 315203.96785180026 6.580927912447042 9.921920789125201e-6 3.755113725757319e-8 2.3489873883331297e-8 4.9393049266655e-5 7.066145987777439e-7 8.399150192017757e-7 1.8976833677948386e-11 7.387780849071766e8 1.0400221015656105e8
48000 316520.4665903519 6.584475764338632 9.959762677128255e-6 3.7728048560245545e-8 2.3492730768360114e-8 4.7449246267206036e-5 7.517637432563617e-7 1.1530744776777624e-6 2.1492453748599707e-11 7.387780849071721e8 1.040022101565651e8
48200 317837.91848574154 6.59007100556439 9.985435417630462e-6 3.787788787919633e-8 2.3555502220311168e-8 4.559191802400164e-5 7.085267039741439e-7 1.3029495773420052e-6 1.850124257802212e-11 7.387780849071796e8 1.0400221015656137e8
48400 319156.5898126577 6.597034168924677 1.000529559980649e-5 3.812867879304588e-8 2.3515211950585382e-8 4.5925340600661e-5 7.279764338008476e-7 1.0508425684063738e-6 1.6514442373337357e-11 7.387780849071522e8 1.040022101565656e8
48600 320476.90905390744 6.606526812088693 1.0018062886571613e-5 3.834035858634392e-8 2.358822639187359e-8 5.0352267862763256e-5 9.037969261882495e-7 6.513670864904952e-7 1.7371719638539845e-11 7.387780849071641e8 1.0400221015656337e8
48800 321799.3750757506 6.618476102750332 1.0022224070947469e-5 3.854521066510371e-8 2.3619373799818792e-8 4.8876512664719485e-5 8.806332725264099e-7 6.623109203296451e-7 1.9217412365672552e-11 7.387780849071782e8 1.0400221015656133e8
49000 323124.47042599926 6.632791755942694 1.002807890129788e-5 3.8733658547166136e-8 2.3689110167318137e-8 5.055459405411966e-5 9.129173532684831e-7 6.593556796108402e-7 1.7329910591670356e-11 7.387780849071662e8 1.0400221015656623e8
49200 324449.56282340747 6.618528240676787 1.0036028261822195e-5 3.890122390721835e-8 2.3763904618272717e-8 4.7444618758163415e-5 8.165130167547829e-7 6.019779246191348e-7 1.7416510208484545e-11 7.387780849071683e8 1.0400221015656576e8
49400 325772.02635679865 6.606569281551069 1.0041345441417051e-5 3.9035114451499876e-8 2.387827574129275e-8 4.6655552068841644e-5 8.697731530560304e-7 6.045008483779313e-7 1.9354479866295822e-11 7.387780849071583e8 1.0400221015656681e8
49600 327092.3436051301 6.597066710313243 1.0050668227129734e-5 3.9179768962619225e-8 2.395155160976531e-8 4.869120130024385e-5 7.354753543964421e-7 7.603989637394726e-7 1.7190403837117747e-11 7.387780849071656e8 1.040022101565631e8
49800 328411.01346259343 6.590093421169225 1.0076956287194117e-5 3.9298986841018804e-8 2.4001956283488975e-8 4.932710180582944e-5 6.411953483165256e-7 6.148032035691031e-7 2.106332585330264e-11 7.387780849071609e8 1.040022101565635e8
50000 329728.464172266 6.58449487950374 1.0092161233979631e-5 3.939617917779977e-8 2.411843041833733e-8 4.620951585820876e-5 6.610605056689423e-7 6.349357711543657e-7 2.243612291233809e-11 7.387780849071666e8 1.0400221015656322e8
50200 331044.962157568 6.580936778159859 1.0113767070127322e-5 3.95105775276135e-8 2.422693585462186e-8 4.764564255310688e-5 6.966310913680829e-7 6.884410413687814e-7 2.303378559331262e-11 7.387780849071629e8 1.0400221015656662e8
50400 332361.01106513554 6.579994531333732 1.0143528219901918e-5 3.958404112173726e-8 2.4369760966670937e-8 4.758944487548433e-5 6.908772938740704e-7 7.189894847686729e-7 1.829292241328118e-11 7.387780849071643e8 1.040022101565649e8
50600 333677.13558388466 6.581680286219059 1.0171676406900585e-5 3.965860858194522e-8 2.4506833435380257e-8 4.646313755074516e-5 6.435355237865981e-7 7.521712716562767e-7 1.9938655266196673e-11 7.387780849071426e8 1.0400221015656452e8
50800 334993.38174699794 6.580266642993056 1.0209626818807457e-5 3.974728894589863e-8 2.4623741867163787e-8 4.796893335878849e-5 6.23758853235401e-7 7.932996278214866e-7 2.786977082223767e-11 7.387780849071697e8 1.0400221015656309e8
51000 336309.3974931174 6.580328543939618 1.025164632232669e-5 3.98474553942803e-8 2.4718342028315474e-8 4.623493441613391e-5 6.460994777524043e-7 7.889456701271058e-7 3.0580324356444785e-11 7.387780849071757e8 1.0400221015656258e8
51200 337625.6893741563 6.583012364830875 1.0286205577851455e-5 3.9966754809331124e-8 2.4835927004728192e-8 4.7148074372671545e-5 9.142731924871583e-7 6.78173896151435e-7 2.1622795412736074e-11 7.387780849071687e8 1.0400221015656437e8
51400 338942.7796576255 6.588294099462721 1.0311644539335348e-5 4.0084569753135735e-8 2.50120050309564e-8 4.543262912193313e-5 1.1659600049895857e-6 4.957748852563171e-7 2.0028572583491867e-11 7.387780849071618e8 1.0400221015656552e8
51600 340261.0173681052 6.594444535545231 1.0333310933481542e-5 4.018374710310406e-8 2.5193700171904557e-8 4.9991882406175137e-5 1.0880273217939163e-6 7.384475182448114e-7 2.139783268843376e-11 7.387780849071596e8 1.0400221015656386e8
51800 341580.7348190343 6.603106557139454 1.0344141889639167e-5 4.031348506978786e-8 2.5409141362591665e-8 4.795054155692924e-5 7.09201017023986e-7 8.300041027808902e-7 2.2872457650734242e-11 7.387780849071825e8 1.0400221015656564e8
52000 342902.43544869416 6.614251280501545 1.0338586030729835e-5 4.043521683576061e-8 2.5614057199131373e-8 4.900804742646869e-5 8.534618372024738e-7 9.377568961355109e-7 2.222068770855856e-11 7.387780849071505e8 1.0400221015656435e8
52200 344226.60759668954 6.627794210123864 1.034595396189637e-5 4.0566365595278385e-8 2.5803816082107613e-8 4.984354382031597e-5 8.295239741773486e-7 9.064939687775109e-7 2.527431104256076e-11 7.387780849071854e8 1.0400221015656258e8
52400 345552.33549592964 6.623015951377532 1.0349827779690304e-5 4.071274570710408e-8 2.593258308786535e-8 5.139636414241977e-5 8.311145114348051e-7 8.845023993231393e-7 2.812953781496619e-11 7.387780849071708e8 1.0400221015656288e8
52600 346870.3099044068 6.610308830523866 1.0351471806434273e-5 4.087024059986913e-8 2.601310329936176e-8 5.2088487791479565e-5 8.010120827739442e-7 8.376907469909156e-7 2.997106062159279e-11 7.387780849071758e8 1.0400221015656325e8
52800 348191.29182321345 6.599973792368201 1.0357779976300717e-5 4.105074293586661e-8 2.6032914588777437e-8 4.923625056107994e-5 8.648552252132902e-7 7.761684355234166e-7 2.5834672498334293e-11 7.387780849071542e8 1.040022101565662e8
53000 349510.4574990168 6.592145535424702 1.0386130035125007e-5 4.122111321859131e-8 2.600813813305686e-8 5.1415609050309286e-5 7.549680489660204e-7 7.749918445876247e-7 2.4024101629627888e-11 7.38778084907158e8 1.040022101565676e8
53200 350828.29278122174 6.586268471758675 1.0414992388062306e-5 4.1413550809842495e-8 2.594873501914208e-8 4.838583663513418e-5 8.333715711961176e-7 8.363166131286626e-7 2.82064694381823e-11 7.387780849071641e8 1.0400221015656944e8
53400 352145.0581204242 6.581839241908222 1.0440478437009562e-5 4.157666588356453e-8 2.5918033771048e-8 4.9714564738678746e-5 8.371089144643129e-7 8.406014287420938e-7 2.7946630144895222e-11 7.387780849071566e8 1.0400221015656386e8
53600 353461.19924803876 6.580017817358556 1.0482379248434498e-5 4.172089748227044e-8 2.590188396160461e-8 5.257525481283665e-5 8.321021174872989e-7 8.27515541294236e-7 2.8967480768119917e-11 7.387780849071559e8 1.0400221015656257e8
53800 354777.239841635 6.580822306988487 1.052344717701347e-5 4.185665684727231e-8 2.5863947229588653e-8 5.27165066159796e-5 7.891095237799739e-7 8.434584327088324e-7 2.9175235421044734e-11 7.38778084907161e8 1.0400221015656555e8
54000 356093.5337085288 6.580834301563254 1.0570875745446694e-5 4.1983902997094855e-8 2.5846967142255285e-8 4.8475149014848284e-5 7.314314805495492e-7 8.977651960173638e-7 3.4404165929659294e-11 7.387780849071476e8 1.0400221015656094e8
54200 357409.57440462045 6.580014968762086 1.0622558417626702e-5 4.211475134402278e-8 2.5838273686036002e-8 4.890953096037265e-5 7.232979172266951e-7 9.09693201489592e-7 3.1823551575511e-11 7.387780849071746e8 1.0400221015656246e8
54400 358725.71529576945 6.5818216037555715 1.0675695281267127e-5 4.22947322377683e-8 2.5809074666943446e-8 4.978638935426716e-5 7.827801901116871e-7 8.540971704329436e-7 3.539295853906255e-11 7.38778084907146e8 1.040022101565636e8
54600 360042.4800601814 6.586236174321439 1.0711709619251823e-5 4.2475582951975064e-8 2.585195563269832e-8 4.9680993470246904e-5 7.79051028354516e-7 1.0266354402155287e-6 3.502269209295714e-11 7.387780849071695e8 1.0400221015656044e8
54800 361360.31457513553 6.592108523242789 1.073984655750011e-5 4.26258471704786e-8 2.5875348013689803e-8 4.9683098040986806e-5 7.396888341837382e-7 1.0777217710478126e-6 3.280360015476376e-11 7.387780849071429e8 1.040022101565615e8
55000 362679.47922323045 6.599922365268829 1.0766557593355587e-5 4.285665218810404e-8 2.5853471715797657e-8 5.068746941105928e-5 8.434982472493857e-7 5.760893690975877e-7 2.787424152144312e-11 7.387780849071689e8 1.0400221015656243e8
55200 364000.45977068663 6.610243326063101 1.078512655437454e-5 4.302464148754424e-8 2.5915859736997676e-8 5.0781865866156295e-5 1.022925141924702e-6 7.996187271763766e-7 3.1975249334961315e-11 7.387780849071735e8 1.0400221015656406e8
55400 365323.75002908375 6.6229927731767635 1.0806807305807451e-5 4.321567300325827e-8 2.5948101493523913e-8 5.4328909754985943e-5 1.0225387465645497e-6 7.587798911412591e-7 2.963512560364501e-11 7.387780849071871e8 1.040022101565647e8
55600 366649.4811321831 6.627818726978702 1.0836520775559226e-5 4.337924980779296e-8 2.600438129209873e-8 5.780962419521529e-5 1.081918918899305e-6 7.46654168631844e-7 2.7243858664808388e-11 7.38778084907187e8 1.0400221015656415e8
55800 367973.64423581504 6.614271752899299 1.0867040111982132e-5 4.353667019272143e-8 2.6030686418503556e-8 5.404496369010303e-5 1.0050062999589215e-6 6.411665190719784e-7 3.28353858374784e-11 7.387780849071656e8 1.0400221015656565e8
56000 369295.3374012761 6.603122898947884 1.0893917977079294e-5 4.365623755296176e-8 2.609829767383833e-8 5.109354970045388e-5 1.1203992040798028e-6 6.521448077667635e-7 3.351753768884283e-11 7.387780849071846e8 1.0400221015656261e8
56200 370615.04903790675 6.594456682235489 1.0940239799039121e-5 4.3734618142795036e-8 2.6154599631356666e-8 5.201431849854998e-5 8.669773405856063e-7 6.776076744152704e-7 3.379002398608209e-11 7.387780849071743e8 1.0400221015656495e8
56400 371933.28261587763 6.5883048590414806 1.1000084732778948e-5 4.3790421983215174e-8 2.6217874227961782e-8 5.073264583188575e-5 7.573674319916179e-7 7.497807730239003e-7 2.8483319733719945e-11 7.387780849071646e8 1.0400221015656723e8
56600 373250.3693445013 6.583018890816567 1.1052696493924818e-5 4.385705313287303e-8 2.628213106630172e-8 5.392956700234208e-5 7.83387748559683e-7 7.809121722601731e-7 2.998263242021735e-11 7.387780849071506e8 1.0400221015656383e8
56800 374566.65941911057 6.580330810557574 1.1116710718057506e-5 4.39216823889958e-8 2.6317025748645403e-8 5.090166632726323e-5 7.816469521082503e-7 8.078027236638197e-7 3.295987495536642e-11 7.387780849071639e8 1.0400221015656433e8
57000 375882.6751256377 6.5802646173980435 1.1176811885442169e-5 4.3965860818534874e-8 2.643304448100705e-8 5.220650382398162e-5 7.369182888905534e-7 8.591658585133111e-7 2.9066160112182722e-11 7.387780849071565e8 1.0400221015656625e8
57200 377198.92224692286 6.581685170718285 1.1232126872366854e-5 4.400000106417044e-8 2.656686144552291e-8 5.0539123549242504e-5 7.079647552643564e-7 8.975432995161903e-7 2.9196210816675745e-11 7.387780849071579e8 1.0400221015656596e8
57400 378515.0456257361 6.5799951256501945 1.1288524792150855e-5 4.406542701281615e-8 2.6702901673328667e-8 5.1433686167001724e-5 7.24501622251239e-7 9.247420473257328e-7 2.6258359275551172e-11 7.38778084907168e8 1.0400221015656458e8
57600 379831.0951638632 6.580933090175676 1.1350568539863617e-5 4.411754044925347e-8 2.6850626831441575e-8 5.3021585699752904e-5 7.441556781895287e-7 8.506370429151033e-7 3.0726291316967124e-11 7.387780849071809e8 1.0400221015656503e8
57800 381147.5955414815 6.584486935167991 1.138886755201684e-5 4.420936412514637e-8 2.701505092809739e-8 5.131070065544918e-5 1.0144570065095948e-6 6.633013046597469e-7 2.720209149662404e-11 7.387780849071568e8 1.0400221015656516e8
58000 382465.0500157657 6.590084102292138 1.1415822519215613e-5 4.428282536998706e-8 2.7228254911631484e-8 5.110375423100777e-5 1.201921168814124e-6 8.098712585002943e-7 2.6571682675204515e-11 7.38778084907147e8 1.0400221015656431e8
58200 383783.7245573375 6.597053165511081 1.1439586211177988e-5 4.4383273589747324e-8 2.7425030052027145e-8 5.8560510296956636e-5 1.004480697286425e-6 1.0702127575257236e-6 3.4443314124528364e-11 7.3877808490718e8 1.0400221015656626e8
58400 385104.0481779686 6.606551553197147 1.1445956354403394e-5 4.449120486019148e-8 2.7652797055415156e-8 5.6085409596562386e-5 1.1219581765864461e-6 1.2338781734122506e-6 2.2647622476941528e-11 7.387780849071811e8 1.0400221015656692e8
58600 386426.51971001294 6.618506401757476 1.1441134743721578e-5 4.4612029085133053e-8 2.7878329217146133e-8 7.288093183888122e-5 1.170579772225011e-6 1.264270769407716e-6 2.6644177191903326e-11 7.387780849071442e8 1.040022101565617e8
58800 387751.62165086484 6.632817577262799 1.1440881773905038e-5 4.476333230592004e-8 2.804851224668635e-8 6.0678989029838704e-5 1.2242660947237027e-6 1.3143367660894967e-6 2.6700055562525748e-11 7.387780849071834e8 1.0400221015656401e8
59000 389071.41519176896 6.6185505304415955 1.1445031238850409e-5 4.491801260274396e-8 2.816824639565921e-8 6.621848842769396e-5 1.1313860004413812e-6 1.2315206898705355e-6 2.3420644613777358e-11 7.387780849071612e8 1.040022101565656e8
59200 390393.8827746729 6.606587481097555 1.1442129393871663e-5 4.507176466468849e-8 2.822598935873767e-8 5.5542055633850396e-5 1.3021945179936267e-6 1.2591818041585157e-6 2.5184664093308996e-11 7.387780849071491e8 1.0400221015656748e8
59400 391714.2032393926 6.597080675078982 1.1451597886039683e-5 4.521239218823868e-8 2.8249460671075473e-8 5.3686158935306594e-5 1.1407996329815262e-6 1.116537371448345e-6 2.27505633960042e-11 7.387780849071542e8 1.0400221015656525e8
59600 393032.87545573927 6.590103051048828 1.1482115203180052e-5 4.532640678521961e-8 2.8275657469537386e-8 5.4654125051456504e-5 8.174172854147344e-7 8.394398518518642e-7 2.7757046055185814e-11 7.387780849071633e8 1.0400221015656193e8
59800 394350.32806385594 6.584503122153085 1.1504457983435923e-5 4.54732219338008e-8 2.8281863676233257e-8 5.496388803294394e-5 7.660418802624136e-7 6.962512052732794e-7 2.0919292012886374e-11 7.387780849071751e8 1.0400221015656404e8
60000 395666.8272547298 6.580940605388759 1.1543361427172017e-5 4.563794417183153e-8 2.8245229809602283e-8 5.2800896810367703e-5 7.328392523930916e-7 7.091582448354172e-7 2.6558245001676884e-11 7.387780849071673e8 1.0400221015656376e8
60200 396982.87648102146 6.579993912425282 1.1590333991382034e-5 4.578350772177515e-8 2.8230258008243826e-8 5.4062924391473643e-5 7.187784638595929e-7 7.12478595288335e-7 2.3037747556233658e-11 7.387780849071702e8 1.0400221015656379e8
60400 398299.0004289193 6.5816752202382744 1.1639509690350306e-5 4.5941750465678976e-8 2.818434712888863e-8 5.4004382036509924e-5 6.926545426111375e-7 6.621709561505096e-7 2.2612542975813912e-11 7.387780849071491e8 1.0400221015656482e8
60600 399615.2470745955 6.580268759715337 1.1691305631403622e-5 4.6085386899621057e-8 2.8179291397665495e-8 5.422807953436859e-5 7.489844986441341e-7 6.246973667800582e-7 1.7891043333170786e-11 7.387780849071711e8 1.0400221015656479e8
60800 400931.26279727306 6.580326216128949 1.1742914005641238e-5 4.6243956417552276e-8 2.8175141733452997e-8 5.253623385215178e-5 7.037641163165631e-7 6.179733570421675e-7 1.9162335194123556e-11 7.387780849071652e8 1.0400221015656579e8
61000 402247.55376712244 6.58300560706025 1.1774646691978858e-5 4.642592567328552e-8 2.8199341569917512e-8 5.337078073353041e-5 8.494278875836869e-7 8.418197047221909e-7 2.1917238584940963e-11 7.387780849071772e8 1.040022101565663e8
61200 403564.6422578985 6.588282967481312 1.1796307081095409e-5 4.659203702401803e-8 2.8314276785790953e-8 5.357450936571695e-5 7.708644431669853e-7 1.1055876435461798e-6 2.1783704448809664e-11 7.387780849071807e8 1.0400221015656395e8
61400 404882.87788617983 6.594432021062321 1.182533838823089e-5 4.6803303107167594e-8 2.8320113111125857e-8 5.948389116383623e-5 9.87817639241939e-7 9.491667227745637e-7 2.3317677610276514e-11 7.387780849071549e8 1.0400221015656132e8
61600 406202.5924027492 6.603089767977282 1.1848690572158833e-5 4.703389202711942e-8 2.8349080189893144e-8 5.5087233704398386e-5 1.1231331504824027e-6 6.812845179116067e-7 1.9588090180119428e-11 7.387780849071866e8 1.0400221015656479e8
61800 407524.2892553634 6.614230345507902 1.1852200473554257e-5 4.725672868919465e-8 2.839643775538083e-8 6.604197551496327e-5 1.2547100607385175e-6 8.384906271530213e-7 2.090729173548614e-11 7.387780849071747e8 1.0400221015656288e8
62000 408848.4568134417 6.627769294895751 1.1867565602607215e-5 4.748145184423234e-8 2.8438156024074797e-8 5.5151946071418934e-5 1.2804470603811069e-6 9.222287684629293e-7 1.6280507320223835e-11 7.387780849071802e8 1.0400221015656368e8
62200 410174.1863634607 6.623039560811747 1.1886930078247249e-5 4.7674707516700154e-8 2.8453653197522038e-8 8.161879304680042e-5 1.276020848095527e-6 1.0214285191684214e-6 1.856137319068029e-11 7.387780849071771e8 1.0400221015656261e8
62400 411497.4724189609 6.610282001118875 1.1902493059203113e-5 4.7840620385327394e-8 2.8462197264250854e-8 5.7991439462057315e-5 1.2585012139076923e-6 9.473174121255035e-7 2.301996443068249e-11 7.387780849071451e8 1.0400221015656383e8
62600 412818.4495445428 6.599952691171793 1.192013692414504e-5 4.795186088920724e-8 2.8514174634798938e-8 6.032616329321172e-5 1.3098579811909872e-6 8.762129629635851e-7 2.244239861278643e-11 7.387780849071702e8 1.0400221015656663e8
62800 414137.611590243 6.592130332387376 1.1971000964673487e-5 4.80371050960952e-8 2.8518435916898436e-8 5.797266567242332e-5 9.97665120294755e-7 8.679284909662854e-7 2.3367755543700245e-11 7.387780849071757e8 1.0400221015656415e8
63000 415455.4441465398 6.586255206087777 1.2023952014181477e-5 4.81035370331446e-8 2.8556338235193785e-8 5.606425656878855e-5 7.346494902416012e-7 8.185348975286999e-7 2.4851234138652908e-11 7.387780849071587e8 1.0400221015656668e8
63200 416772.20743589744 6.581831992569504 1.207755872593234e-5 4.8173106220816974e-8 2.8627454642075228e-8 5.496918129210826e-5 7.817832896606092e-7 7.676557557401154e-7 2.2833981608761676e-11 7.387780849071686e8 1.0400221015656348e8
63400 418088.347723688 6.580016645853576 1.2142839141023945e-5 4.823375557355169e-8 2.871691899995486e-8 5.523148684005719e-5 7.494957415810077e-7 7.12751168807646e-7 1.8964544617100765e-11 7.387780849071702e8 1.0400221015656897e8
63600 419404.38869666436 6.580827242780558 1.2204026557962974e-5 4.8264616581994345e-8 2.884964916161882e-8 5.7111148635158315e-5 7.455025179403663e-7 6.437523803470846e-7 2.4190357437086716e-11 7.387780849071658e8 1.0400221015656504e8
63800 420720.6825653526 6.580829352689147 1.2263466037528985e-5 4.827968867900601e-8 2.9024759567954265e-8 5.384905671235174e-5 7.009816802572288e-7 5.7077993492749e-7 2.2504391391092708e-11 7.387780849071603e8 1.0400221015656558e8
64000 422036.7228841641 6.580016116257788 1.2326703686451672e-5 4.8308448484804034e-8 2.918723816011908e-8 5.426555435406044e-5 6.675359141006254e-7 6.438466213509741e-7 2.0460028574722572e-11 7.387780849071709e8 1.0400221015656386e8
64200 423352.8646170389 6.58182883375547 1.2383362971774004e-5 4.835724354880786e-8 2.936065587834938e-8 5.74378627788974e-5 8.268596345395451e-7 6.875822924357067e-7 2.0346295219365804e-11 7.38778084907169e8 1.0400221015656401e8
64400 424669.6314339047 6.586249423551962 1.2418828099385627e-5 4.8447226216501485e-8 2.9552994206002252e-8 5.69607327634003e-5 1.092533385649297e-6 6.31906939663196e-7 2.5522567409458373e-11 7.387780849071666e8 1.0400221015656263e8
64600 425987.4686765358 6.592123707740955 1.2458651614733818e-5 4.8504215874321015e-8 2.977236378111215e-8 5.5020549552864395e-5 1.1110671715997e-6 8.380730540658021e-7 2.5215170920632846e-11 7.387780849071544e8 1.0400221015656263e8
64800 427306.6369558134 6.599943439321322 1.2496152295221814e-5 4.859101294753911e-8 3.0004442282033044e-8 5.5580223488505e-5 9.087582153455287e-7 1.0025273153857484e-6 2.4605253818465973e-11 7.387780849071783e8 1.0400221015656525e8
65000 428627.6222973382 6.610270135192699 1.2514104232202868e-5 4.8684320613623804e-8 3.022751068891564e-8 5.730306111217942e-5 1.1238551596015611e-6 1.1972923719127948e-6 2.452843849834117e-11 7.387780849071777e8 1.0400221015656054e8
65200 429950.9184772033 6.623025115087135 1.2533753780559643e-5 4.8754510882912116e-8 3.0487149919703906e-8 5.783418964711018e-5 1.1232184493614739e-6 1.2519559100532263e-6 2.229002397413087e-11 7.38778084907149e8 1.040022101565697e8
65400 431276.65177460754 6.627784589002761 1.2558698292043133e-5 4.881465238362238e-8 3.072222787184039e-8 6.625351124966983e-5 1.2246013691985524e-6 1.3289929774451537e-6 2.227729261454147e-11 7.387780849071788e8 1.0400221015656559e8
65510 432000.0 1.3479306389344856 1.257418379074022e-5 4.8879329343772305e-8 3.079093406297209e-8 7.445646224368829e-5 1.1673057396244246e-6 1.2710247725422619e-6 2.5676358145938606e-11 7.387780849071634e8 1.0400221015656346e8
