#timestep time dt l2_h l2_h_vcon1 l2_h_vcon2 linf_h linf_h_vcon1 linf_h_vcon2 dsdu_ut entropy h_squared 
0 0.0 100.0 0.0 0.0 0.0 0.0 0.0 0.0 2.9884648860596507e-12 7.38778084907083e8 1.0400221015658548e8
200 6369.380065027616 31.870865814204933 5.973152797970443e-5 1.523808243613566e-8 1.298911115241868e-8 0.0005331963780008664 1.9317825084019802e-7 1.170129147465282e-7 -5.123374397283901e-11 7.3877808490708e8 1.0400221015658396e8
400 12762.86351361008 31.955810748042293 5.973174610550654e-5 2.4422354647099772e-8 1.6300970157611935e-8 0.0006235328744423896 2.868046527493284e-7 2.0928639585249265e-7 -4.8275037362519676e-11 7.387780849070857e8 1.040022101565839e8
600 19136.583445633154 31.83619460902476 5.927206345443735e-5 3.095776427272809e-8 1.8397037383494128e-8 0.0006833217241819511 2.719306117504594e-7 2.0658754446012395e-7 -4.9558228992028415e-11 7.38778084907077e8 1.0400221015658456e8
800 25506.181805824137 31.835037904737625 5.8553801332428886e-5 3.620094478986262e-8 1.8763445819689913e-8 0.0005905261489260738 3.947537723369976e-7 2.8990259054451073e-7 -4.80950518674444e-11 7.387780849070808e8 1.0400221015659556e8
1000 31887.470107182595 32.030662418037586 5.876190904220565e-5 4.053589800898646e-8 1.9212090125818697e-8 0.0006891254690799542 3.680682786333378e-7 3.310800618314125e-7 -4.7156291962484865e-11 7.387780849070777e8 1.0400221015660281e8
1200 38274.41024543361 31.84309398530739 5.8645349455919895e-5 4.3655258994708634e-8 1.9646003941533144e-8 0.0006587229661363381 4.2168687874877264e-7 2.746442062315224e-7 -4.9049386216100795e-11 7.387780849070743e8 1.0400221015657584e8
1400 44633.61799726301 31.84574119355439 5.9662814378809355e-5 4.5554516417786545e-8 2.064626541156813e-8 0.0005632193108340289 3.811730781011491e-7 2.404307897219127e-7 -4.7854944853368284e-11 7.387780849070737e8 1.040022101565772e8
1600 51004.66093407875 31.91856781546664 6.011756523606832e-5 4.7158976598177875e-8 2.2310404379885207e-8 0.0006649944359651272 3.7520100271137835e-7 2.435876893247535e-7 -5.054475297323099e-11 7.387780849070741e8 1.0400221015660664e8
1800 57399.6292954696 31.896790810548154 5.953590259104395e-5 4.876120733028433e-8 2.3531958501919443e-8 0.0007540027650065895 3.832445546469998e-7 2.6622740523229993e-7 -5.1652352780002584e-11 7.387780849070784e8 1.0400221015659592e8
2000 63769.48933994312 31.85619457773892 5.9109604328918253e-5 5.022496050388765e-8 2.3445300733640798e-8 0.0006436286366806598 3.678532301543136e-7 2.93252410965561e-7 -4.98139483799248e-11 7.387780849070749e8 1.0400221015659125e8
2200 70138.97480513444 31.85281147837452 5.916327022546246e-5 5.2045298492531305e-8 2.3456249141638965e-8 0.0006476062249021197 3.997559455126698e-7 3.314190254732896e-7 -4.939620969218506e-11 7.387780849070795e8 1.0400221015659635e8
2400 76529.42248363885 31.996400144029277 5.8815786485823304e-5 5.421051760427691e-8 2.3655663042372266e-8 0.0008225423566727841 3.931445244909071e-7 3.5424108009440847e-7 -4.9110726285185823e-11 7.387780849070739e8 1.040022101565939e8
2600 82906.91163370029 31.83333605701415 5.891417443867195e-5 5.593084803243481e-8 2.35145264626136e-8 0.0007076638407852442 3.859348335355506e-7 2.8011496872037966e-7 -4.865550832800654e-11 7.38778084907075e8 1.0400221015659253e8
2800 89266.19834947333 31.83351745435622 5.95586090576372e-5 5.736663486511175e-8 2.4002502121664193e-8 0.000596677904468379 3.529533609269997e-7 2.714897377187331e-7 -4.8690190579892256e-11 7.387780849070779e8 1.0400221015659481e8
3000 95642.74911035897 31.985316627561843 5.888911565070032e-5 5.918217823887783e-8 2.510835778116748e-8 0.0008270582884506439 3.6830771615870006e-7 2.5922445223008905e-7 -4.671216503662473e-11 7.387780849070749e8 1.0400221015660231e8
3200 102034.00742184074 31.856932503046593 5.909225328518624e-5 6.082261849057853e-8 2.5775938498469667e-8 0.0007610569830376335 3.7416161252634694e-7 2.747014710424711e-7 -4.668201238332378e-11 7.387780849070768e8 1.0400221015660374e8
3400 108403.47186614497 31.860599815649977 5.936026562616927e-5 6.223035616304023e-8 2.58518928235776e-8 0.000597779251393149 3.6840360134737793e-7 3.5627295197349085e-7 -4.696009451047149e-11 7.387780849070715e8 1.0400221015659606e8
3600 114773.12358865932 31.88991264985186 5.919956285533136e-5 6.38819924116626e-8 2.6291338400170286e-8 0.0006400705135547469 3.497302270560887e-7 3.806393583244416e-7 -4.670309913886558e-11 7.387780849070737e8 1.0400221015659633e8
3800 121167.91661471553 31.926953142269294 5.886644085237754e-5 6.555492739136544e-8 2.64866514074889e-8 0.0007953907283990702 3.820820455580076e-7 3.9462421591324875e-7 -4.741430737920741e-11 7.387780849070756e8 1.0400221015660441e8
4000 127539.42718328354 31.842824245870716 5.8881236087041736e-5 6.675859708545051e-8 2.6486748084753326e-8 0.0006665148148385924 4.3757626549956186e-7 2.4764545625277634e-7 -4.7815683227089175e-11 7.387780849070718e8 1.0400221015660857e8
4200 133898.67075661256 31.84051512312134 5.9392490909190566e-5 6.79555701188196e-8 2.7129388663575126e-8 0.0006237067452730116 3.7541507638683136e-7 2.548262154900005e-7 -4.695559745760775e-11 7.387780849070793e8 1.0400221015659396e8
4400 140284.44767444913 32.04322018519613 5.927170386041664e-5 6.942093860021675e-8 2.7870523443168805e-8 0.0007926392172521446 4.2708123937362785e-7 2.868313189741123e-7 -4.7354454841018565e-11 7.387780849070741e8 1.0400221015659325e8
4600 146666.93541355745 31.836393425284797 5.884496951234197e-5 7.063049486456138e-8 2.8023414777121364e-8 0.0007589939448280347 4.6765281846994355e-7 3.010665701741466e-7 -4.8301548723974385e-11 7.387780849070748e8 1.0400221015662655e8
4800 153036.52582518052 31.837886712713807 5.9301130950969164e-5 7.17673177737812e-8 2.7976396223140764e-8 0.0006235170426407421 4.178364600426754e-7 3.941401952034518e-7 -4.798291079952334e-11 7.387780849070776e8 1.0400221015661031e8
5000 159409.5664577964 31.946206836467343 5.9503848408411575e-5 7.322739825503884e-8 2.8510369095629425e-8 0.0007620810597472882 3.913494869278722e-7 4.0617539368015265e-7 -4.807515877408248e-11 7.387780849070715e8 1.0400221015659173e8
5200 165803.51065384698 31.87650728123299 5.925367838547941e-5 7.469121028307817e-8 2.8661963722945476e-8 0.0008264574357781385 3.944324840077229e-7 4.0890898247297747e-7 -4.7443084975795135e-11 7.387780849070706e8 1.040022101566065e8
5400 172172.88809858597 31.87132243895027 5.9336177169750756e-5 7.559631436719104e-8 2.8825092093384087e-8 0.000695275979296639 4.211747532956167e-7 2.998037409995824e-7 -4.7235272410631424e-11 7.387780849070741e8 1.0400221015660946e8
5600 178531.97393757408 31.86684580669391 5.990848593454491e-5 7.671077440294509e-8 2.9499278168027588e-8 0.0007152756934374338 4.293989095544015e-7 2.984026681862595e-7 -4.648773740226511e-11 7.38778084907069e8 1.0400221015660834e8
5800 184924.98408022098 31.963353952117743 5.962800930097791e-5 7.806467219622654e-8 3.0050660263012564e-8 0.0008227381085816887 4.432760505384756e-7 3.0354565149111334e-7 -4.6654419355258596e-11 7.387780849070681e8 1.0400221015661676e8
6000 191299.35403484743 31.835170517332205 5.955014557486723e-5 7.904355879987015e-8 3.013669256950805e-8 0.0007274755171238212 5.079103836957977e-7 3.334738474802812e-7 -4.594462589655418e-11 7.387780849070716e8 1.0400221015661488e8
6200 197668.95795231464 31.834271598671315 6.02380156218919e-5 8.006971485797404e-8 3.034767672630183e-8 0.0006524075345168967 3.62435205222833e-7 3.9783439101381823e-7 -4.562922339966369e-11 7.387780849070709e8 1.0400221015660639e8
6400 204049.23110162452 32.021388092997654 6.009490311292481e-5 8.142386864350006e-8 3.074057440810438e-8 0.0007950412937134388 4.619988765441896e-7 4.107405882775028e-7 -4.613144144621568e-11 7.387780849070724e8 1.040022101566078e8
6600 210437.13714868037 31.845314968168978 5.947067385519926e-5 8.257146268528301e-8 3.0737969248058284e-8 0.0007663920403047086 4.504574372954373e-7 3.8173750222664227e-7 -4.7520863984291707e-11 7.387780849070698e8 1.0400221015661399e8
6800 216796.3716377889 31.848212872833944 6.004645710556363e-5 8.332451108263866e-8 3.109004725841783e-8 0.0006091852762892813 4.5459472414188795e-7 2.998638139739551e-7 -4.676940721654209e-11 7.387780849070754e8 1.0400221015661441e8
7000 223167.04821799157 31.912465931866333 6.0072286925323524e-5 8.442210418748471e-8 3.187192592026913e-8 0.0007389407260234293 4.5981714030807197e-7 2.91341684707791e-7 -4.691821008196875e-11 7.387780849070716e8 1.0400221015661894e8
7200 229562.10635607925 31.90227043063885 5.98429976528973e-5 8.554937856368821e-8 3.2444982889499736e-8 0.0007979698623330478 4.795641962984654e-7 3.125654031294056e-7 -4.874440026439192e-11 7.3877808490707e8 1.0400221015662098e8
7400 235932.19901715935 31.8531079800032 5.994343485952823e-5 8.627977408808948e-8 3.2457607217905104e-8 0.0006593176437945658 5.574134142594112e-7 3.7789275231236985e-7 -4.6908417648849106e-11 7.387780849070685e8 1.04002210156604e8
7600 242301.7018328813 31.84994720673447 6.026418719571971e-5 8.727445500938131e-8 3.2695840535033105e-8 0.0006498501377336652 4.269852684757325e-7 4.2316452555923867e-7 -4.711948239304741e-11 7.387780849070684e8 1.04002210156623e8
7800 248691.36664537623 32.00505824518097 6.010848825462833e-5 8.86414189617168e-8 3.301763732044441e-8 0.0008437242386207799 5.186060244577462e-7 4.371444450521067e-7 -4.745056953440339e-11 7.387780849070699e8 1.0400221015663013e8
8000 255069.73498143963 31.833460629635017 6.011302970361883e-5 8.957645075917682e-8 3.3085502662238604e-8 0.0007634776977738511 5.284676841132985e-7 3.585320481197529e-7 -4.751655550516448e-11 7.387780849070767e8 1.0400221015660323e8
8200 261429.06033297238 31.83391664762678 6.070186372833437e-5 9.025657005332014e-8 3.3577604960467246e-8 0.0006353213020702242 4.4664728199306225e-7 3.177481029958962e-7 -4.629739088117937e-11 7.387780849070681e8 1.040022101566142e8
8400 267804.8277811148 31.97716653355692 6.0636673468619644e-5 9.140339788924957e-8 3.427377154147924e-8 0.0008438575814579963 5.093339497386218e-7 3.1094057856978496e-7 -4.5069302986271346e-11 7.387780849070659e8 1.0400221015663494e8
8600 274196.7390207749 31.860321999118767 6.033640500649342e-5 9.245976465904598e-8 3.4659005223855116e-8 0.0007820461066785356 4.853170141871921e-7 3.1935256957979496e-7 -4.598902974675496e-11 7.387780849070657e8 1.0400221015662898e8
8800 280566.1835235287 31.864197827542558 6.072618944623823e-5 9.319717245343831e-8 3.461083202052974e-8 0.0006144157025573804 5.561911232687677e-7 4.0820080376979817e-7 -4.5580734104247404e-11 7.387780849070613e8 1.0400221015661776e8
9000 286935.6986609877 31.884956222430947 6.110022332003126e-5 9.433649754696517e-8 3.482609688641481e-8 0.0007062018839860684 4.82301987569933e-7 4.3250963434326994e-7 -4.5199813242028755e-11 7.387780849070652e8 1.0400221015661739e8
9200 293330.27108669 31.933571635046384 6.077531260031318e-5 9.56569169495834e-8 3.5080659465734226e-8 0.0008309119930345332 5.332145671110844e-7 4.392590967519476e-7 -4.5670664153410724e-11 7.387780849070668e8 1.040022101566243e8
9400 299702.2441144225 31.840871012189353 6.085999027247888e-5 9.641558872306136e-8 3.522627548409494e-8 0.000679042573665356 6.069721634749392e-7 3.0590218735859764e-7 -4.6705694181503636e-11 7.387780849070705e8 1.0400221015662563e8
9600 306061.5380908709 31.838822013260177 6.110227383331956e-5 9.720320355445102e-8 3.5746162292331525e-8 0.0006122677054918313 4.3666689406030024e-7 3.2855751191940286e-7 -4.5539106212604494e-11 7.387780849070699e8 1.0400221015662783e8
9800 312446.22077236866 32.05298617405457 6.105834901373344e-5 9.844824945362226e-8 3.6319122341055005e-8 0.0008177587114914786 5.403116109525818e-7 3.2235352614984336e-7 -4.6188826013662515e-11 7.387780849070684e8 1.0400221015663299e8
10000 318829.8181808893 31.837685216949467 6.0859581107693006e-5 9.938718644774786e-8 3.6486397486032194e-8 0.0007483394065275206 5.55851108197114e-7 3.1523868149196943e-7 -4.750737761183593e-11 7.387780849070646e8 1.0400221015662871e8
10200 325199.4002363267 31.839430973211012 6.131127152338386e-5 1.0016490422864527e-7 3.637130459842725e-8 0.0006361233231473307 5.045841111606109e-7 4.2880160977532e-7 -4.7209900149412534e-11 7.387780849070687e8 1.0400221015662685e8
10400 331571.88737505674 31.93918243140306 6.130883927072493e-5 1.0144304183318381e-7 3.64954406089445e-8 0.0007877269019900268 5.307313317159945e-7 4.4602026763596037e-7 -4.588769002930528e-11 7.387780849070654e8 1.040022101566206e8
10600 337966.1744030239 31.881048784110835 6.117553332832644e-5 1.0271316042729154e-7 3.666430674543943e-8 0.0008350382252046984 5.261932289335469e-7 4.424877229833313e-7 -4.5945505109635355e-11 7.387780849070624e8 1.0400221015663171e8
10800 344335.5974549472 31.86732431691472 6.139528883787495e-5 1.034263394061582e-7 3.6914687025441355e-8 0.0007111141792393028 5.912512555106275e-7 3.101926170090419e-7 -4.620670127232099e-11 7.387780849070622e8 1.0400221015664741e8
11000 350694.74305351876 31.863056632864495 6.148224257409978e-5 1.0440268050854129e-7 3.7499263234456945e-8 0.0007151519575927523 4.857169401129013e-7 3.0729455469113987e-7 -4.5155409391827974e-11 7.387780849070662e8 1.0400221015662305e8
11200 357087.21874419553 31.971111156127364 6.13669259671107e-5 1.0572068930388172e-7 3.8082640436872676e-8 0.0008314413282732858 5.552364972793988e-7 3.090144266269801e-7 -4.417570086749851e-11 7.387780849070684e8 1.0400221015662682e8
11400 363462.283357184 31.83437319691086 6.135195787806275e-5 1.0662618751304556e-7 3.8121512679779786e-8 0.0007012697303707682 6.014297069256713e-7 3.346537875148492e-7 -4.4307903500749123e-11 7.387780849070659e8 1.0400221015664653e8
11600 369831.89156436553 31.833733125870584 6.152184078361743e-5 1.076006123145832e-7 3.7965180165984954e-8 0.0006333451976843207 4.3417427653125173e-7 4.068659018863219e-7 -4.4736321013892855e-11 7.387780849070619e8 1.0400221015663631e8
11800 376211.19538194354 32.01233834423915 6.178668220854495e-5 1.0890112842987652e-7 3.8429752176478515e-8 0.0007881703356815706 5.620179728826891e-7 4.173257732789648e-7 -4.360889500000218e-11 7.387780849070611e8 1.0400221015662573e8
12000 382600.006063455 31.847761672158022 6.158365004321546e-5 1.0992919495246279e-7 3.876097982017726e-8 0.0007700695978201111 5.303091730746168e-7 3.9387733183349205e-7 -4.540136697787156e-11 7.387780849070605e8 1.040022101566333e8
12200 388959.25996041426 31.85090536804492 6.199522952807166e-5 1.105849035535343e-7 3.898599819300043e-8 0.0006456335486291209 5.009149734447327e-7 2.987490558825634e-7 -4.587265582064671e-11 7.387780849070672e8 1.0400221015664102e8
12400 395329.61580888944 31.90659416713387 6.200369035790381e-5 1.1162943614191256e-7 3.94901609654975e-8 0.0007243332443067629 5.364050241207785e-7 2.896281096065323e-7 -4.529159983313103e-11 7.387780849070634e8 1.0400221015664564e8
12600 401724.7028851713 31.907970322436082 6.179811393496957e-5 1.1288767594656563e-7 3.982646823571602e-8 0.000814158765706452 5.459401463125957e-7 3.019971098472407e-7 -4.583900545956285e-11 7.387780849070638e8 1.0400221015664293e8
12800 408095.07320462156 31.850246346091485 6.202324888131866e-5 1.1378170688839641e-7 3.9569065347899314e-8 0.0006906319465542765 5.578221343172096e-7 3.471419117162533e-7 -4.527416681338764e-11 7.387780849070619e8 1.0400221015663697e8
13000 414464.5920786661 31.847313384704268 6.208512961303282e-5 1.14793647644536e-7 3.95773368334859e-8 0.000659938586068165 5.027325613027323e-7 3.8990458003929085e-7 -4.5004071789069866e-11 7.387780849070597e8 1.040022101566333e8
13200 420853.4139027226 32.01392683474813 6.184142580861895e-5 1.1599966776656706e-7 4.037839951694184e-8 0.000863607342580508 5.792279346161777e-7 3.9760336380950667e-7 -4.3973398221112e-11 7.387780849070605e8 1.0400221015664308e8
13400 427232.7057240511 31.83381197367266 6.186837448600395e-5 1.1688050682567644e-7 4.083901710142792e-8 0.0007804498563928064 5.211377228087066e-7 3.326790055241391e-7 -4.471548409462126e-11 7.387780849070605e8 1.0400221015664744e8
13550 432000.0 21.593664490093943 6.209991069664725e-5 1.173958861074546e-7 4.111835874360016e-8 0.0006871616333228303 4.684664496323876e-7 3.062898296934957e-7 -4.473016891539237e-11 7.387780849070666e8 1.0400221015663895e8
