#timestep time dt l2_h l2_h_vcon1 l2_h_vcon2 linf_h linf_h_vcon1 linf_h_vcon2 l2_H l2_vcon1 l2_vcon2 linf_H linf_vcon1 linf_vcon2 dsdu_ut mass entropy 
0 0.0 100.0 0.0 0.0 0.0 0.0 0.0 0.0 0.0 0.0 0.0 0.0 0.0 0.0 6.837145915230217e-13 13175.84887478205 8.591918728113017e8
50 2805.7819638426313 56.15559941472755 0.005044074996159436 0.008016002435346838 0.01542449405329075 0.009311585712440708 0.012178664637464564 0.011658724853257477 0.005044074996159436 0.006723912298394612 0.014607701035951947 0.009311585712440708 0.010110996530625504 0.01087439210416055 -0.002023798929202759 13175.84887478206 8.591918704407091e8
100 5617.303487821397 56.316437113400355 0.009305332592145669 0.027440531096721982 0.056189770914992235 0.01711678921308658 0.038051191173453826 0.043563299260399715 0.009305332592145669 0.027278177754939716 0.056087692625425484 0.01711678921308658 0.03696091809112749 0.042886347862788755 -0.0026779545019160393 13175.848874782077 8.59191862619376e8
150 8438.889568185617 56.552498200648564 0.012168048764348093 0.05959587803376532 0.11685955622113674 0.02247899434921266 0.07353346702448589 0.09754444532360342 0.012168048764348093 0.06171864023129266 0.11759275217113052 0.02247899434921266 0.07479658233727388 0.09522644464309502 -0.001798912725139057 13175.848874782063 8.591918567307864e8
200 11248.321071847187 56.83320966098231 0.013335710402146183 0.1016122397838624 0.1863263053626597 0.025013998623891143 0.11017909964638742 0.1703634220888383 0.013335710402146183 0.10688289334789122 0.18747175093338897 0.025013998623891143 0.11741557618393166 0.16487725725170485 -0.0022697389228460057 13175.848874782034 8.591918510775424e8
250 14092.144699978144 56.79918562258995 0.012986611311150779 0.14868293728829607 0.25281329214805154 0.024761846633500447 0.15457323127680678 0.24630993516030433 0.012986611311150779 0.15751855652858407 0.2534730822208389 0.024761846633500447 0.17154209130370818 0.24043427350916252 -0.0023602713857132536 13175.848874782087 8.591918443954852e8
300 16924.552155685546 56.39800949743655 0.011812534658406676 0.19263475407840158 0.30412773129981 0.023518233227215003 0.21493971879768903 0.30161130893456795 0.011812534658406676 0.20474694785023603 0.3034383915762792 0.023518233227215003 0.2387705638858143 0.2981171358394129 -0.002685491128116429 13175.84887478208 8.591918374019467e8
350 19691.1070015064 55.850275378393874 0.0109514654003884 0.2253202936665743 0.33806938379228574 0.022256932517494027 0.26702509657833395 0.34225227522417756 0.0109514654003884 0.23972009731232174 0.3364861875394056 0.022256932517494027 0.2963091191255991 0.3423543538155476 -0.0033395794448350296 13175.848874782048 8.591918290684348e8
400 22472.449776546386 55.43822004823169 0.011209087494667818 0.24186687629841414 0.3673791462313944 0.021876557602308642 0.294897008759678 0.3521617546404067 0.011209087494667818 0.25706759866708445 0.36768434775941056 0.021876557602308642 0.32725353088458 0.35442486977712595 -0.004007163099139122 13175.848874782017 8.591918188798279e8
450 25237.433990003792 55.19549581269912 0.01235294528298405 0.23876618149714735 0.4059379886074392 0.023001562828146138 0.2811123698917886 0.32393669583774465 0.01235294528298405 0.2527884315082357 0.4115920057316542 0.023001562828146138 0.31339390728201255 0.31766332602775277 -0.004765282528696271 13175.848874782023 8.591918067438328e8
500 27960.119091672914 55.13067204641233 0.01353826091303803 0.21801702456142416 0.4524901910199797 0.024985443767289648 0.2418748453653244 0.3364861208387152 0.01353826091303803 0.2286535992606058 0.4642403480724298 0.024985443767289648 0.2706427308957618 0.36630561870379913 -0.005344992867362423 13175.848874782037 8.591917929277428e8
550 30718.62354884049 55.23440376763256 0.01429706893820336 0.18909284812666327 0.4942350165448972 0.02720609012669276 0.22893511344709688 0.4265796265567324 0.01429706893820336 0.19437026719161582 0.5102757212966472 0.02720609012669276 0.22676787766536166 0.4580099466542777 -0.005717752442114171 13175.84887478206 8.59191777620361e8
600 33486.226015948145 55.487153222260794 0.014637438643050085 0.17656389805045755 0.5174835945029654 0.029641527832907882 0.26015485756009465 0.4569768101695214 0.014637438643050085 0.17753793150762734 0.5350338910028289 0.029641527832907882 0.28346980122780163 0.49530744389764614 -0.005843003675577125 13175.848874782054 8.591917615606779e8
650 36232.11932674639 55.85398349364656 0.014899911039124953 0.2053275149144031 0.517554843033257 0.032032721619768625 0.3003475249540057 0.4607108947037334 0.014899911039124953 0.20851069867771352 0.5340798940469358 0.032032721619768625 0.3271638740411558 0.5034916613141528 -0.005709620524086027 13175.848874782056 8.591917456412367e8
700 39030.32762852028 55.96608951358541 0.015365415037795099 0.2663790879907058 0.49799331310625516 0.034851362963957994 0.33508999082403484 0.4408547895849776 0.015365415037795099 0.2764460300299447 0.5114924440886749 0.034851362963957994 0.36394412440963986 0.4850703613877741 -0.005307019281825265 13175.848874782067 8.591917301680464e8
750 41828.320808577606 55.962247234378744 0.015922711065330348 0.3303668714079064 0.4691857056842782 0.03682962562604699 0.360681270991056 0.40179044417555654 0.015922711065330348 0.34695048712544474 0.4784103893336253 0.03682962562604699 0.3898836181908077 0.4441468602031873 -0.004720480288513703 13175.848874782047 8.591917161171837e8
800 44599.59210289338 55.95939197696205 0.01618684576841073 0.37729326703032773 0.4458371897323625 0.03749140475377891 0.3602270613720145 0.3621122480923405 0.01618684576841073 0.39756459969067803 0.45055491204267134 0.03749140475377891 0.388098033924198 0.3885639202184565 -0.004160248435905256 13175.848874782034 8.591917038425739e8
850 47386.16513362912 55.53498755347726 0.015914762014525987 0.401563628701784 0.4406848403410848 0.03712268217144853 0.3395657189058277 0.38016421962675173 0.015914762014525987 0.42207500048733476 0.44173696942234564 0.03712268217144853 0.36547353412294303 0.3812509979782882 -0.0037678731504025903 13175.848874782056 8.591916928338944e8
900 50155.12859660331 55.253680044024215 0.015335342206848311 0.40652165139387825 0.45842359103650065 0.03525677260176702 0.3308125714366229 0.4311701482843713 0.015335342206848311 0.424322182153112 0.45740838535346795 0.03525677260176702 0.35365074533215723 0.4295917095382432 -0.0035102226007450326 13175.848874782067 8.591916827905141e8
950 52887.57212198803 55.12124601165904 0.015187805489172054 0.4005103024465146 0.49262281622653303 0.03364922660610832 0.3562198800503313 0.4879950041104638 0.015187805489172054 0.41384963012499376 0.4908419687479424 0.03364922660610832 0.3675705344254401 0.4809980192750324 -0.0034624517669785706 13175.848874782052 8.591916733182273e8
1000 55643.34592020475 55.133412575626565 0.016192741631838477 0.39052798854535814 0.5342742213203517 0.03297947160564362 0.3980581335243778 0.5498841247466784 0.016192741631838477 0.3986932957541209 0.532202496907902 0.03297947160564362 0.40434392404798447 0.5372765377767843 -0.003596713760370181 13175.84887478205 8.591916636228096e8
1050 58403.31820424169 55.28480036635821 0.018271843150818656 0.3806169719581363 0.5769018817435365 0.03482917626474133 0.42120383317407484 0.5559357108884553 0.018271843150818656 0.38377986081243987 0.574382396448245 0.03482917626474133 0.4243919279883743 0.5555288163631897 -0.003871476674422725 13175.848874782017 8.591916533489163e8
1100 61146.29127656776 55.56034432043611 0.020536845148775178 0.37228184815710746 0.6197705767449132 0.03712685398073115 0.43617774738263937 0.5543422854626154 0.020536845148775178 0.3712973446376305 0.616401057291671 0.03712685398073115 0.4381023750091482 0.5593508324668737 -0.004210047730429242 13175.84887478205 8.59191642260953e8
1150 63919.61999175702 55.37429613017511 0.022065174598440537 0.3655600834355317 0.6660075984558573 0.03928808218456059 0.4438204123101969 0.5723530578444433 0.022065174598440537 0.36177764795248946 0.6614454162337552 0.03928808218456059 0.4464777019352082 0.5750079748692498 -0.004492606648222505 13175.848874782041 8.591916301740975e8
1200 66685.88684761862 55.30026204758448 0.022202229938148486 0.3601856624620033 0.7141078434812361 0.039342401593060385 0.4182151227966627 0.5470306880810933 0.022202229938148486 0.3553441780995426 0.7082992887371719 0.039342401593060385 0.4253921279736602 0.5495006567184602 -0.004685396740340354 13175.848874782041 8.591916174581219e8
1250 69396.73094749986 55.350328779617655 0.020843989317625634 0.3552983239233347 0.7570911132861879 0.037110826184093934 0.4135807812827878 0.6485712106033441 0.020843989317625634 0.35088855258139373 0.7503811447027174 0.037110826184093934 0.41295312027653147 0.6423614144847319 -0.004800052291459269 13175.848874782081 8.591916045904628e8
1300 72167.8217025253 55.50570681875927 0.01829430207307652 0.34951280735753065 0.7895204257730262 0.03261426200863129 0.4210686154119955 0.7577806316722189 0.01829430207307652 0.346117452400954 0.7826434750973124 0.03261426200863129 0.42484534553453296 0.7440954556381424 -0.004902479463177323 13175.84887478202 8.591915911505363e8
1350 74948.83150935348 55.74115499669409 0.015485404390212282 0.34371188934576047 0.8061780925523656 0.028119524151545956 0.43982007898780856 0.7955163482622134 0.015485404390212282 0.340548072499019 0.8001808972104503 0.028119524151545956 0.44938082095441384 0.7763067076071198 -0.005017822627303505 13175.84887478206 8.591915773562728e8
1400 77743.05840963835 56.00195078631175 0.013777010563721642 0.34532498752629975 0.8060031084769018 0.025387846653482548 0.4395547575916498 0.7697236162142046 0.013777010563721642 0.3408296319362174 0.8018459585244642 0.025387846653482548 0.45620813185024706 0.7575565861888868 -0.005083122083518835 13175.848874782054 8.591915632223238e8
1450 80499.47828774931 55.838533417155475 0.014038871267919415 0.3694898382230389 0.7900679066487868 0.026298926207755684 0.45765207160704524 0.7198651807262721 0.014038871267919415 0.3636231091920395 0.7881325641734168 0.026298926207755684 0.46439786930501736 0.7134910139466993 -0.005040652399977522 13175.848874782061 8.591915492438917e8
1500 83290.06365736328 55.810232087119644 0.015637360162659594 0.42820947009574134 0.759986840056403 0.02970674896935513 0.5004927220918094 0.6494982720193986 0.015637360162659594 0.4240562181602609 0.7598586761143877 0.02970674896935513 0.49531719489739956 0.6546266359026746 -0.004887150164567404 13175.848874782021 8.59191535364831e8
1550 86083.16931415435 55.93870232516767 0.01735613505801235 0.5121620978455169 0.7201453986852601 0.03238834247298875 0.566566311483704 0.6030043481372573 0.01735613505801235 0.5134786450031426 0.7204395399191694 0.03238834247298875 0.5765140351737117 0.5997104312207946 -0.004597987682113333 13175.848874782048 8.591915220802517e8
1600 88862.14450614367 55.87279537625799 0.01849031134810316 0.5952397599619773 0.6799889723537563 0.034016157084951516 0.5876130600482815 0.554549406639814 0.01849031134810316 0.603323390778649 0.6786690726609881 0.034016157084951516 0.607219852897199 0.5440843228263451 -0.004120707619009149 13175.848874782047 8.591915099186203e8
1650 91651.96611403015 55.746167808590464 0.018934293220518716 0.6532202640272776 0.6559854045338686 0.03532156787704272 0.5912582385278093 0.5762879234116529 0.018934293220518716 0.6668352977541706 0.6512706756177485 0.03532156787704272 0.6192836622792073 0.5806058233049046 -0.0034848510826837186 13175.848874782074 8.591914992907366e8
1700 94438.96398065705 55.755013269682415 0.018889473518547067 0.6715907423579526 0.671300293776888 0.03509045372017232 0.6391553948556766 0.6573206493143161 0.018889473518547067 0.6881090725420101 0.6633552611185733 0.03509045372017232 0.6712761579417611 0.6691212689280294 -0.0028795103938541265 13175.848874782054 8.591914904505386e8
1750 97217.14619167514 55.883589718095315 0.018661284293289705 0.6487451230296615 0.7423621808677886 0.03440068834881832 0.6759598265222965 0.7387811919458033 0.018661284293289705 0.6653716421635678 0.7340899207122401 0.03440068834881832 0.7208535033146192 0.7453662526254733 -0.0024046749836314266 13175.848874782025 8.591914831349572e8
1800 100016.86089808104 56.11623661061199 0.01853891273965784 0.5912806433339529 0.8651158771519198 0.034445561458230634 0.6689662796223671 0.80222051268738 0.01853891273965784 0.6056789639670566 0.8601749185452474 0.034445561458230634 0.7082045721819961 0.7985194668147453 -0.0020118429509120776 13175.848874782096 8.591914769718379e8
1850 102830.50605751965 56.43651741014078 0.018869999934253718 0.5107909222114001 1.011783948993918 0.0358586054058955 0.6708065802622671 0.8458554317837618 0.018869999934253718 0.5212664557310224 1.0120492530136649 0.0358586054058955 0.6700881293958011 0.8233266522292059 -0.0017272065644034656 13175.848874782036 8.591914717443393e8
1900 105601.87231656813 56.492079331448565 0.020119899502863463 0.42322043536511456 1.1404625986623953 0.03841371353711757 0.6518899586546318 0.8822075235649319 0.020119899502863463 0.4287642242817367 1.145130020726813 0.03841371353711757 0.6503644475560283 0.8668091062011101 -0.001621570082783706 13175.848874782068 8.591914671528599e8
1950 108425.13771551769 56.4557539994373 0.022772992886220138 0.3413678705625852 1.220608497830523 0.04420887327316925 0.59531187582071 0.8885258428562748 0.022772992886220138 0.34114227403358366 1.227083927907582 0.04420887327316925 0.5993895906812412 0.8767064082431871 -0.0016957480769270359 13175.848874782034 8.591914624954064e8
2000 111249.28654702636 56.52845807067945 0.02676668219916668 0.2840131599554245 1.2354671161308555 0.05212221349316599 0.48324573766580126 0.8243476314810433 0.02676668219916668 0.2775376382155048 1.240733841248532 0.05212221349316599 0.49758764778984216 0.8087233853856939 -0.001803348741178597 13175.848874782052 8.591914575556558e8
2050 114072.37387942041 56.406859287417376 0.03144738897253485 0.2637422440287574 1.1983878170621973 0.06084228892815355 0.4533659987223139 0.7365164096791761 0.03144738897253485 0.2516149310419906 1.2007051440039067 0.06084228892815355 0.44746048176281766 0.7191983380046658 -0.001938703877292197 13175.848874782063 8.591914522783688e8
2100 116883.62150652736 56.077477712900105 0.035877022295388625 0.2769050900843114 1.1390448595168403 0.06854440934543458 0.46490833180928726 0.7234309342851635 0.035877022295388625 0.26126645839895235 1.1382751389927719 0.06854440934543458 0.46003631785584476 0.6999915126390199 -0.002073109612146115 13175.84887478204 8.591914466441748e8
2150 119682.90586676574 55.92884468454544 0.03922754120905162 0.30786638719868453 1.0856924017844671 0.07396408351995569 0.48176170166679383 0.7878336821978555 0.03922754120905162 0.2912177785480438 1.0825515747074512 0.07396408351995569 0.487870152327946 0.7708740607702613 -0.0022896174888224776 13175.848874782021 8.591914405611284e8
2200 122470.56781918071 55.97562251766377 0.040973915411456244 0.345493408224188 1.0549166859244679 0.07619904713027466 0.5465518417212201 0.851043569039596 0.040973915411456244 0.3303858204445358 1.0502374596565058 0.07619904713027466 0.5690202297302247 0.8404140571072916 -0.002532060075749851 13175.848874782041 8.59191433835064e8
2250 125274.65019728799 56.21335762077687 0.04098749479467648 0.3883943909668206 1.0499866758795247 0.07558008871081177 0.6337485422505775 0.8970714313249144 0.04098749479467648 0.3775077283958365 1.0444183804237073 0.07558008871081177 0.6457363428198778 0.8923764073353649 -0.0027858248748369803 13175.848874782072 8.591914263880979e8
2300 128083.73562350057 56.132335287758444 0.03955182285357445 0.4406959023394265 1.0646516578595027 0.07289350226936113 0.7262923200158269 0.9228118368433004 0.03955182285357445 0.4361374566107213 1.058642254727628 0.07289350226936113 0.7268753705476916 0.9272231361500445 -0.003077186621582859 13175.84887478205 8.591914181643025e8
2350 130833.61234544101 56.061220898799185 0.037410162116348386 0.5051571870257684 1.087347870780336 0.06875571108576524 0.7824442796117812 0.9016884860723726 0.037410162116348386 0.5075227471262135 1.0811029461858914 0.06875571108576524 0.7795599845138412 0.916278111728173 -0.0034600236297142326 13175.84887478206 8.591914092091604e8
2400 133635.88941747055 56.04098203050402 0.03533876022290324 0.5829309611625831 1.1088044091237037 0.06668041209421759 0.8033083420945583 0.8488655321511317 0.03533876022290324 0.591722261807859 1.102189759172935 0.06668041209421759 0.80112942994147 0.8501769926832944 -0.003975591024725533 13175.84887478208 8.591913988083341e8
2450 136439.01853116293 56.09815685124838 0.0340659095845226 0.6642534873479133 1.122823353110215 0.06460071830434638 0.8100082704680004 0.8341703696887282 0.0340659095845226 0.6780127792379406 1.1153422968711026 0.06460071830434638 0.809933962009026 0.8189310888638609 -0.004485350187864083 13175.848874782081 8.591913869288826e8
2500 139195.35646850642 56.16298447382717 0.03376152916106632 0.7355965913876162 1.1311087345736959 0.06376826831924755 0.7981778098975264 0.8945694176148776 0.03376152916106632 0.7525506276129307 1.1221567541192357 0.06376826831924755 0.8011037729498705 0.8744516804657361 -0.004825605452277622 13175.848874782063 8.591913740465788e8
2550 141995.55147997313 55.86903912307773 0.034076687417847834 0.7878775711341005 1.1455869856590661 0.06402147170824125 0.726110762569234 1.0137453345816856 0.034076687417847834 0.8063578205489372 1.1351190886654339 0.06402147170824125 0.738291888043417 0.9810372314780441 -0.0049684797870793475 13175.84887478203 8.591913602976664e8
2600 144783.46631702737 55.6456336382501 0.034504660564364985 0.8117222203807151 1.1854562700467288 0.06447666351488704 0.6927136532846129 1.0284508258297416 0.034504660564364985 0.830041801090713 1.1751565684725565 0.06447666351488704 0.7341416369472649 1.017822603972947 -0.005004691490575711 13175.848874782047 8.591913463743213e8
2650 147546.01730059928 55.489660055906874 0.034662176435013264 0.8040246738707055 1.2638927231224315 0.06429596100915742 0.7043910163730203 1.0843295723347615 0.034662176435013264 0.8205322575806981 1.2570650560274315 0.06429596100915742 0.7316744282244672 1.0604870524382792 -0.004873721334531635 13175.848874782067 8.591913326718296e8
2700 150318.87499375994 55.44200336031326 0.034377104972102106 0.7659167999121298 1.3717771199822453 0.06310007514805428 0.7895729760465824 1.151801913280292 0.034377104972102106 0.7789597495355807 1.371015279890167 0.06310007514805428 0.7788361386783675 1.136591644160967 -0.00447373917852951 13175.848874782037 8.591913196573156e8
2750 153091.70007761772 55.48365156988563 0.03361860458412793 0.7033734265588616 1.4752538560531856 0.06179031851276979 0.8007125293477072 1.1139265584485625 0.03361860458412793 0.7114544029126159 1.4800112446309868 0.06179031851276979 0.8024771555160691 1.0973050604929093 -0.003937982102350143 13175.848874782076 8.591913079876091e8
2800 155853.54944317124 55.59890571738549 0.032461051162753406 0.6292731127315917 1.5405656183086938 0.06024719516815763 0.7802464160199382 1.090524248794272 0.032461051162753406 0.6313995932722836 1.547655508687104 0.06024719516815763 0.7933052918515526 1.08722272006773 -0.0034453435521267384 13175.84887478206 8.591912978152297e8
2850 158637.80715120875 55.77732172252808 0.03109146494267064 0.5642365689805279 1.5548873840858277 0.05789562590469879 0.7677091344800765 1.087562795892521 0.03109146494267064 0.5604556738597644 1.5607640326378018 0.05789562590469879 0.7861785646042 1.078014149265782 -0.0030742806353852513 13175.848874782052 8.591912887702016e8
2900 161432.32870015173 56.00628020439133 0.029950312902316378 0.5376120385840931 1.5240343644265069 0.0558147327226172 0.8042172523383332 0.9902817901649713 0.029950312902316378 0.5300097165304752 1.5263265385812514 0.0558147327226172 0.8147433209640487 0.982418402743249 -0.002844607192575747 13175.848874782048 8.591912805391886e8
2950 164215.80486075245 55.8048607524564 0.02970622778215095 0.5680229128665544 1.464347595016188 0.054530163870441524 0.8115323133222518 1.03259721831388 0.02970622778215095 0.5601008288211794 1.4622099762883556 0.054530163870441524 0.8268432030962853 1.0109280877377653 -0.002837228884318592 13175.8488747821 8.591912726939204e8
3000 166998.83840188882 55.53322330086342 0.03089958250465594 0.6435526413192852 1.392723190755087 0.05583741808938308 0.8073168185132076 1.103630472476987 0.03089958250465594 0.6373548626303218 1.38636101316218 0.05583741808938308 0.8252231035156208 1.0946532893835825 -0.003130724052470504 13175.848874782056 8.591912644669861e8
3050 169770.223054691 55.34121614895212 0.03344945777203467 0.7332951079096464 1.3243719154273077 0.0607154290021489 0.8394715368387908 1.176650800755261 0.03344945777203467 0.7285956877423276 1.3144989458380791 0.0607154290021489 0.8585681822286765 1.1755017568007615 -0.003760354641581272 13175.848874782052 8.591912549892876e8
3100 172534.53137093148 55.251865677380955 0.0366095940646561 0.8105755562082346 1.2720509033882177 0.06697872252201488 0.9361320628089904 1.2352326621442042 0.0366095940646561 0.8062698913009668 1.259423864913382 0.06697872252201488 0.9460691001474295 1.2391888635928492 -0.004576202050300911 13175.848874782043 8.59191243478643e8
3150 175286.6658897627 55.286440729906374 0.03939938489764198 0.8612258931254788 1.2468358278303362 0.07316311448165735 0.9453615919556821 1.200422027072266 0.03939938489764198 0.856573873562457 1.2320517472224188 0.07316311448165735 0.9521772629245479 1.1982716766775199 -0.005324779595483002 13175.848874782054 8.591912298168867e8
3200 178054.8931770705 55.46440986972684 0.04106268109389555 0.8839770445789323 1.2568668181350258 0.07669662755768221 0.9439365094839797 1.1560863251166595 0.04106268109389555 0.8791851124516611 1.2403528972699345 0.07669662755768221 0.9490006061937312 1.1386111797210947 -0.005847548395121242 13175.84887478207 8.59191214288226e8
3250 180836.00758027096 55.800684440788466 0.04121625383450805 0.8852025272179687 1.3056071647609035 0.07752865715099007 0.9360319393165166 1.0942518063516231 0.04121625383450805 0.881349164567047 1.2878034457762007 0.07752865715099007 0.9406303370921916 1.0809982723668685 -0.006055392731664129 13175.848874782081 8.591911976562835e8
3300 183622.73685690833 56.05151273376899 0.04000406480926602 0.8744278822260552 1.3883530029855422 0.07499944774194091 0.9073620175214554 1.0941359325739746 0.04000406480926602 0.8728742276530326 1.3698829889349895 0.07499944774194091 0.9187881329670294 1.058566469694662 -0.005923762130081872 13175.848874782076 8.591911808917472e8
3350 186430.63932138635 56.171243560373604 0.038070355271631204 0.8594170870001672 1.492573432813645 0.07183866984511128 0.9518855264647433 1.3016684620234706 0.038070355271631204 0.8611619500802367 1.474331841476324 0.07183866984511128 0.9867659979893577 1.283490321489064 -0.005528293993922037 13175.848874782056 8.591911647647226e8
3400 189235.4215175063 56.03184648584457 0.03640513020555941 0.8440235636306398 1.5977654578455016 0.06917279610387468 1.0113631647072427 1.4260781493996835 0.03640513020555941 0.8492437581946184 1.5809059527462037 0.06917279610387468 1.0415367458360905 1.4146265167995886 -0.00496886634048707 13175.84887478203 8.591911500149454e8
3450 191982.9343998894 55.94254012866608 0.03584983275021146 0.8278854253543143 1.6819384445857215 0.06777908558883526 1.0520754771459462 1.5282259139042897 0.03584983275021146 0.8357934685615823 1.6677405745902618 0.06777908558883526 1.082737367339973 1.5259613849041433 -0.004355155429539091 13175.848874782048 8.591911372053033e8
3500 194778.64114638566 55.89357902928967 0.03660157613302393 0.8065684063311704 1.735492830551046 0.06910589879265397 1.041966077140293 1.550033153324937 0.03660157613302393 0.8155867357921585 1.7254562920045644 0.06910589879265397 1.0828897466565421 1.5512334256958702 -0.003795903860714424 13175.848874782074 8.591911258397686e8
3550 197572.96899979966 55.88709812586889 0.038231030948389755 0.7754914809604055 1.756705863765064 0.07179498465877873 0.9493681167691556 1.4324956305163323 0.038231030948389755 0.7831254237494853 1.7521406069379348 0.07179498465877873 1.0089283148478576 1.4223357626098532 -0.003340367605003865 13175.84887478205 8.591911158823608e8
3600 200341.46314145986 55.92911390034898 0.04001578680615796 0.7320814778787781 1.7550953433771976 0.07462331833936192 0.8585086219364145 1.32447274535736 0.04001578680615796 0.7352285129098194 1.7564354090645686 0.07462331833936192 0.9149757781140986 1.30003088417102 -0.0029012721730769936 13175.848874782043 8.591911072424159e8
3650 203140.28827389533 56.03368820431569 0.04145447683680396 0.6779224263227769 1.7398200621540456 0.07679769654243383 0.919286890946829 1.2055880791274618 0.04145447683680396 0.6734261229731077 1.7462131652631334 0.07679769654243383 0.9260751165803272 1.1808263180070901 -0.002529161754725859 13175.848874782076 8.591910996746645e8
3700 205946.24666941326 56.22126533007779 0.04229704454588129 0.6261609373876273 1.7151593948707091 0.07772304051357296 0.9207423905495371 1.0204996248546123 0.04229704454588129 0.612907484396399 1.7243967433401088 0.07772304051357296 0.9364565443824385 1.0333085209513064 -0.0022715886573860204 13175.848874782083 8.591910929557455e8
3750 208714.41992275353 56.51179281946376 0.042570164341802164 0.6023801540046053 1.683152277151495 0.07774961450279136 0.8887281210960281 1.063533189993916 0.042570164341802164 0.5848882050629575 1.6924337854772422 0.07774961450279136 0.8956690164467095 1.0845977873525405 -0.002062431019597759 13175.848874782063 8.591910869665135e8
3800 211547.87977204396 56.69842743239261 0.04248037437446516 0.6307425537697304 1.6447278239314158 0.07778807837304554 0.8547862519108291 1.1525327127065437 0.04248037437446516 0.6192589091223446 1.6513737229555798 0.07778807837304554 0.8596680385388398 1.1577987442872018 -0.0019074796228010877 13175.848874782056 8.591910813595401e8
3850 214380.15710667724 56.60669823773427 0.04235222993171718 0.7087751005504794 1.6052551452874897 0.07865151358525174 0.8539721564227956 1.2663544292888052 0.04235222993171718 0.710808187464787 1.6072709386606792 0.07865151358525174 0.854439538573729 1.2841604523018137 -0.001835070205690798 13175.848874782056 8.59191076080317e8
3900 217188.16695745505 56.57706462764777 0.04263161893378754 0.8037033161914336 1.5715341960806455 0.07963631107362724 0.9596838328924502 1.321131691263839 0.04263161893378754 0.8183792525659268 1.5680291727453546 0.07963631107362724 1.00207809286014 1.3411979657917201 -0.001822402062154076 13175.848874782048 8.591910709513785e8
3950 220017.25126611718 56.592769274821926 0.04379878790533738 0.8852522109050245 1.5498090125062736 0.08132743775548133 1.0436208959608568 1.354146221523657 0.04379878790533738 0.9071726044723528 1.540974841750045 0.08132743775548133 1.0955076004677657 1.3448943241851248 -0.001840653829644126 13175.848874782052 8.591910657831813e8
4000 222840.7609213386 56.30434931985284 0.04612427133907739 0.9368839226633475 1.5459985085585535 0.08629457957390682 1.1049773417253903 1.3739807665702481 0.04612427133907739 0.9600480698585506 1.5331139895356758 0.08629457957390682 1.1578135657083988 1.3619371930106823 -0.0019407573191500306 13175.848874782057 8.591910604669206e8
4050 225593.30092423438 56.039935132964644 0.049344278228926376 0.9580592959020728 1.5629216757839741 0.09117055871528558 1.1438966065486367 1.3735796686922968 0.049344278228926376 0.9783354897117071 1.5479246344700368 0.09117055871528558 1.1875877886755069 1.361482401832953 -0.002111225394677886 13175.84887478206 8.591910549022895e8
4100 228390.82490532636 55.88509063388932 0.052970009673494384 0.9571622933626976 1.602135136660524 0.09721065341781483 1.0859412969815645 1.34814475275454 0.052970009673494384 0.9726022538414901 1.5869407008052057 0.09721065341781483 1.1152565249275015 1.3232341184309084 -0.002340151542442669 13175.84887478206 8.591910486906803e8
4150 231183.97901729294 55.86545517978921 0.05611054356811918 0.9422735620008945 1.6613492383285127 0.10314833660390403 0.9902558252309765 1.144698145495095 0.05611054356811918 0.9529065914094279 1.6474525051105324 0.10314833660390403 1.0028238228413375 1.1329962910185123 -0.002626048766102854 13175.848874782047 8.591910417639685e8
4200 233951.66927157986 55.993862530467254 0.05799496711275521 0.9203215482854105 1.7327202427735506 0.10677917021072689 0.9825848442501254 1.3253827243680998 0.05799496711275521 0.9274555506822704 1.7206833111663007 0.10677917021072689 1.0098022364374815 1.319559697896449 -0.0029096396154194054 13175.848874782036 8.591910340977044e8
4250 236757.91865022504 56.249796146255065 0.0581931743853867 0.8944976355629635 1.8046200751207273 0.10710193697238994 1.0644826458798755 1.5680271372406809 0.0581931743853867 0.8998704904365403 1.7940587957617367 0.10710193697238994 1.1000592309596746 1.5719119842427438 -0.0031990691066063523 13175.848874782068 8.591910255356014e8
4300 239566.53592194227 56.12414217956537 0.05663419936304442 0.8659984463603437 1.860460946584724 0.10391199644693419 1.0494432900300674 1.6231701870623267 0.05663419936304442 0.8711777233667398 1.8505107884852103 0.10391199644693419 1.0945942638905424 1.6161879744548782 -0.0035349073042922007 13175.848874782054 8.591910160857116e8
4350 242369.1384698548 56.1482144354036 0.053754266282964445 0.8337316907872361 1.8906103185881804 0.09852425381444192 1.0120959846929491 1.6389536460887615 0.053754266282964445 0.8393920638717495 1.8808449864041024 0.09852425381444192 1.0625236800923803 1.617279963879768 -0.0038396556809340574 13175.848874782052 8.591910057319825e8
4400 245179.3656031309 56.191252169521434 0.050323959991433985 0.7957495291582499 1.8959044111236363 0.09223216850124007 0.9572521085841154 1.6279288759029376 0.050323959991433985 0.8011365867213018 1.8867793344693964 0.09223216850124007 1.007969852798335 1.615902283214141 -0.004065576329097547 13175.848874782043 8.591909946114095e8
4450 247978.4087675797 55.78941728605622 0.04725838332304626 0.7531016415383295 1.883469005792526 0.08696843631853245 0.8742253469473144 1.4852994524727259 0.04725838332304626 0.7557529014420913 1.8760104532887234 0.08696843631853245 0.9205958045661049 1.4713484406271606 -0.004264015503771921 13175.84887478208 8.591909829484767e8
4500 250726.4344582545 55.472720380393994 0.04522200163990349 0.7146681604347647 1.861489737904795 0.08282409510809662 0.8553299943173819 1.3146178919328955 0.04522200163990349 0.7110674160485494 1.8566232987258775 0.08282409510809662 0.8641386279899788 1.3091533906286008 -0.004390448106801697 13175.848874782041 8.591909710301034e8
4550 253494.2171186841 55.263761143255685 0.044285531672589515 0.6985706443277232 1.8345288757350415 0.08072170152874641 0.9121672157584221 1.2038195660291795 0.044285531672589515 0.6863599971521035 1.8326686666150154 0.08072170152874641 0.9275010650024936 1.2201476351292815 -0.004374040028943898 13175.84887478208 8.59190958866278e8
4600 256254.97402669408 55.192741134439 0.044138706337598206 0.7279350366611391 1.805148863302446 0.07996402440396892 1.0130555191302186 1.2127222793178531 0.044138706337598206 0.7101067249770344 1.8058251355144175 0.07996402440396892 1.0163976297164936 1.210122294435807 -0.004239797494420445 13175.848874782077 8.591909469563652e8
4650 259016.11065664762 55.27802357837866 0.04426269545457436 0.807283327441831 1.774524942397707 0.07997304605546056 1.1043820306914913 1.3188236671921802 0.04426269545457436 0.7916534423747503 1.7763629363870577 0.07997304605546056 1.1129034028077687 1.3191608841395068 -0.00401411073652406 13175.848874782054 8.591909355356238e8
4700 261748.25144146735 55.521805449715124 0.0442227760185281 0.912585899112379 1.745448884622769 0.0800133584120086 1.09711625505399 1.3542094933919664 0.0442227760185281 0.9053404188100473 1.7463517922845782 0.0800133584120086 1.1133938539438262 1.3474464285972374 -0.003687290775577722 13175.848874782077 8.59190924999998e8
4750 264523.9201607153 55.411641567326264 0.04376272921935419 1.014635294644142 1.7231888868953837 0.07935582605404369 1.0828692646379399 1.3969265182586783 0.04376272921935419 1.0174495558653576 1.7206708844408438 0.07935582605404369 1.118128402142232 1.3802327482554266 -0.0033784449108167293 13175.848874782057 8.591909152186795e8
4800 267290.72848839185 55.28727251294316 0.04281927679154616 1.0884069932633358 1.7186775956526195 0.07805472293006224 1.1858498868336393 1.4569945256603731 0.04281927679154616 1.0993201918800997 1.7106455784890093 0.07805472293006224 1.2240151064906304 1.4393325511170647 -0.0032017802335275306 13175.84887478208 8.591909061472971e8
4850 270051.5058723272 55.3105450018845 0.04152908319021495 1.125407444035804 1.743694452265414 0.0762686775368599 1.2496653338140618 1.5365723265600004 0.04152908319021495 1.141078945476676 1.7294792767498335 0.0762686775368599 1.2896629908364727 1.4984622453704115 -0.0031617349288925256 13175.848874782068 8.591908973957306e8
4900 272820.81258841895 55.482671748019996 0.040254604482058344 1.1280440642668983 1.804252659103815 0.07436471433991661 1.2250444415912431 1.528385681300238 0.040254604482058344 1.14502701814463 1.7853698254816552 0.07436471433991661 1.2668845176938628 1.5039213241385954 -0.003270868288876754 13175.848874782092 8.591908885216607e8
4950 275602.34954068175 55.794465343153206 0.03960004972453602 1.1045037510614357 1.8906911834981004 0.0738997613850293 1.1857544042985813 1.4309633244267221 0.03960004972453602 1.1197499178339512 1.8704116524512606 0.0738997613850293 1.224272655893915 1.4202172817256502 -0.0034894206451094446 13175.848874782076 8.591908791369816e8
5000 278373.9351202077 55.64252574366253 0.04021409494720301 1.0657110592052488 1.9738791665100355 0.07521694917240496 1.1557859028901383 1.440650033624547 0.04021409494720301 1.07682687617449 1.9552861049767325 0.07521694917240496 1.190120424709744 1.4386487168619273 -0.003782011884044072 13175.848874782097 8.591908690804638e8
5050 281152.24895584106 55.50584041903884 0.04237205048056782 1.0214829950690794 2.0210115855348114 0.07916882824394128 1.187118160412635 1.6016364537224241 0.04237205048056782 1.0268003138455648 2.0052420888622575 0.07916882824394128 1.2283297043268344 1.6064209744557463 -0.004189926792751383 13175.84887478203 8.591908580368087e8
5100 283926.0123620339 55.46407241496728 0.045681107694234474 0.979038987747732 2.016110408510396 0.08475314394280739 1.1483019480033931 1.671682106026404 0.045681107694234474 0.9777265159747186 2.002439877059007 0.08475314394280739 1.1957613468042974 1.654686284729365 -0.00469518403227227 13175.848874782032 8.591908457242389e8
5150 286674.2463177358 55.50273466021679 0.04923040127750019 0.9413873325340597 1.9709560956276038 0.09123925796014043 1.1064411369086886 1.745435563974156 0.04923040127750019 0.9335045556897547 1.958176701896349 0.09123925796014043 1.151977473554315 1.712952061422765 -0.005170455027714163 13175.848874782077 8.591908321501797e8
5200 289439.1483498355 55.127593224305365 0.05213112767220858 0.9062658316174841 1.9111427646641679 0.09616182865631184 1.0648216663861931 1.751741182261739 0.05213112767220858 0.8925187997782454 1.8985453013128084 0.09616182865631184 1.097584346778801 1.6988896527035704 -0.005563526710012416 13175.848874782043 8.591908172893326e8
5250 292189.60597904347 54.92529864754755 0.05368370722948609 0.8693601942560523 1.861199352114407 0.09816682589162372 1.0965251082096208 1.6005728503605539 0.05368370722948609 0.8510207196221399 1.8486714599635814 0.09816682589162372 1.0877578196028497 1.5677241398923458 -0.005813100182377288 13175.848874782083 8.591908015963681e8
5300 294912.8948133371 54.910444891453096 0.05369247444541883 0.8261614508306863 1.833731854867574 0.09807358107079583 1.0758080439708078 1.4403293621297357 0.05369247444541883 0.8046471818968571 1.8215604234400486 0.09807358107079583 1.0732877400035181 1.422974741365696 -0.005795336818350434 13175.848874782072 8.591907857206951e8
5350 297662.021333934 55.081159121749096 0.0524168188480375 0.7758093694987781 1.8298400849947556 0.09515015365109976 1.0428573021605 1.2664792395826505 0.0524168188480375 0.7524840838852451 1.8185420778541126 0.09515015365109976 1.0465430511069496 1.260150008326411 -0.005488307457558777 13175.848874782017 8.59190770152065e8
5400 300424.05066116294 55.418450189637774 0.05050198363965694 0.729249008685072 1.8444196800105375 0.09129355832259153 0.9994780585987177 1.2989880909174398 0.05050198363965694 0.7060410626791653 1.8345925216986732 0.09129355832259153 1.0083056610141699 1.2949705199998829 -0.004964298595896278 13175.848874782063 8.591907556746826e8
5450 303181.4223190178 55.88231280079897 0.048812242228645435 0.710189812768727 1.8684639060542751 0.08922259420514615 0.9564604114977067 1.4410068928016333 0.048812242228645435 0.6905077434482179 1.8605936897569246 0.08922259420514615 0.9745287628088869 1.4447639027709014 -0.004274746546249002 13175.848874782056 8.591907429045093e8
5500 305989.20153615816 56.369232819718064 0.04803019124564441 0.7419391175477014 1.892626606620763 0.08825397755108064 0.9333798370493266 1.516224303395867 0.04803019124564441 0.730058835034397 1.8869298436165047 0.08825397755108064 0.9426370593307324 1.5158672573101502 -0.0034947359583421705 13175.848874782061 8.591907319985969e8
5550 308808.87203820585 56.42853241865752 0.048403890723489565 0.8244968046089345 1.9072006551768765 0.0892867777727876 0.9762566936278679 1.5635860142877698 0.048403890723489565 0.8225033481850887 1.9033328687049702 0.0892867777727876 1.0111547113398573 1.5568315512879822 -0.002796150143928612 13175.848874782094 8.591907231630101e8
5600 311605.50912541174 56.567060362996585 0.04958396296993823 0.9314519451660417 1.9054647225678747 0.09188923391567051 1.1245391980366282 1.6016757195087874 0.04958396296993823 0.9385266877661583 1.902378558823313 0.09188923391567051 1.149597156819482 1.5745786518760299 -0.0022756196671639044 13175.848874782057 8.591907161200943e8
5650 314426.10849646357 56.23820972616147 0.051007861455219725 1.035990351395453 1.8864597599204609 0.09469550069203997 1.1802386112863588 1.6277670892370248 0.051007861455219725 1.050315045327605 1.882469769544373 0.09469550069203997 1.2028804054737214 1.5752852463307356 -0.001990612548966905 13175.848874782023 8.591907101597205e8
5700 317230.16872307006 55.94527475323389 0.052161632494811414 1.116321512412305 1.8589185597161912 0.09577510205024592 1.1792594116698178 1.4903783230286194 0.052161632494811414 1.1358469444389487 1.8522464248834822 0.09577510205024592 1.2059377004541747 1.4783664622601784 -0.0018939166828886946 13175.848874782052 8.591907047476728e8
5750 320014.6195555681 55.76399226367548 0.052776545671732615 1.1614116746551195 1.8410674861810707 0.09747253818892072 1.1495256166810093 1.377298554385508 0.052776545671732615 1.1842219456714058 1.8311607359611013 0.09747253818892072 1.1774328283469253 1.37315739403204 -0.0019173608762325883 13175.848874782061 8.591906994579816e8
5800 322801.28719485184 55.730878599880924 0.052797143689168345 1.1671247961589026 1.8501007907726137 0.09820345217950147 1.1726051079844342 1.3509604157607213 0.052797143689168345 1.1913931404432263 1.8386558050632196 0.09820345217950147 1.1951657570456276 1.3753365117871017 -0.001940386146443664 13175.848874782063 8.59190694074455e8
5850 325590.702875436 55.87355197416138 0.05233011661418802 1.1336275355866048 1.8857366004592613 0.0976650707394113 1.228463729383504 1.4004374224731202 0.05233011661418802 1.1574681840149414 1.8756459604374942 0.0976650707394113 1.262199003870983 1.4263184794399166 -0.0019748331517457315 13175.84887478207 8.591906886251926e8
5900 328376.1982313594 56.19823135944469 0.051652327496897056 1.0657855839218853 1.9271187849091336 0.09625057224942339 1.2449015199325892 1.5204502263098993 0.051652327496897056 1.087166138661669 1.9200010950645527 0.09625057224942339 1.2874300942725923 1.5103545774220712 -0.0020179432588415614 13175.848874782047 8.591906830589612e8
5950 331198.14261902485 56.69618100810693 0.05118984581914492 0.9713611506412324 1.9513206093153344 0.09503173137180787 1.237974056651848 1.6547059384099243 0.05118984581914492 0.9879492421491216 1.9468070720510509 0.09503173137180787 1.2853455698632055 1.634673295816172 -0.0020884974212756775 13175.84887478207 8.591906772833579e8
6000 334041.86761495966 56.970774054084565 0.05145389643236099 0.8642131200092845 1.9470709361585896 0.09545663102174563 1.2046938544850365 1.6618970591114615 0.05145389643236099 0.8733897212213108 1.9437544172130357 0.09545663102174563 1.2529791905655854 1.6197932996334836 -0.0022166006396965895 13175.848874782052 8.591906711671627e8
6050 336892.6463976937 56.945033934163206 0.052760174807533665 0.7631653693730375 1.9177682541127936 0.09728100324524577 1.059383957031201 1.6040725553371442 0.052760174807533665 0.7623565100122746 1.9142846636105337 0.09728100324524577 1.1091696998337022 1.5951618979877775 -0.002388190087391125 13175.848874782077 8.591906646249648e8
6100 339685.41984840174 56.552149388586116 0.054897610727740444 0.6890956739567133 1.8765017575899534 0.10112477659151459 0.9088971357982872 1.537820862353782 0.054897610727740444 0.6770921013863811 1.8720172486405962 0.10112477659151459 0.9564748498097977 1.5386935662288355 -0.002683160461254548 13175.84887478209 8.591906575764309e8
6150 342499.3547866356 56.04132149724052 0.05728704285291769 0.6513886844379521 1.8367715524108434 0.10517480128988851 0.8714404191072925 1.4354100001142585 0.05728704285291769 0.6294179568722672 1.8309785109170789 0.10517480128988851 0.8710158840227307 1.4386321336765797 -0.0030725453212524837 13175.84887478205 8.591906494825768e8
6200 345291.90130811423 55.69628767975431 0.05906307683211547 0.6485356641866118 1.8126026438730922 0.10742800572811126 0.9194856425711785 1.2748941910443463 0.05906307683211547 0.6209482098313783 1.8056780819142755 0.10742800572811126 0.9128247405591999 1.2775062510355129 -0.0033798587455532714 13175.84887478205 8.591906404356555e8
6250 348045.69254716794 55.52387582400013 0.05953260716683824 0.6677169880093338 1.8134984608699356 0.1074770085621652 0.9359080661887698 1.2038412379804448 0.05953260716683824 0.6396534477164011 1.805964501485196 0.1074770085621652 0.9269672058588556 1.2069325186111128 -0.0035473198053657786 13175.848874782047 8.59190630882586e8
6300 350820.83381666645 55.5063567608139 0.05834971195267164 0.6990019514587368 1.843635183913546 0.10507994302415671 0.9560465345171327 1.3870369985797641 0.05834971195267164 0.6745841596726704 1.83617072778165 0.10507994302415671 0.9462815121412551 1.3720995423003322 -0.003751530003990669 13175.848874782094 8.591906207806572e8
6350 353598.5648694522 55.620056473582196 0.055571283919516254 0.7393737258356441 1.8998820210559946 0.10061519793703866 0.9624933224229084 1.5687198058858987 0.055571283919516254 0.7212983654460455 1.893103959260746 0.10061519793703866 1.0066203419816537 1.5405205777002913 -0.004017177902171492 13175.848874782076 8.591906099859902e8
6400 356358.3494673052 55.834030466233585 0.05173013178696084 0.7902799451393479 1.9689338600710309 0.09396038867813736 1.092680533970139 1.732941228117904 0.05173013178696084 0.779816146368837 1.9630671882934607 0.09396038867813736 1.1374433622828823 1.6869757153554241 -0.0041913166369157194 13175.84887478207 8.591905986300527e8
6450 359157.2589983279 56.12775891051923 0.04756654010989995 0.8546870961035523 2.0297485076721613 0.08714411531035471 1.166209474011797 1.7643478507382095 0.04756654010989995 0.8520959335026912 2.0242953433183533 0.08714411531035471 1.2040776867620628 1.7338721034204305 -0.004245476626769175 13175.848874782063 8.59190586794891e8
6500 361972.3349028106 56.44066087990192 0.04403296853586793 0.930727778460492 2.0531381994375675 0.08104157219762755 1.2266992407316686 1.7031915831667723 0.04403296853586793 0.9353039933070603 2.0465914494501796 0.08104157219762755 1.2606183068896981 1.692707916393406 -0.004192447738238081 13175.848874782077 8.591905749015399e8
6550 364740.48898813577 56.350682029245334 0.04182486559703391 1.0104505237417827 2.0184383413857314 0.07787906488401355 1.2720064249631564 1.6561299865234658 0.04182486559703391 1.0207547767921101 2.00875515120921 0.07787906488401355 1.3043663595853272 1.6596208399235657 -0.004108029919665128 13175.848874782041 8.591905634054995e8
6600 367548.92695675493 55.91509451072244 0.04093694774296993 1.0865470665162333 1.9281188960720073 0.0764774761199239 1.2481518032609706 1.5006009861472018 0.04093694774296993 1.1009590319943252 1.9140608455611916 0.0764774761199239 1.2820689211309149 1.5047715193759181 -0.003920654040001358 13175.848874782063 8.591905520977317e8
6650 370332.99032276287 55.48089361055749 0.04097086384666378 1.1455314783409383 1.816477531985396 0.07689311443674275 1.1531962324237401 1.3096376962376801 0.04097086384666378 1.162080327174023 1.7994534002059202 0.07689311443674275 1.185347595620963 1.3269925331896921 -0.003648675517611011 13175.848874782067 8.59190541552284e8
6700 373067.4787869844 55.20555968460278 0.041321573530981114 1.1762469193792737 1.7264862665235674 0.07806038560425141 1.1246341803555784 1.3895165690215905 0.041321573530981114 1.1928009886063484 1.710041474326816 0.07806038560425141 1.1537785558429965 1.3665169487211537 -0.0033399842874144957 13175.848874782025 8.591905319933215e8
6750 375824.11071585445 55.088908090197464 0.04154255258941202 1.1708185314249553 1.6794292101345356 0.07877620567020843 1.1786813853896605 1.46365384975091 0.04154255258941202 1.1850078332118947 1.6667964683487755 0.07877620567020843 1.203977082095225 1.4208830714462648 -0.0031769108728251175 13175.848874782016 8.591905230819176e8
6800 378578.9139112984 55.126859209889005 0.04138172639856215 1.1243561188525732 1.674679000982225 0.07875039777439781 1.1561018038965745 1.43053679396935 0.04138172639856215 1.1335505533280006 1.6668588474348867 0.07875039777439781 1.1785461992950066 1.4047394545578444 -0.0033058024924790172 13175.848874782057 8.59190514204138e8
6850 381320.356491955 55.29830090950781 0.040794360748907355 1.0403387791879484 1.6962030926121037 0.07801511548433643 1.0736801915911993 1.4288559669667513 0.040794360748907355 1.0420370953000666 1.6920843155812555 0.07801511548433643 1.094602309371491 1.4116403051742274 -0.003611509853100217 13175.84887478205 8.591905047585479e8
6900 384092.0616000178 55.580366948761935 0.03992898025689487 0.9310832391158855 1.7279448307314267 0.07653597176251843 1.0645421861659936 1.4336553682437476 0.03992898025689487 0.9237051203435185 1.7255535426705113 0.07653597176251843 1.0891098342651746 1.4270432187603734 -0.004036050321096483 13175.848874782057 8.591904941722658e8
6950 386872.2047864874 55.539043952124736 0.03919583271655579 0.8236221812035696 1.758808243844386 0.07533701137729112 1.0725349108595714 1.434551788067695 0.03919583271655579 0.8083121535639682 1.7561738907496054 0.07533701137729112 1.0897618568614393 1.4365336854065798 -0.004491491429408667 13175.84887478206 8.591904823268789e8
7000 389632.0758383297 55.46717560779903 0.039210143323128485 0.7505616212580772 1.783655089955126 0.07477144842615555 1.0135393104244173 1.3547868033726855 0.039210143323128485 0.7320428631453517 1.7793618823425057 0.07477144842615555 1.025210427645588 1.3553256634591413 -0.00500056530049806 13175.848874782017 8.591904692415723e8
7050 392405.5502042637 55.484496473743754 0.04052843268083247 0.7279166671846639 1.802209362645673 0.07649009606268885 0.9283134370920211 1.2239618911779158 0.04052843268083247 0.7117073214004487 1.7955576484174829 0.07649009606268885 0.95038488379035 1.2176440080380893 -0.005515591757109529 13175.848874782054 8.591904546431029e8
7100 395181.724323663 55.5708890518 0.04325311105098819 0.7458180796459651 1.8158245081359368 0.08060863373049189 0.9111762062875931 1.2562998759006925 0.04325311105098819 0.734065023063146 1.80688358706398 0.08060863373049189 0.9258264010410979 1.2503557303780182 -0.005873862413727137 13175.84887478208 8.591904387771741e8
7150 397941.2865527082 55.711645570221656 0.04681380158227653 0.7808400472191939 1.8263284858635813 0.08550503998040719 0.9635995155277539 1.423922188411242 0.04681380158227653 0.7724521690256375 1.8158237494443663 0.08550503998040719 0.9660985062353074 1.4025350602131827 -0.005968601730808566 13175.84887478209 8.591904223823777e8
7200 400726.1989004397 55.58571195242653 0.05033726699072135 0.8171298633268788 1.8348668220399704 0.09158078643821334 0.955837294743214 1.6040762005111813 0.05033726699072135 0.8106405181730951 1.8238363770512984 0.09158078643821334 0.950212541396085 1.5526014033691675 -0.005901870116175848 13175.848874782037 8.59190405830392e8
7250 403500.44502154144 55.414218425567825 0.052880084330260785 0.8484314021738063 1.839863808163626 0.09558303597796629 0.9276618863605364 1.6046946127732582 0.052880084330260785 0.8434210696208484 1.8291683840677848 0.09558303597796629 0.9257938452624446 1.578852575856171 -0.005706118278026619 13175.848874782043 8.591903896828105e8
7300 406246.23254784266 55.412556060910084 0.05388213793221223 0.8750423170949617 1.8360314547827503 0.09721606226072203 0.9661785273990202 1.5947638462265348 0.05388213793221223 0.8722604802766439 1.8257325526594845 0.09721606226072203 0.9786813062656797 1.5867778949319735 -0.005255387448916738 13175.848874782034 8.591903745688031e8
7350 409020.717062047 55.59435365742924 0.05324228961448173 0.8998448075859223 1.8147825134328777 0.09661917100115601 1.0126290238950801 1.579648444688235 0.05324228961448173 0.9008048310923163 1.8039256783414395 0.09661917100115601 1.0195181060900622 1.5820098419515989 -0.004601660438986902 13175.848874782041 8.591903608735855e8
7400 411806.2301803832 55.705372322241594 0.05127070310770966 0.9243979811730701 1.7698240340189204 0.09399354027113051 0.9699184676425785 1.3891964262016248 0.05127070310770966 0.9307196171011901 1.7570290565060473 0.09399354027113051 0.9777041933734224 1.381870670177655 -0.003940771618733097 13175.848874782032 8.591903489901086e8
7450 414588.63561160775 55.61537839862481 0.04868475088935639 0.9480723927894978 1.7047383317833154 0.09021743424504604 1.021804832464711 1.2003993598767952 0.04868475088935639 0.9608276402297156 1.6894366648273123 0.09021743424504604 1.0474061163894182 1.1858056920293998 -0.0033425560650120244 13175.848874782037 8.591903388682538e8
7500 417334.357623549 55.651211540054966 0.04636312853543635 0.9666385229167159 1.633773190605429 0.08615374734882963 1.118725931556227 1.305430086532723 0.04636312853543635 0.9857530776090072 1.616960331537777 0.08615374734882963 1.1367648655824878 1.2873509030153696 -0.0027903682335295625 13175.848874782043 8.591903304607794e8
7550 420120.12979642436 55.792521884427146 0.04489341154448278 0.9725969566838452 1.5714347955295696 0.08393524106385145 1.1973846750190082 1.3487516107774662 0.04489341154448278 0.9966910023789172 1.555382516697846 0.08393524106385145 1.216737353064252 1.3133973645722838 -0.0023297352451956614 13175.848874782043 8.591903233580822e8
7600 422915.1616847216 56.01602310431745 0.044496616064744206 0.9546709461323507 1.5315891149886198 0.08153891617657583 1.1569792766854254 1.327015952234313 0.044496616064744206 0.98050828865391 1.5190543467080295 0.08153891617657583 1.1825463898060764 1.3039494477453115 -0.001979969501675778 13175.848874782047 8.591903173634534e8
7650 425719.4883585816 56.29900865577426 0.04488747156743336 0.9027020237763111 1.5199805510393933 0.08348913141262868 1.0965719357457109 1.2826993053108882 0.04488747156743336 0.9253297552727673 1.513089319567257 0.08348913141262868 1.12525332717195 1.2700283881752044 -0.001824076077946028 13175.848874782052 8.591903120872762e8
7700 428535.580785447 56.26604097593578 0.04556757506779931 0.8137272628128197 1.5347593382480782 0.08550760483966198 1.016998883256485 1.2260650134296933 0.04556757506779931 0.8273243124869886 1.5342075721926756 0.08550760483966198 1.0458413420611272 1.2270400020146306 -0.0018565286440929993 13175.848874782025 8.591903069324174e8
7750 431347.416473015 56.23154875569193 0.04608681001415913 0.6998795748510297 1.5686228414249952 0.08668723997294892 0.9038161479820038 1.1880113005088087 0.04608681001415913 0.6999661663049638 1.5734783657395126 0.08668723997294892 0.9322298698823415 1.1899434453480873 -0.001991909679385656 13175.848874782048 8.591903015429096e8
7762 432000.0 33.97242398234084 0.046150859774422764 0.6726572731267741 1.5782543541604404 0.08700314108381589 0.8610605370453751 1.1641929083977862 0.046150859774422764 0.6693864611779082 1.584096165676621 0.08700314108381589 0.8914226362845994 1.1671587676296225 -0.0020321263203495654 13175.84887478205 8.591903002299281e8
