#timestep time dt l2_h l2_h_vcon1 l2_h_vcon2 linf_h linf_h_vcon1 linf_h_vcon2 dsdu_ut entropy h_squared 
0 0.0 100.0 0.0 0.0 0.0 0.0 0.0 0.0 1.1786984231363325e-11 7.387780849075294e8 1.0400221015647152e8
200 2639.7481991792306 13.177440024105639 7.423206287201752e-5 4.133387002193758e-8 5.984662738270478e-8 0.00047745217170813703 5.485857277331974e-7 3.87777909338638e-7 -1.820501132953166e-10 7.38778084907524e8 1.0400221015647125e8
400 5272.27829496054 13.151421880484783 7.169605645292591e-5 6.313161345945585e-8 6.285683803995374e-8 0.0004883065157628153 7.545261877517362e-7 4.391851209373243e-7 -1.7341143938713473e-10 7.387780849075124e8 1.0400221015647486e8
600 7901.439514869549 13.140211244315635 7.104524770348099e-5 8.425384698764917e-8 7.172782054885441e-8 0.00042373275482532335 9.2056261991047e-7 4.887196240824232e-7 -1.7638878033719156e-10 7.387780849075271e8 1.040022101564782e8
800 10529.25636706542 13.141437693005628 7.021031446574363e-5 1.0301343722668267e-7 8.012698597265778e-8 0.00041453593667029054 1.0528010954136136e-6 6.182349824856992e-7 -1.7436312796011656e-10 7.387780849075189e8 1.040022101564838e8
1000 13157.17154552868 13.138815804714515 7.014383831883369e-5 1.1874695607509605e-7 8.853226338543564e-8 0.00040827952625477337 1.1427384296602838e-6 6.917982352527829e-7 -1.7102462618663791e-10 7.387780849075186e8 1.0400221015648781e8
1200 15785.93315721362 13.148782784093138 7.028263441376358e-5 1.3111334193187024e-7 9.6151139921247e-8 0.0004200973635306582 1.1901340708497798e-6 6.734710401024024e-7 -1.7369972842673134e-10 7.387780849075208e8 1.0400221015648897e8
1400 18417.55668512389 13.17079926987931 7.059622928378277e-5 1.4036373953452682e-7 1.027719090114559e-7 0.00042597387573550805 1.2140460690091004e-6 6.285325619970195e-7 -1.7605226811130942e-10 7.387780849075137e8 1.0400221015649426e8
1600 21055.637205435094 13.213080437279928 7.087351489002421e-5 1.4708380749334138e-7 1.0827927023956972e-7 0.0004250541333021829 1.2003360081447312e-6 6.569086148378034e-7 -1.769797914864315e-10 7.38778084907523e8 1.0400221015649337e8
1800 23696.75648508615 13.184435394570764 7.093688662182702e-5 1.5207595202007265e-7 1.1299794658041605e-7 0.0004387598851280927 1.1569525661947466e-6 7.632558968184711e-7 -1.7476914444492505e-10 7.387780849075229e8 1.0400221015649158e8
2000 26330.310010469093 13.154651764096153 7.087714418497295e-5 1.5630240243274185e-7 1.1703326517752099e-7 0.0004356540143817256 1.0978351239199213e-6 7.888716346826641e-7 -1.7923255795569099e-10 7.387780849075259e8 1.0400221015648839e8
2200 28959.90429988797 13.14225711049771 7.057850890697923e-5 1.6043885434728914e-7 1.2033867497877175e-7 0.0004258955477780546 1.0932940190944151e-6 7.351406058342391e-7 -1.8113829370920175e-10 7.387780849075156e8 1.0400221015648538e8
2400 31587.74470312165 13.139643171448311 7.033452718938093e-5 1.6454466225435241e-7 1.2293788821485404e-7 0.0004107839440621319 1.0813546011956277e-6 7.166745625841742e-7 -1.79788363369481e-10 7.387780849075136e8 1.0400221015648007e8
2600 34215.7348573221 13.13821633081831 7.036440756523252e-5 1.6815677957095546e-7 1.2491437612448588e-7 0.0004113049699299154 1.070236253619683e-6 7.837937308075027e-7 -1.8260437266770462e-10 7.387780849075273e8 1.0400221015647845e8
2800 36844.15120312574 13.147009859032131 7.061349600734351e-5 1.7072302091326495e-7 1.263611558239368e-7 0.0004237272728460084 1.0288482192866155e-6 8.391960152343003e-7 -1.824758816824914e-10 7.387780849075199e8 1.0400221015647556e8
3000 39475.03391972885 13.165204816367629 7.104244427833533e-5 1.7217754929776099e-7 1.2732783503277382e-7 0.0004330871033744188 1.0386722890665112e-6 8.56258172365898e-7 -1.841407652206375e-10 7.387780849075212e8 1.0400221015647297e8
3200 42111.6256981706 13.203843807857831 7.139941762792093e-5 1.7298527841961643e-7 1.2786335514172693e-7 0.0004293543156563828 1.0136308350450207e-6 8.532312862907787e-7 -1.8563856907793485e-10 7.387780849075108e8 1.0400221015647472e8
3400 44745.09975288213 13.192241037974597 7.158090993484479e-5 1.7381550050638807e-7 1.27894544935518e-7 0.0004277071211618022 9.945392382970653e-7 8.700413578477395e-7 -1.8749358711136635e-10 7.387780849075153e8 1.0400221015647393e8
3600 47379.83589706835 13.158659838671813 7.147101208523247e-5 1.7534087210479899e-7 1.2741112100737773e-7 0.0004320897842262639 9.77822650849447e-7 8.64901745778468e-7 -1.8520342225835639e-10 7.387780849075242e8 1.0400221015647773e8
3800 50009.91550036643 13.145057681898297 7.115814314623242e-5 1.7789752032826497e-7 1.264707448399008e-7 0.00042893623731288244 1.0002327164304603e-6 8.402621478609262e-7 -1.870652643637048e-10 7.387780849075146e8 1.0400221015648113e8
4000 52637.92460687066 13.13854243968023 7.076915672153798e-5 1.8123454706463792e-7 1.2526793212038726e-7 0.0004191336765870801 1.0453005954147443e-6 8.247144707151932e-7 -1.8994924312687106e-10 7.387780849075116e8 1.0400221015648356e8
4200 55265.94596378637 13.138331188471168 7.050274736503631e-5 1.8436002819852815e-7 1.2419461808240738e-7 0.000406582613777573 1.0643065209148261e-6 8.167417691051782e-7 -1.8711188036570801e-10 7.387780849075131e8 1.0400221015648876e8
4400 57894.055155077556 13.145938616304589 7.061565598309952e-5 1.8627124468988255e-7 1.235540375784853e-7 0.0004198723104309465 1.06450664127955e-6 7.582328078736822e-7 -1.9016481258174964e-10 7.387780849075222e8 1.0400221015648912e8
4600 60524.32873433024 13.160223134302624 7.08510275273675e-5 1.86661691218686e-7 1.2320505994105024e-7 0.0004368537720438326 1.051338087032505e-6 8.083927830471183e-7 -1.9017022187202912e-10 7.387780849075108e8 1.0400221015649028e8
4800 63159.54406836326 13.195115473719916 7.103215075935707e-5 1.8598157586383035e-7 1.2287334074873867e-7 0.000429490184160386 1.021959582958587e-6 8.422066557489671e-7 -1.870162773102023e-10 7.387780849075171e8 1.0400221015649082e8
5000 65801.5398214097 13.200582746504644 7.128498252780588e-5 1.8493129140810002e-7 1.2258129309023596e-7 0.00045955378664075397 9.736822950134894e-7 8.565968909746147e-7 -1.908044097063418e-10 7.387780849075176e8 1.040022101564896e8
5200 68437.57617395348 13.163304734434917 7.115421452716841e-5 1.8417033493987362e-7 1.2244278727191513e-7 0.0004343131395216915 9.798076578970694e-7 8.76258374304939e-7 -1.868424252476994e-10 7.387780849075123e8 1.0400221015649064e8
5400 71068.20300952138 13.146533292503902 7.090628899080407e-5 1.8428468677295312e-7 1.2235263484917933e-7 0.000427180859787768 9.759064796277528e-7 8.99247300290007e-7 -1.8729617721159164e-10 7.387780849075204e8 1.0400221015648572e8
5600 73696.49380101032 13.138173371724662 7.050240016819858e-5 1.8543944643125793e-7 1.221714642451728e-7 0.00040399395948043093 1.0122997721184746e-6 8.741753028118637e-7 -1.8708992169594163e-10 7.387780849074966e8 1.0400221015648316e8
5800 76324.50156965027 13.139157064438217 7.03048878736499e-5 1.8720010589186017e-7 1.2185532000921386e-7 0.0004000778244517278 9.869625801073312e-7 8.772644812804486e-7 -1.8606702392293468e-10 7.387780849075106e8 1.0400221015648128e8
6000 78952.39065758575 13.143194729632071 7.033610056261909e-5 1.8883910711272728e-7 1.214067095515351e-7 0.0004153294257775997 1.0267155774457137e-6 9.320910663301873e-7 -1.8633606982636276e-10 7.387780849075164e8 1.0400221015647928e8
6200 81582.16957925716 13.156029496504452 7.065459096883973e-5 1.8990577895875246e-7 1.208392798124918e-7 0.0004281111855561903 1.0696560767131658e-6 9.366810191924202e-7 -1.8464005534883083e-10 7.387780849075055e8 1.0400221015647495e8
6400 84216.16910166555 13.187201625240235 7.084650425376009e-5 1.9048330814289838e-7 1.2020820422401532e-7 0.000436391413131787 1.0599140105593818e-6 7.9098295913127e-7 -1.870612985718754e-10 7.387780849075181e8 1.0400221015647408e8
6600 86849.27661276131 13.209740169647203 7.115507095938979e-5 1.9102870176898184e-7 1.1955423868184511e-7 0.0004226889818710333 9.792652311269023e-7 8.595353162554886e-7 -1.8792597903138293e-10 7.387780849075164e8 1.0400221015647428e8
6800 89486.774303189 13.168741623494103 7.110415120340025e-5 1.9202312003785087e-7 1.1881106428426742e-7 0.00042610153741406975 1.03407687934709e-6 8.344324908815537e-7 -1.8365426316773857e-10 7.38778084907495e8 1.0400221015647721e8
7000 92118.09903636064 13.148073985708747 7.08930515027056e-5 1.9374395925443795e-7 1.1793520024709117e-7 0.0004230800263940182 1.0190736050574856e-6 8.46313334523785e-7 -1.826302446014639e-10 7.38778084907499e8 1.0400221015647979e8
7200 94746.72398997833 13.138522894618283 7.053819487410911e-5 1.9607279093128148e-7 1.1699566272301838e-7 0.00042186460359516786 1.0494445283892873e-6 8.342299724350966e-7 -1.8220679509691202e-10 7.387780849075058e8 1.0400221015648225e8
7400 97374.67287961137 13.140722176799423 7.033330959933341e-5 1.9837258687651296e-7 1.1625773262430352e-7 0.00039397993168677203 1.0536049768195e-6 8.301099608809537e-7 -1.8214502236118285e-10 7.387780849075135e8 1.0400221015648733e8
7600 100002.48206158025 13.140854701712875 7.031359861300589e-5 1.9980856799425067e-7 1.1603744626874535e-7 0.0004173038796579931 1.0359219282385368e-6 7.928861106565321e-7 -1.8283408419559488e-10 7.387780849075058e8 1.040022101564912e8
7800 102631.80314305326 13.152483782986756 7.055987854783608e-5 1.999925245720176e-7 1.1636900124633071e-7 0.0004267577360224095 1.0082952865975159e-6 8.199989183221845e-7 -1.8183404608235178e-10 7.387780849075155e8 1.0400221015649371e8
8000 105264.70676960715 13.179836948668854 7.088434071595906e-5 1.9923879569537493e-7 1.1691379483096378e-7 0.00043239367823844077 1.0097323988045304e-6 7.286691814378798e-7 -1.8505072347867795e-10 7.387780849075145e8 1.0400221015649308e8
8200 107905.05025103064 13.219393023484168 7.118736261401155e-5 1.9819889905989978e-7 1.1747692150120458e-7 0.0004277950060895819 9.773233704546413e-7 7.531487939971271e-7 -1.833995986440944e-10 7.387780849075035e8 1.0400221015649258e8
8400 110544.1192643412 13.174779991041754 7.118303450490672e-5 1.973467375952352e-7 1.1819307996350358e-7 0.00042160975044680526 1.039104492006615e-6 7.993161463826226e-7 -1.8236798448086913e-10 7.387780849075204e8 1.0400221015649238e8
8600 113176.27157537692 13.15030683336459 7.099107262371115e-5 1.9704805486515002e-7 1.1901256665499968e-7 0.00042369338598291506 9.78412778351867e-7 8.374422817425398e-7 -1.8183201341062846e-10 7.387780849075046e8 1.040022101564873e8
8800 115805.26853552162 13.139578181303381 7.066405010722958e-5 1.974916149267335e-7 1.1973605944324655e-7 0.0004229227456562512 1.01433886601221e-6 8.235758877095378e-7 -1.8210532854687311e-10 7.38778084907504e8 1.0400221015648337e8
9000 118433.1162805508 13.142372300283753 7.03869213355942e-5 1.984325645351813e-7 1.202477988913903e-7 0.0003950305831494916 1.0134340591161362e-6 8.288656458965704e-7 -1.864373857140927e-10 7.387780849074993e8 1.040022101564765e8
9200 121060.98822810293 13.139262899852742 7.033924931465856e-5 1.9926180711518781e-7 1.2059526228010056e-7 0.00041268937593486044 9.974087087361028e-7 8.81724893986302e-7 -1.8295406399614699e-10 7.387780849075013e8 1.0400221015647504e8
9400 123689.90310404479 13.149710531727392 7.052154661209508e-5 1.9947889145004087e-7 1.208257487584389e-7 0.000431238641795062 1.0061268781447197e-6 9.204089439496244e-7 -1.845250411638025e-10 7.387780849075048e8 1.0400221015647359e8
9600 126321.86913335582 13.173279068784547 7.086244521527142e-5 1.9905210859827975e-7 1.209465332780694e-7 0.00043921882161157555 1.0014539051361737e-6 8.333219099210254e-7 -1.854042169131175e-10 7.38778084907508e8 1.0400221015647332e8
9800 128960.59535713395 13.21703387771795 7.117005204754429e-5 1.9839503886963878e-7 1.2093842164739693e-7 0.00043779598354376503 9.852026473522457e-7 7.940294317609897e-7 -1.8522547006989544e-10 7.387780849074892e8 1.0400221015647487e8
10000 131592.8839035075 13.18162144890229 7.12609494211859e-5 1.980745995327195e-7 1.2075548077955573e-7 0.0004210411725580343 1.089505583862227e-6 8.434332383622234e-7 -1.8477306444590376e-10 7.38778084907504e8 1.0400221015647702e8
10200 134226.02102953993 13.153305627671157 7.110213421027076e-5 1.9851546179963397e-7 1.2029012836232026e-7 0.0004264797103132878 1.0411337434401702e-6 8.547948220360979e-7 -1.8525901705045366e-10 7.387780849075013e8 1.0400221015648216e8
10400 136855.44091022047 13.141374046165083 7.07783188895079e-5 1.9975343808279218e-7 1.1961317195077978e-7 0.0004174080572738603 1.0858135004454539e-6 8.257891666030304e-7 -1.8575670717356788e-10 7.387780849074992e8 1.0400221015648569e8
10600 139483.25530560306 13.140260355334703 7.047090768560755e-5 2.0134809196947704e-7 1.1894081747189263e-7 0.00039743989327689633 1.1140173463708436e-6 7.546558191684483e-7 -1.8789523481174105e-10 7.387780849074919e8 1.0400221015649082e8
10800 142111.22137847595 13.13836652590161 7.037013167971324e-5 2.0249648945507238e-7 1.1861518646540524e-7 0.00040531216018280247 1.1003761124506184e-6 8.494337431219634e-7 -1.867161703449659e-10 7.387780849075047e8 1.0400221015649405e8
11000 144739.76749947696 13.147617804013889 7.05176548388471e-5 2.0261661759551253e-7 1.1878181632464451e-7 0.00042246072689522407 1.062433223175674e-6 7.691214363170218e-7 -1.901486555457158e-10 7.387780849075009e8 1.0400221015649459e8
11200 147370.9229779752 13.167308926121876 7.082790621766424e-5 2.0177036195762204e-7 1.1921879893331078e-7 0.00043379544695199 1.0196257529404562e-6 7.549901380743407e-7 -1.8959603877501237e-10 7.387780849075148e8 1.040022101564933e8
11400 150008.08057032034 13.207376161121747 7.11466882115681e-5 2.0051632830150672e-7 1.1963548148080144e-7 0.0004393062158669636 9.985717903671087e-7 7.847107903469208e-7 -1.8999430842099025e-10 7.387780849075004e8 1.0400221015649118e8
11600 152649.73108263945 13.189026979674566 7.12736848243712e-5 1.9934836869388026e-7 1.2011383666230287e-7 0.0004267424524186936 1.0517257229558652e-6 8.076798310163724e-7 -1.9140017923144078e-10 7.387780849075006e8 1.0400221015648837e8
11800 155283.9757874546 13.156964905590122 7.118536664318187e-5 1.9860903751729748e-7 1.2075157992974296e-7 0.00042507420721449307 1.0571424420291464e-6 8.381733049844797e-7 -1.9047853370925818e-10 7.387780849075036e8 1.0400221015648547e8
12000 157913.85529936576 13.143847401707465 7.087270228709466e-5 1.98577301082954e-7 1.2138689497120767e-7 0.00042663903786888113 1.0955111389154837e-6 8.502901847062816e-7 -1.8711781780603381e-10 7.387780849074998e8 1.040022101564811e8
12200 160541.77922866866 13.138896211181265 7.054407069406988e-5 1.9915906026518296e-7 1.2188407653392046e-7 0.0004016838697680214 1.1178365049158145e-6 8.295743660902133e-7 -1.8836178454285194e-10 7.387780849074893e8 1.0400221015647851e8
12400 163169.79353345736 13.138197317206384 7.040893586464264e-5 1.9985329773309757e-7 1.2221283360188431e-7 0.00040244320734927896 1.104747622271418e-6 8.713039767460629e-7 -1.8664652022856187e-10 7.387780849074968e8 1.0400221015647763e8
12600 165798.02061787248 13.146279484347378 7.049034969647644e-5 2.000979843403517e-7 1.2238352425244442e-7 0.0004250518609296705 1.031374240678673e-6 9.087649082140103e-7 -1.8619457778282786e-10 7.387780849074903e8 1.0400221015647498e8
12800 168428.5209910646 13.162135154145242 7.078124674150333e-5 1.997325500200907e-7 1.2240743262629497e-7 0.00043012145169996074 9.963326990103383e-7 8.831705105016852e-7 -1.8646510403794897e-10 7.387780849075022e8 1.0400221015647636e8
13000 171064.271648341 13.198535206575011 7.112096651742758e-5 1.9903824918859389e-7 1.222783263224145e-7 0.00043080026262032334 9.803000722286015e-7 7.697837587361533e-7 -1.8619603420384366e-10 7.387780849074874e8 1.040022101564786e8
13200 173697.95897397085 13.197243561648316 7.128449722766047e-5 1.985046834014221e-7 1.2201530108819135e-7 0.0004262494862814492 1.030182311678729e-6 8.384108836079207e-7 -1.8607955498275571e-10 7.387780849074978e8 1.0400221015648153e8
13400 176333.47090875506 13.161406174080433 7.123312954163943e-5 1.9857041944831886e-7 1.215350537935095e-7 0.00043208318993492867 1.0434776887002783e-6 8.336778378748022e-7 -1.8584816064964313e-10 7.387780849075013e8 1.0400221015648408e8
13600 178963.8683782597 13.146137863050264 7.093398617622137e-5 1.994203376733599e-7 1.2081862403718393e-7 0.00042513564449109253 1.048777137357959e-6 8.294726976387778e-7 -1.8727893468003895e-10 7.387780849074864e8 1.040022101564871e8
13800 181592.04260935544 13.138233594773595 7.061192265105365e-5 2.0083407235339213e-7 1.2000846495199758e-7 0.0004072937704222568 1.0653101027990886e-6 7.951440210707261e-7 -1.8492992716341898e-10 7.387780849074945e8 1.0400221015648901e8
14000 184220.0609408312 13.138750154634943 7.041311049592149e-5 2.0214190885174194e-7 1.194094737055482e-7 0.0003945015268982388 1.0994784593876261e-6 8.385214020911747e-7 -1.8462786266878574e-10 7.387780849074955e8 1.0400221015649381e8
14200 186848.01955573194 13.14428676317296 7.045235509456989e-5 2.0262715764841089e-7 1.1927613215296557e-7 0.00041328403904117295 1.0996350783276654e-6 8.020827456656221e-7 -1.8354499378108437e-10 7.387780849074843e8 1.0400221015649247e8
14400 189477.98641562118 13.157585528488632 7.072191455379015e-5 2.0210662690383004e-7 1.1954451720179406e-7 0.00042740404342112015 1.028151509485653e-6 8.113938664844333e-7 -1.8370695660452934e-10 7.387780849075007e8 1.0400221015649332e8
14600 192112.4449311997 13.190216072440656 7.104995597987975e-5 2.0099683822357184e-7 1.1993072050919235e-7 0.00043830043250636663 1.0050438126185668e-6 7.579792569156751e-7 -1.8333755597032616e-10 7.387780849074787e8 1.0400221015649047e8
14800 194754.20814743874 13.205985045651843 7.128102436022182e-5 1.9985266222296732e-7 1.2036446422980273e-7 0.0004199226145829016 9.896722612534603e-7 7.828920631780534e-7 -1.815521025011276e-10 7.387780849074777e8 1.0400221015648998e8
15000 197391.10278476542 13.166474267520627 7.12442859046135e-5 1.99029134173124e-7 1.209758916836807e-7 0.00042637416800062056 1.0681121794808845e-6 8.150651603644476e-7 -1.8136474444301362e-10 7.387780849074929e8 1.040022101564862e8
15200 200022.13000322573 13.147367147679578 7.100588349321057e-5 1.988260137129999e-7 1.216224350977288e-7 0.0004286294547455327 1.0271351402746376e-6 8.363377834719188e-7 -1.8416296427405661e-10 7.387780849075016e8 1.0400221015648289e8
15400 202650.6155381686 13.138294921704242 7.065656805844164e-5 1.9931721703466925e-7 1.2213013710725458e-7 0.0004171203909208998 1.0396261540535079e-6 8.251440299922308e-7 -1.8241465767719094e-10 7.387780849074839e8 1.0400221015648067e8
15600 205278.5935192538 13.140006432182563 7.042863022746922e-5 2.001262899074447e-7 1.2246133481405755e-7 0.00039574016045662574 1.0871138429457972e-6 8.327019613840747e-7 -1.8503279682889015e-10 7.387780849074908e8 1.0400221015647776e8
15800 207906.4172334329 13.141706473506744 7.043841757956354e-5 2.006468439001636e-7 1.2263945800782196e-7 0.0004122963837289717 1.093779774086201e-6 8.892819738370861e-7 -1.838988476115229e-10 7.387780849074887e8 1.0400221015647505e8
16000 210535.9166058307 13.153818913788392 7.065559564483465e-5 2.0049648996675663e-7 1.2270881077204858e-7 0.0004229679884701909 1.0438395483536311e-6 9.095535569159097e-7 -1.8722530555376876e-10 7.387780849074838e8 1.0400221015647645e8
16200 213169.2428016855 13.182708381759543 7.100492857497527e-5 1.9979884916547822e-7 1.2267320953046015e-7 0.0004326137704993016 9.946637198332553e-7 7.966497233002912e-7 -1.8672104550252975e-10 7.38778084907482e8 1.0400221015647717e8
16400 215810.1244935516 13.215375628572927 7.126806568191009e-5 1.9904375053095605e-7 1.2251710217113455e-7 0.0004281019600966829 1.0207786057536694e-6 8.125123591717909e-7 -1.8833510076086788e-10 7.387780849075025e8 1.0400221015647855e8
16600 218440.23709095674 13.172337315507429 7.128692023210965e-5 1.9875825227551758e-7 1.2217494754522403e-7 0.00042467045204830356 1.101624981347804e-6 8.312092865114806e-7 -1.8634117854733633e-10 7.387780849074895e8 1.0400221015648359e8
16800 221072.04914858815 13.149349136081117 7.106451502024864e-5 1.9925309246240662e-7 1.2156513566977667e-7 0.0004180814339633798 1.0355741849599198e-6 8.462866241121247e-7 -1.8649398357922162e-10 7.387780849074988e8 1.0400221015648775e8
17000 223700.89550186737 13.13908165118308 7.073736483700899e-5 2.0047893686821286e-7 1.2078178802188016e-7 0.0004179287616352667 1.067224745687767e-6 8.177019095167992e-7 -1.8880608424820126e-10 7.38778084907481e8 1.0400221015649152e8
17200 226328.78742381252 13.142008615123993 7.046720629416674e-5 2.0189805793676684e-7 1.20102188915971e-7 0.00040864942775442614 1.1019973313874942e-6 7.564398508685954e-7 -1.8518994258649022e-10 7.387780849074996e8 1.0400221015649305e8
17400 228956.618649828 13.139801582331708 7.04252805657102e-5 2.027526199965367e-7 1.1984225494993714e-7 0.00040829571344147553 1.0972594572944416e-6 7.801585175659653e-7 -1.9104272574853438e-10 7.387780849074814e8 1.0400221015649663e8
17600 231585.68720134918 13.150710621087109 7.062118801688444e-5 2.0261683167823285e-7 1.2006113033558866e-7 0.00041858412987494376 1.0612894241202042e-6 8.383710885517814e-7 -1.913807944256631e-10 7.387780849074719e8 1.0400221015649767e8
17800 234218.00329728812 13.175762457343467 7.094751127480028e-5 2.0171737525634437e-7 1.2045864868345045e-7 0.00043431835138108 1.000200240186544e-6 7.601395246581433e-7 -1.882707540414966e-10 7.387780849074893e8 1.040022101564932e8
18000 236857.3690548625 13.220922580614758 7.124258817710388e-5 2.0059207163172452e-7 1.2082812767980213e-7 0.00043756457898780354 9.893842172203904e-7 7.88444884713968e-7 -1.8823969106523412e-10 7.38778084907493e8 1.0400221015648948e8
18200 239497.4424571752 13.178791381779929 7.130766460497133e-5 1.9965423312870144e-7 1.2130899599903465e-7 0.0004285696495571756 1.07108968483427e-6 8.093604395575937e-7 -1.903558186322995e-10 7.387780849074875e8 1.0400221015648375e8
18400 242130.16707083286 13.1520141369741 7.112845098006953e-5 1.9921045512737303e-7 1.219175303611444e-7 0.0004204559149911802 1.046677008620378e-6 8.293548521276506e-7 -1.899671341797765e-10 7.387780849074881e8 1.0400221015648136e8
18600 244759.41181268505 13.14056592367852 7.080417740198805e-5 1.9945494004588603e-7 1.2250296081792072e-7 0.0004145055931985553 1.0799242680104015e-6 8.38008496373277e-7 -1.8611668151401294e-10 7.387780849074872e8 1.0400221015647566e8
18800 247387.22205221796 13.14102032404825 7.051483885560261e-5 2.001800020842644e-7 1.2294124947739464e-7 0.00040858773809304694 1.0894612065825982e-6 8.24604707183596e-7 -1.8716701081292713e-10 7.387780849074878e8 1.0400221015647426e8
19000 250015.15581255834 13.138638619418401 7.042303625127547e-5 2.0083024922930422e-7 1.2321605085590448e-7 0.00040897431199482526 1.0920618123133607e-6 8.716443782308403e-7 -1.9129150141112753e-10 7.387780849074802e8 1.0400221015647404e8
19200 252643.8445640614 13.148369278129529 7.057606774925247e-5 2.0092158166297475e-7 1.233553507371323e-7 0.00042041195411002263 1.068834734052615e-6 9.111744554424206e-7 -1.8806178945353156e-10 7.387780849074701e8 1.0400221015647502e8
19400 255275.30794155254 13.169619693695957 7.089900893989039e-5 2.004047535975065e-7 1.233668454066326e-7 0.0004292759163035953 9.913502525549234e-7 8.520462182470823e-7 -1.8830033858052025e-10 7.387780849074737e8 1.0400221015647753e8
19600 257913.07853443155 13.21117228775583 7.119756393806987e-5 1.996416442649568e-7 1.232586370820946e-7 0.00043625782564049587 9.64232305333823e-7 7.787564151318094e-7 -1.842469504216112e-10 7.387780849074869e8 1.0400221015648273e8
19800 260546.1111798921 13.186050442389732 7.133367765839671e-5 1.9915371136601942e-7 1.2300262087452015e-7 0.0004198073720544926 1.0834398228576347e-6 8.385167282742856e-7 -1.853705196479063e-10 7.387780849074754e8 1.0400221015648752e8
20000 263179.90625583095 13.15544982740402 7.117084673322382e-5 1.9934149265739645e-7 1.224967572548284e-7 0.00042399109224788845 1.0817796772810695e-6 8.38703182015621e-7 -1.8704507070103697e-10 7.3877808490747e8 1.0400221015649094e8
20200 265809.6007886579 13.142796525342519 7.088269974115132e-5 2.0031641605233695e-7 1.217657242264525e-7 0.0004203857374704967 1.0584842664584926e-6 8.336158456856424e-7 -1.861973925090828e-10 7.387780849074775e8 1.0400221015649468e8
20400 268437.4650833541 13.139345696184861 7.055655927576058e-5 2.017338320852918e-7 1.2100766686261134e-7 0.000412380873967777 1.0894136579508995e-6 7.749219691766118e-7 -1.8409599092355335e-10 7.387780849074818e8 1.0400221015649542e8
20600 271065.4657610894 13.138179399838045 7.0417504467488e-5 2.0286641872443265e-7 1.205319229050851e-7 0.0004040960711790831 1.0933282257319377e-6 8.410269904945977e-7 -1.8264860230257516e-10 7.38778084907476e8 1.0400221015649498e8
20800 273693.8125332858 13.146717919612337 7.0546577840075e-5 2.0310424215173377e-7 1.2053604006590255e-7 0.0004184573249403911 1.0855731731318485e-6 7.9009025488741e-7 -1.846379125959923e-10 7.38778084907487e8 1.0400221015649398e8
21000 276324.55236776674 13.164076444127113 7.082440417061458e-5 2.0244856784502064e-7 1.2084784624859064e-7 0.00043103266398247797 1.019676253877222e-6 7.657600807342568e-7 -1.8103531856927074e-10 7.387780849074637e8 1.0400221015648963e8
21200 278960.8373066908 13.201915705520662 7.117205895037694e-5 2.0138372342712857e-7 1.2120223854550207e-7 0.0004419746501298505 9.862227172696691e-7 7.704056033119855e-7 -1.831667550691692e-10 7.387780849074826e8 1.040022101564878e8
21400 281602.7882914732 13.193862755668722 7.132033474115262e-5 2.0038258786605332e-7 1.2164425596572974e-7 0.00042944985807480407 1.0501470412149772e-6 7.868115297071654e-7 -1.8333258796173467e-10 7.387780849074752e8 1.0400221015648292e8
21600 284237.77455373737 13.1595364524618 7.124658626741054e-5 1.997709829550843e-7 1.2226475542980474e-7 0.00042699284085756517 1.0774872907237665e-6 8.387343007898451e-7 -1.8584172138301599e-10 7.387780849074806e8 1.0400221015647914e8
21800 286867.95528486464 13.145695873755727 7.093864982484391e-5 1.9980864812111653e-7 1.2291202999663454e-7 0.0004218968638269871 1.0499173710432075e-6 8.420200390268917e-7 -1.822537499573047e-10 7.387780849074824e8 1.0400221015647772e8
22000 289496.01492645935 13.138411735936026 7.061340675426366e-5 2.0045667845782425e-7 1.2340373744494787e-7 0.0004167720680925413 1.0777012544593845e-6 8.146380148232879e-7 -1.8339668293038155e-10 7.387780849074702e8 1.0400221015647848e8
22200 292124.0371052119 13.138440377660018 7.042903540542779e-5 2.012285998179703e-7 1.237094086106011e-7 0.0004078981351085531 1.106667677275297e-6 8.598236147516758e-7 -1.8374409641731245e-10 7.387780849074649e8 1.0400221015647705e8
22400 294752.0913244463 13.14554147150789 7.050184557593991e-5 2.015510466029572e-7 1.2386732489133978e-7 0.0004210407105347258 1.1113309303922847e-6 9.125663071873902e-7 -1.8520792170428784e-10 7.387780849074656e8 1.040022101564795e8
22600 297382.26161545434 13.159325177674939 7.076801292543879e-5 2.012147725635991e-7 1.2390331136330234e-7 0.00043291021711411304 1.0413315418844604e-6 9.0469073033006e-7 -1.846419989984349e-10 7.387780849074719e8 1.0400221015648104e8
22800 300017.22191952355 13.193473524999298 7.112491856644378e-5 2.00481926393326e-7 1.2383315743033997e-7 0.00043449639497339376 9.909815195108251e-7 7.733273581500555e-7 -1.8748531379763684e-10 7.387780849074761e8 1.0400221015648474e8
23000 302650.88876839407 13.202486821633725 7.13226238113975e-5 1.9984651777538327e-7 1.2363731117367127e-7 0.00042592049612721894 9.984014694985888e-7 8.43392248484065e-7 -1.8592862324428343e-10 7.387780849074776e8 1.0400221015648727e8
23200 305287.226301168 13.164408658619292 7.12903089831068e-5 1.997479821604333e-7 1.2321722467611e-7 0.0004238383535266621 1.0704403150540998e-6 8.255193268968952e-7 -1.8620266300143442e-10 7.387780849074681e8 1.0400221015649019e8
23400 307917.9903074852 13.146801057460273 7.10120880193956e-5 2.0040370331199194e-7 1.2252438505601552e-7 0.000421609934164735 1.0637256044887522e-6 8.367737518444329e-7 -1.9094402127726055e-10 7.38778084907461e8 1.0400221015649468e8
23600 310546.34891961236 13.138186811022388 7.068379945724072e-5 2.016797705253046e-7 1.217185225487812e-7 0.0004146558776483289 1.0814507489520508e-6 8.123017446459713e-7 -1.8683959137690268e-10 7.387780849074702e8 1.0400221015649316e8
23800 313174.3479217402 13.139430736251402 7.046289555683147e-5 2.02988585828923e-7 1.211216597641925e-7 0.00041424929304412217 1.065929642329877e-6 8.007079490557345e-7 -1.8797364128259434e-10 7.38778084907466e8 1.040022101564953e8
24000 315802.20762983843 13.142632705391959 7.047649577953344e-5 2.036087144043778e-7 1.2100987142935534e-7 0.00041883313224388985 1.0962186378637995e-6 7.988588498486493e-7 -1.8764063155063055e-10 7.38778084907465e8 1.0400221015649436e8
24200 318431.88473264436 13.155209038276471 7.071300352116162e-5 2.032672551305791e-7 1.212944111241728e-7 0.0004282057238924608 1.0816488071885288e-6 8.463922149815062e-7 -1.8721878061531716e-10 7.387780849074736e8 1.0400221015649082e8
24400 321065.6376099603 13.185566283066828 7.103026709069197e-5 2.0227957774425726e-7 1.2164962469876427e-7 0.00043894075315620285 1.0080636150266997e-6 7.644007182783241e-7 -1.8951484964501158e-10 7.387780849074627e8 1.0400221015648918e8
24600 323706.93813466484 13.211624526078982 7.126230706341683e-5 2.0116527959747252e-7 1.2197571553787593e-7 0.0004390094049995241 9.795454289918126e-7 7.930606327199996e-7 -1.8908264725595862e-10 7.387780849074633e8 1.0400221015648472e8
24800 326344.74027550616 13.169897620545107 7.126213965092832e-5 2.0030823875502856e-7 1.2242547424370632e-7 0.00043149660086783115 1.0774435192928422e-6 8.187078872623488e-7 -1.8967022722469835e-10 7.387780849074686e8 1.0400221015648128e8
25000 328976.2197538286 13.14846477989773 7.103090652159554e-5 2.0001611029208506e-7 1.2297479174764198e-7 0.00042714734763649176 1.0437998567702778e-6 8.443315266948304e-7 -1.8714520574819516e-10 7.387780849074634e8 1.0400221015647903e8
25200 331604.9158548805 13.138678054081375 7.070859784880597e-5 2.0040487178203538e-7 1.2350185767251361e-7 0.00042175246653641807 1.0830456391719423e-6 8.323558390310737e-7 -1.8914707510032567e-10 7.387780849074687e8 1.0400221015647826e8
25400 334232.84780057834 13.141116941079055 7.048451339446907e-5 2.0117500470049197e-7 1.2390563496648248e-7 0.000421029075369006 1.0778811796452459e-6 8.357507246259388e-7 -1.8725607992606395e-10 7.38778084907466e8 1.0400221015647699e8
25600 336860.6584626617 13.140479110296177 7.04925682127961e-5 2.017460253107253e-7 1.2414930220436212e-7 0.000419936269736354 1.1204917600426967e-6 8.944350540218693e-7 -1.872670810976901e-10 7.387780849074652e8 1.0400221015647572e8
25800 339489.89460470027 13.151870871932852 7.074580449127817e-5 2.017062949656006e-7 1.2424006394821272e-7 0.0004304547605897824 1.1045057939362835e-6 9.279086738978037e-7 -1.8700128904844403e-10 7.387780849074737e8 1.0400221015647915e8
26000 342122.5990623071 13.178467395719366 7.108420940027629e-5 2.0112276825272e-7 1.242007708853e-7 0.0004342806037129776 1.0055560348831705e-6 8.428156674789022e-7 -1.9012581993628257e-10 7.387780849074659e8 1.0400221015648264e8
26200 344762.64020675677 13.221405620204639 7.134266559407327e-5 2.004094617810304e-7 1.2403530690321213e-7 0.0004342736870057706 9.85974617173646e-7 8.082096192296717e-7 -1.8395437013297497e-10 7.38778084907467e8 1.0400221015648812e8
26400 347393.79859933077 13.176184178494868 7.131997625816913e-5 2.0005792401731867e-7 1.2369030319232392e-7 0.00043024302158301 1.127601803707634e-6 8.404753959467826e-7 -1.8739137823172e-10 7.387780849074627e8 1.0400221015649328e8
26600 350026.14945150894 13.150886645335445 7.105820334500504e-5 2.003993155573675e-7 1.2307230772487614e-7 0.0004294295877116383 1.0843312920894022e-6 8.649847704766955e-7 -1.8568959598236382e-10 7.387780849074736e8 1.0400221015649454e8
26800 352655.2330876132 13.139901130115204 7.067829758047147e-5 2.0147090932005162e-7 1.2225573486153573e-7 0.00042685788957896875 1.1374227517624291e-6 8.613280175762128e-7 -1.865726427580264e-10 7.387780849074571e8 1.0400221015649796e8
27000 355283.0614263187 13.141859291506899 7.039901441278951e-5 2.028255285656956e-7 1.2148044425761657e-7 0.0004179833440502989 1.1318590318332156e-6 7.906571746207902e-7 -1.838083709856919e-10 7.387780849074582e8 1.0400221015649873e8
27200 357910.95732888585 13.13900985908019 7.034442506350362e-5 2.0372263700428134e-7 1.2106440226282882e-7 0.00041442888186793425 1.1004869628905567e-6 8.065435287418765e-7 -1.8546305287613787e-10 7.387780849074503e8 1.0400221015649721e8
27400 360539.7895754711 13.149201066523611 7.055904018895606e-5 2.0371004209067864e-7 1.2113739006239085e-7 0.00042191077409370337 1.0895662689858199e-6 8.310666866906402e-7 -1.8333159340278928e-10 7.387780849074597e8 1.040022101564928e8
27600 363171.5700687891 13.171942548001127 7.091505812599637e-5 2.0294034044033302e-7 1.2149968584574198e-7 0.00043489316340128426 1.0022548857513414e-6 7.589516823891529e-7 -1.8277355202617294e-10 7.38778084907448e8 1.040022101564886e8
27800 365809.94922654756 13.214912483485708 7.124463327875705e-5 2.0188692604780398e-7 1.2191602105041282e-7 0.00044030878780176863 9.762019814729683e-7 7.813881697238401e-7 -1.8327263395747445e-10 7.387780849074563e8 1.0400221015648375e8
28000 368450.85519287747 13.18305122344929 7.130673111766657e-5 2.0094829996118872e-7 1.2239495655663348e-7 0.00043049793885074905 1.1155434513909768e-6 8.23907480351771e-7 -1.831819491347516e-10 7.387780849074534e8 1.0400221015647952e8
28200 371084.2031591928 13.153982311760686 7.111713338599388e-5 2.0047317954074174e-7 1.229380746971049e-7 0.0004260450677975314 1.0971340390630857e-6 8.626098517705572e-7 -1.860058676414508e-10 7.387780849074503e8 1.0400221015647742e8
28400 373713.7116247302 13.141813414158216 7.078042187192345e-5 2.00697931060266e-7 1.2351520143718276e-7 0.0004270006534170534 1.0973996211749437e-6 8.541489778801648e-7 -1.8537765529724067e-10 7.387780849074486e8 1.0400221015647826e8
28600 376341.53666942095 13.139930513932661 7.049716094381981e-5 2.0145589311971594e-7 1.240468167099674e-7 0.0004177858095317788 1.119642235147822e-6 8.119854919552694e-7 -1.8641540420922538e-10 7.387780849074398e8 1.0400221015647581e8
28800 378969.5159310709 13.138276062577313 7.045438670564469e-5 2.0218213404443309e-7 1.2442682243391867e-7 0.0004082425116394006 1.0839626947145575e-6 8.839972160945564e-7 -1.8392943125632062e-10 7.38778084907466e8 1.0400221015647998e8
29000 381597.9947036115 13.147292496036767 7.06412172406201e-5 2.023429883714193e-7 1.2463009125724754e-7 0.000420636411945452 1.0923232605097866e-6 9.514806478261306e-7 -1.8744895974864034e-10 7.387780849074556e8 1.0400221015648279e8
29200 384229.00765850657 13.166217040443605 7.100007190024938e-5 2.0185928475176718e-7 1.2466391614766217e-7 0.00042892724559351336 1.0307701872047659e-6 9.257016064800894e-7 -1.896575970918736e-10 7.387780849074544e8 1.0400221015648796e8
29400 386865.8726156161 13.205552865074896 7.130919288374938e-5 2.0105803493259213e-7 1.2455801499582198e-7 0.0004362544468676788 9.688974991206578e-7 8.136444455963954e-7 -1.8667551691049953e-10 7.387780849074659e8 1.0400221015649182e8
29600 389499.4159069994 13.190724757191163 7.138423854841409e-5 2.0042156087262402e-7 1.2429084166100738e-7 0.0004351303218754765 1.0868000932529043e-6 8.801049180551246e-7 -1.868328764288739e-10 7.387780849074492e8 1.0400221015649444e8
29800 392133.91948050784 13.157853006438499 7.119122729957728e-5 2.0037692272756525e-7 1.2376175812840823e-7 0.000428578451192152 1.106780338711033e-6 8.610991297786086e-7 -1.89119414348444e-10 7.387780849074501e8 1.0400221015649827e8
30000 394763.9046473076 13.144477476360791 7.084484581392853e-5 2.011660318396112e-7 1.2300550188066587e-7 0.0004244612632646749 1.1015554137738803e-6 8.617338261851515e-7 -1.8494348915681478e-10 7.38778084907451e8 1.0400221015649733e8
30200 397391.8710257878 13.138693219572708 7.052792014216523e-5 2.0255971251610834e-7 1.222388856715069e-7 0.00041641893540145247 1.1003820534760678e-6 7.877861845084766e-7 -1.9035939387547662e-10 7.38778084907463e8 1.0400221015649594e8
30400 400019.89000579354 13.138254006417412 7.03921701410856e-5 2.0381228377163123e-7 1.2174975772534622e-7 0.0004090235652256524 1.102373118788691e-6 8.671937067328273e-7 -1.8838365610495326e-10 7.387780849074297e8 1.0400221015649411e8
30600 402648.0534341268 13.146083149997231 7.050745020690723e-5 2.042225939047156e-7 1.2167248141361305e-7 0.0004218309122734354 1.091559731936087e-6 8.586963538004255e-7 -1.8779163603836158e-10 7.387780849074523e8 1.040022101564894e8
30800 405278.43010638515 13.161102557706204 7.08323130838018e-5 2.0369029666965285e-7 1.21876130291376e-7 0.00042967955732819973 1.026087713240642e-6 8.195771230012916e-7 -1.8936024024006367e-10 7.387780849074483e8 1.0400221015648745e8
31000 407913.89288439264 13.196700508428505 7.119046460017642e-5 2.0266239569592565e-7 1.2216598343400552e-7 0.0004374347176963056 9.76839506394711e-7 7.622607935964254e-7 -1.9065278206377588e-10 7.387780849074533e8 1.0400221015648387e8
31200 410555.9140415012 13.198940565587257 7.139248614493531e-5 2.016332617867273e-7 1.2255193440755202e-7 0.00043505242092578555 1.0460001296230814e-6 7.957309831052584e-7 -1.890722316680041e-10 7.387780849074495e8 1.0400221015647916e8
31400 413191.6918723652 13.16236489762894 7.130197929504726e-5 2.009511376538107e-7 1.2307742756543922e-7 0.0004267857848390122 1.1193574761536595e-6 8.549614883834877e-7 -1.8916379570380815e-10 7.387780849074451e8 1.0400221015648028e8
31600 415822.20407115604 13.146326661995339 7.099633563891538e-5 2.009002634839304e-7 1.236778047880281e-7 0.00042651507965274504 1.0981903164619666e-6 8.687044715793846e-7 -1.8895732469240972e-10 7.387780849074537e8 1.0400221015647879e8
31800 418450.43716307066 13.138189320178691 7.06617025488447e-5 2.0150728852282314e-7 1.242519146704742e-7 0.0004137638738939131 1.1199193594713108e-6 7.868017914969272e-7 -1.8780239096331912e-10 7.387780849074546e8 1.0400221015647896e8
32000 421078.4509306083 13.138945010480834 7.047364921038113e-5 2.023288195009708e-7 1.246722538045069e-7 0.0004087676243216265 1.0956040850107485e-6 8.444479249192227e-7 -1.893063464405034e-10 7.387780849074455e8 1.0400221015648063e8
32200 423706.3712659272 13.143714366824717 7.05352992104886e-5 2.0270289159867276e-7 1.2490768547611343e-7 0.00041886293274728814 1.0994619741300227e-6 9.218089633833415e-7 -1.8689311736195404e-10 7.387780849074497e8 1.0400221015648532e8
32400 426336.24108131096 13.1567755385962 7.081066604325991e-5 2.0234094120509635e-7 1.249776836168329e-7 0.00042364465252830996 1.0529053660057741e-6 9.39713315606383e-7 -1.8664239781045005e-10 7.387780849074465e8 1.0400221015648837e8
32600 428970.4619988612 13.188660094542772 7.116156122057132e-5 2.0150668790710956e-7 1.2492196556884167e-7 0.0004398128253342293 1.0158438548124593e-6 8.062794558671982e-7 -1.8601167513819924e-10 7.387780849074422e8 1.0400221015649112e8
32800 431612.0984861375 13.207812672536631 7.138750179199045e-5 2.0072401559797082e-7 1.2474597344517172e-7 0.00043363296435927623 1.0256748895765e-6 8.598561069828037e-7 -1.854852136404734e-10 7.387780849074374e8 1.0400221015649365e8
32830 432000.0 4.981764388445299 7.1397069658655e-5 2.006454418238497e-7 1.2470544796906237e-7 0.0004314273701311322 1.0556896939961646e-6 8.690952888468217e-7 -1.8721447979400664e-10 7.387780849074521e8 1.0400221015649487e8
