#timestep time dt l2_h l2_h_vcon1 l2_h_vcon2 linf_h linf_h_vcon1 linf_h_vcon2 dsdu_ut mass entropy 
0 0.0 100.0 0.0 0.0 0.0 0.0 0.0 0.0 2.29818258710859e-13 9507.350780128016 7.387780849071587e8
50 1274.4786136696616 25.47985451382424 7.090909070234754e-7 7.39712844853279e-11 1.2681567931799457e-10 4.490129413170507e-6 8.486965289615858e-10 1.0334121336441626e-9 -2.5318895808681827e-13 9507.350780128014 7.387780849071587e8
100 2548.139292332293 25.46851353960727 6.942295866186673e-7 1.000840063797908e-10 1.1208844083895941e-10 7.934949735499686e-6 1.3179051109972473e-9 1.3700399178855072e-9 -9.995977887829915e-13 9507.350780128043 7.387780849071655e8
150 3821.4962741983645 25.46751725618111 6.731483380868674e-7 1.2594455233655448e-10 1.2775616349682651e-10 7.399762125714915e-6 1.7474089397673254e-9 1.4988064548152047e-9 -4.951410273768155e-13 9507.350780128081 7.387780849071678e8
200 5095.069017232929 25.476944107976724 6.41805696586844e-7 1.5136009719959995e-10 1.2880014332341924e-10 7.256153594425996e-6 2.190760517439827e-9 1.651185800935484e-9 3.4445816794753003e-13 9507.350780128041 7.387780849071666e8
250 6369.379516506844 25.496817833626405 6.369750159663176e-7 1.7633537417701452e-10 1.3705257816430015e-10 7.550033842562698e-6 2.566248269442184e-9 1.6809678492907265e-9 2.6143977697975624e-13 9507.35078012803 7.387780849071645e8
300 7644.949502664172 25.527104758752042 6.31010979150701e-7 1.9909965460318293e-10 1.4494066921960444e-10 7.670524382774602e-6 2.89608614867376e-9 1.956735329322612e-9 -7.951685427650776e-14 9507.35078012811 7.38778084907168e8
350 8922.297488085984 25.56771042849989 6.310591459519366e-7 2.2027176747311122e-10 1.521124407380323e-10 7.04048966326809e-6 3.132459847066116e-9 2.1676404560189155e-9 -2.2828813120922186e-12 9507.350780128034 7.387780849071652e8
400 10201.935628517096 25.618475613031137 6.326625151970064e-7 2.398009028492214e-10 1.6002096373868922e-10 7.29439125279896e-6 3.3082320216593075e-9 2.3901195189690583e-9 -8.790886416506131e-14 9507.350780128003 7.387780849071702e8
450 11483.466241924067 25.614460370598017 6.309711517233247e-7 2.5754522354946733e-10 1.6669079481156238e-10 7.74126988289936e-6 3.400866699365679e-9 2.6350259196838977e-9 8.255021119858342e-13 9507.350780127996 7.387780849071672e8
500 12762.871334912175 25.564422747958627 6.290278164477613e-7 2.73528088665554e-10 1.736772977716568e-10 7.722137752352864e-6 3.4362103162877133e-9 2.6540354358672857e-9 4.076121823660551e-13 9507.350780128023 7.387780849071645e8
550 14040.033211853588 25.52455952652946 6.265032422065434e-7 2.8824261412715767e-10 1.7920748909235119e-10 7.774163577778381e-6 3.4065882337230846e-9 2.755633943252178e-9 -9.572357039628777e-13 9507.350780128005 7.38778084907169e8
600 15315.464801532022 25.49502486764299 6.261564975863605e-7 3.0160564278401425e-10 1.836567221362487e-10 7.740203727735206e-6 3.355086486411807e-9 2.659199693777481e-9 -8.808815279881586e-13 9507.350780128018 7.387780849071668e8
650 16589.685078687213 25.475908447543063 6.270061633383387e-7 3.1412210006252787e-10 1.8686984987018168e-10 7.427783884850214e-6 3.2461648369341845e-9 2.8547828545555376e-9 -1.4355247484392728e-12 9507.350780128043 7.387780849071662e8
700 17863.215943235726 25.46723941554853 6.277150160528273e-7 3.260677971064871e-10 1.8920582624138466e-10 6.888485813760781e-6 3.0714716325874747e-9 2.9960944281093305e-9 -5.297294710078175e-13 9507.350780128023 7.387780849071635e8
750 19136.57928150353 25.46898972297746 6.278223780311764e-7 3.374201253158046e-10 1.9053449245565257e-10 6.94213917995512e-6 3.616113880555716e-9 3.047511187848073e-9 -5.035502673529696e-13 9507.35078012809 7.387780849071655e8
800 20410.294177120784 25.481076789138154 6.279173186722772e-7 3.484804072501879e-10 1.9232058196399663e-10 6.78644141771656e-6 3.975551582380277e-9 3.048612973177711e-9 -8.354419580771699e-13 9507.35078012804 7.387780849071708e8
850 21684.860363709402 25.498478379219844 6.273249273918718e-7 3.588726491003806e-10 1.927107398688522e-10 6.8423755692492705e-6 4.209153414702627e-9 2.9716089033904325e-9 6.528829579733347e-13 9507.350780128038 7.387780849071656e8
900 22959.2214632798 25.478065173160545 6.278078867914395e-7 3.6894490296716006e-10 1.9436495543980517e-10 6.96588517712371e-6 4.352724181089229e-9 2.8798145257358243e-9 -1.4413734059525685e-13 9507.350780128034 7.387780849071668e8
950 24232.822161064658 25.467882877488318 6.290441313628878e-7 3.7870350545919933e-10 1.9515723466907367e-10 7.08929792381241e-6 4.095388417280077e-9 2.786121083842019e-9 2.16765031512814e-13 9507.350780128067 7.38778084907164e8
1000 25506.17741367417 25.46805676289279 6.279702355869663e-7 3.886181847616254e-10 1.9567980535017156e-10 7.1044535161490785e-6 3.54844725825032e-9 2.7184805240221266e-9 1.2278830483109466e-14 9507.350780128047 7.387780849071647e8
1050 26779.807100500577 25.478659231707773 6.281197751732097e-7 3.9850265012993786e-10 1.9564973641343988e-10 7.018050382612273e-6 3.6129226277381576e-9 2.649515551400583e-9 -4.878311627122849e-13 9507.350780128041 7.387780849071677e8
1100 28054.233329290426 25.499707708051076 6.276596327451164e-7 4.081918280824789e-10 1.962087766539003e-10 7.355733259828412e-6 3.664789416379932e-9 2.6227840177472928e-9 -1.486395385546016e-12 9507.35078012803 7.387780849071614e8
1150 29329.97761913373 25.531161857582653 6.265118743345324e-7 4.176665598528138e-10 1.9622803958793745e-10 7.699370144109707e-6 3.733366504832247e-9 2.634771137377534e-9 2.5120534425180574e-13 9507.350780128028 7.387780849071637e8
1200 30607.557927443617 25.57292014485871 6.259455589882021e-7 4.261480895595482e-10 1.976011717912698e-10 7.948053507789155e-6 3.787425595369598e-9 2.660028239342971e-9 6.122363437499501e-13 9507.350780128048 7.387780849071676e8
1250 31887.4854888401 25.62481577428892 6.250030750899437e-7 4.339347428948776e-10 1.9899599757581758e-10 8.209871566577931e-6 4.088594851570093e-9 2.7113966349912033e-9 2.4564038491698856e-13 9507.35078012804 7.387780849071677e8
1300 33168.95206199593 25.608327064667783 6.222818413391926e-7 4.405599184488383e-10 2.012185064496416e-10 8.283860324809211e-6 4.904971817598636e-9 2.7801040636266094e-9 -1.2326632010862361e-12 9507.35078012808 7.387780849071649e8
1350 34448.0793365796 25.559424712551106 6.211554003514355e-7 4.461030450599982e-10 2.0398102499209486e-10 8.145605306708603e-6 5.463314300957478e-9 2.7536219560770053e-9 -1.2206078831283894e-12 9507.350780128038 7.387780849071642e8
1400 35725.020718952175 25.520717471722772 6.215143667673983e-7 4.5093357168431524e-10 2.0653251909690346e-10 7.893253950896906e-6 5.656617452221013e-9 2.8130357487832214e-9 7.008706663950259e-13 9507.350780128014 7.3877808490717e8
1450 37000.28998069016 25.49235202909364 6.218265562688664e-7 4.548452312548849e-10 2.0976983679298874e-10 7.553112482128199e-6 5.394532986979783e-9 2.8781841354685866e-9 -2.0807568295976495e-12 9507.350780128061 7.387780849071641e8
1500 38274.4065780062 25.47441106203834 6.243087318931617e-7 4.587033312907642e-10 2.1255980332383693e-10 7.247641633512103e-6 4.731323499651552e-9 2.962263323524894e-9 -1.4362996237677528e-12 9507.350780128034 7.387780849071643e8
1550 39547.89255300807 25.466917127605182 6.273567968890069e-7 4.625547498049124e-10 2.1548738905441968e-10 6.968527713979711e-6 4.014103827110205e-9 3.024448524957535e-9 -6.551386636083726e-13 9507.350780127983 7.387780849071633e8
1600 40821.26961341982 25.469835918566424 6.293233519176497e-7 4.664232594730801e-10 2.188020002993909e-10 6.941593937881407e-6 3.597495856766386e-9 3.084600741498633e-9 -1.7539846286517607e-12 9507.350780128054 7.387780849071715e8
1650 42095.05635823671 25.483078853437185 6.331775026785907e-7 4.706910164809594e-10 2.2187516914339645e-10 7.1298229613603326e-6 3.9706569698871874e-9 3.224980005267497e-9 -3.4617399750441746e-13 9507.350780128023 7.387780849071639e8
1700 43352.98342418793 25.49599525288199 6.342174904217259e-7 4.749372973637301e-10 2.2571958560906514e-10 7.12635369382042e-6 4.52265241923655e-9 3.335795417669374e-9 8.055917885363175e-13 9507.350780128018 7.387780849071681e8
1750 44627.246054967465 25.476592230478374 6.35869271675794e-7 4.788774663421587e-10 2.2973206548192738e-10 7.010781473582028e-6 4.751612603381972e-9 3.3572556401573195e-9 -1.7793549754164718e-12 9507.350780128012 7.38778084907166e8
1800 45900.79919123487 25.4674348950014 6.360631573275031e-7 4.827844525482222e-10 2.3395570477923835e-10 6.843929213573574e-6 4.56538162829645e-9 3.3988999947887066e-9 5.598447924523005e-13 9507.350780128036 7.387780849071645e8
1850 47174.15839692995 25.468643336182062 6.357110510330081e-7 4.86298591195279e-10 2.382930645867505e-10 6.917619657542673e-6 3.8768403487488e-9 3.4040207319563365e-9 -1.4762356165310012e-14 9507.350780128012 7.387780849071633e8
1900 48447.843895391394 25.480284594913297 6.361160943484681e-7 4.897017259903393e-10 2.426864092770256e-10 7.412491640934604e-6 3.5308530543787242e-9 3.3303514945792756e-9 -4.594527298206455e-13 9507.350780128114 7.387780849071654e8
1950 49722.37786425881 25.502370488243525 6.359021695000728e-7 4.932348268091103e-10 2.472397657475934e-10 7.697199180256575e-6 3.830756156730786e-9 3.4903069323632963e-9 -8.182760046915842e-13 9507.35078012798 7.387780849071628e8
2000 50998.281604432705 25.53485476085569 6.369020882576242e-7 4.967126414575957e-10 2.510618135781154e-10 7.842174454708584e-6 4.010688170463794e-9 3.959472916204021e-9 -2.2944829044099176e-13 9507.35078012804 7.387780849071635e8
2050 52276.072549752265 25.57762958046672 6.356868241967948e-7 5.001433692513343e-10 2.5448507931251713e-10 8.069333262028522e-6 4.184653124017501e-9 4.290029054221378e-9 1.6565906012626002e-12 9507.350780127997 7.387780849071647e8
2100 53556.26108555004 25.630521418843006 6.353639969138737e-7 5.032854245618391e-10 2.5721992179671164e-10 7.980864438650315e-6 4.953053189815648e-9 4.426907063148633e-9 -1.1830053707011534e-12 9507.350780128003 7.387780849071683e8
2150 54837.61279021848 25.603013799128817 6.351727212626179e-7 5.061951843228443e-10 2.5906237826013967e-10 7.796938461979153e-6 5.445008610660551e-9 4.151512245087474e-9 1.187057312968548e-13 9507.350780128052 7.387780849071704e8
2200 56116.49994739716 25.55511667497511 6.33579931288207e-7 5.092012505628378e-10 2.598968463595883e-10 7.806628900652868e-6 5.6091692401949445e-9 3.4591217945578734e-9 -6.77512889584767e-13 9507.350780128054 7.3877808490717e8
2250 57393.25195010457 25.517432234694763 6.336769901911411e-7 5.124003406546553e-10 2.5910878942366355e-10 7.480474550902727e-6 5.382152390431827e-9 3.77800178294474e-9 -2.946383268776477e-13 9507.350780128032 7.387780849071637e8
2300 58668.383279546724 25.490100610126746 6.353184860674293e-7 5.157585682926243e-10 2.5716562867123813e-10 7.0982935085339705e-6 4.842372725022415e-9 4.056583156192284e-9 2.9563862918556813e-13 9507.350780128058 7.387780849071633e8
2350 59942.413784600256 25.47319833691447 6.359664142090707e-7 5.19339136690685e-10 2.5492489935213715e-10 6.826723847552785e-6 4.182128199303747e-9 3.764973895148405e-9 1.4731600458943042e-12 9507.350780128034 7.38778084907171e8
2400 61215.865602215665 25.466742183625914 6.378551251661288e-7 5.230283203059148e-10 2.5258548994247814e-10 6.672421250186744e-6 3.693706285279319e-9 3.779166535267109e-9 -4.976757647082732e-13 9507.350780128043 7.387780849071684e8
2450 62489.260253147826 25.470692341796255 6.396787080954243e-7 5.268344584651117e-10 2.5101348587012313e-10 6.6930872435477795e-6 3.7913661099509e-9 3.775156853791373e-9 1.0637310465134807e-12 9507.350780128027 7.387780849071677e8
2500 63763.11588024234 25.484954948696593 6.409994095646443e-7 5.305546880291074e-10 2.5060409015431185e-10 6.742627647327026e-6 3.733858278121005e-9 3.642473545006908e-9 -9.03433798203092e-13 9507.350780128061 7.387780849071624e8
2550 65037.81404404538 25.493304781474464 6.410862433237007e-7 5.342896407661438e-10 2.5091162799757853e-10 6.859563200123375e-6 4.274460008169001e-9 3.4150567929103204e-9 6.989983302091002e-13 9507.350780128081 7.387780849071646e8
2600 66311.97128217801 25.47504725223886 6.404759016146341e-7 5.382298705614292e-10 2.509608077710691e-10 6.845900088592316e-6 4.886923976599178e-9 3.14408585277981e-9 5.966898989454292e-13 9507.350780128021 7.387780849071666e8
2650 67585.47673548765 25.467051522281487 6.382473717130585e-7 5.425764131136764e-10 2.5040580190998756e-10 6.6319121287961025e-6 4.967650124587664e-9 2.8644364657992583e-9 -5.676442787728132e-13 9507.350780128088 7.387780849071683e8
2700 68858.84662421075 25.46943179737238 6.354280536739387e-7 5.474988750059179e-10 2.4895006979293834e-10 6.7750440848612925e-6 4.362426808679487e-9 2.91793092466186e-9 -4.752196958157761e-13 9507.350780127937 7.387780849071703e8
2750 70132.60152875137 25.48224902477385 6.332538322013337e-7 5.528856137876291e-10 2.469356986708598e-10 7.2856903443607735e-6 3.9566945830848965e-9 2.9616619989791815e-9 1.457045606465896e-13 9507.350780128034 7.38778084907162e8
2800 71407.26367212534 25.505508640430346 6.315419896838885e-7 5.584307698202532e-10 2.451154290215286e-10 7.57379416427284e-6 3.4730790465786754e-9 2.996692588519423e-9 -1.7550272882583658e-12 9507.350780128018 7.387780849071653e8
2850 72683.35407262335 25.539157645704734 6.302862846858607e-7 5.636802943389748e-10 2.4393555576530615e-10 7.475095799236442e-6 3.892182187659188e-9 3.3598588078387337e-9 -1.73370577277301e-14 9507.350780128028 7.387780849071665e8
2900 73961.38953351979 25.583081030593174 6.304624064601166e-7 5.683092123595759e-10 2.437842878540438e-10 7.835929636712535e-6 4.7023649973887416e-9 3.540488180409085e-9 -4.212549417974881e-13 9507.350780128027 7.387780849071716e8
2950 75241.8794382263 25.637097590285762 6.306399023952853e-7 5.72169146395561e-10 2.445405941264963e-10 8.424517545790877e-6 5.345823728131194e-9 3.58165680447442e-9 -1.1686336005798056e-12 9507.350780128021 7.38778084907163e8
3000 76523.0352708186 25.597119014920704 6.280591372841347e-7 5.752194588132451e-10 2.459379696727389e-10 8.22999345473363e-6 5.704184458110717e-9 3.577946272592669e-9 -2.336483037737034e-13 9507.350780128067 7.387780849071662e8
3050 77801.65667132259 25.55036220552034 6.262261389997932e-7 5.776597599721554e-10 2.475042086181963e-10 7.537243618571665e-6 5.695950433537433e-9 3.6003468539824723e-9 7.953458690832998e-13 9507.350780128098 7.387780849071631e8
3100 79078.20045141978 25.513837161940586 6.287780043915404e-7 5.798253653776062e-10 2.4909734538152264e-10 7.2976959017978515e-6 5.3341802641604374e-9 3.6714885576216716e-9 -6.601839682872928e-13 9507.350780128098 7.387780849071635e8
3150 80353.18185645732 25.48767664757757 6.318698828814599e-7 5.817794577697809e-10 2.5060915720572284e-10 7.4311753905931255e-6 4.802921726998477e-9 3.752850641358663e-9 -4.079840650901001e-13 9507.350780128056 7.387780849071672e8
3200 81627.12114308399 25.471950291255315 6.329491503235748e-7 5.837094266138877e-10 2.51939514911787e-10 7.2461814397684066e-6 4.128169694972428e-9 3.844322749024798e-9 6.70097251326911e-14 9507.350780128012 7.387780849071708e8
3250 82900.54052096525 25.46666834635711 6.352251049707322e-7 5.859569164966377e-10 2.533850653527921e-10 6.710722573188832e-6 4.092958943990865e-9 3.877072274338644e-9 -1.049184545056722e-12 9507.350780128018 7.387780849071646e8
3300 84173.96126624489 25.471784807622406 6.391992213088222e-7 5.886303091627971e-10 2.5519478251904204e-10 7.035798716970021e-6 4.245054169293994e-9 3.862896003070659e-9 -8.132802365145155e-13 9507.350780128052 7.3877808490717e8
3350 85447.90097380587 25.487199857389744 6.417366795611377e-7 5.917442161823385e-10 2.5715819299767847e-10 6.925096386112273e-6 4.327013775062838e-9 3.78853476368235e-9 -8.713561612263249e-13 9507.350780128125 7.387780849071667e8
3400 86705.92291070124 25.491034115603462 6.405695505405827e-7 5.949428930059613e-10 2.593410212705656e-10 7.2904524586192565e-6 4.3405679051033985e-9 3.5584668545141085e-9 4.4831970016297223e-13 9507.350780128028 7.387780849071672e8
3450 87979.99240049647 25.473790415539693 6.372493233727443e-7 5.980779423330759e-10 2.619369619684547e-10 7.245002962008584e-6 4.603689096605024e-9 3.4605467935655554e-9 -1.2198504771942821e-12 9507.350780128034 7.387780849071684e8
3500 89253.46116744481 25.466822205628674 6.346548387198752e-7 6.011338332433433e-10 2.6484613143028296e-10 6.904234624016681e-6 4.710643319860708e-9 3.367067846760108e-9 -6.346176292761253e-13 9507.350780128052 7.387780849071667e8
3550 90526.84598404338 25.47023847779196 6.338334673836909e-7 6.041637549383656e-10 2.6803041785597056e-10 6.597219226023299e-6 4.190659652625328e-9 3.1328696815588475e-9 -1.1228733222023459e-12 9507.35078012806 7.387780849071715e8
3600 91800.66771757971 25.484094770894643 6.319998757967433e-7 6.073061048354144e-10 2.7131587516039107e-10 7.231012659758562e-6 3.985611340961981e-9 2.9843121984035603e-9 4.635850791635092e-13 9507.350780128041 7.387780849071637e8
3650 93075.4486011771 25.50839085228984 6.305581953748102e-7 6.105987735951592e-10 2.745226079951837e-10 7.851272584957769e-6 4.140686238329749e-9 3.2010692985195988e-9 -7.191072782795678e-13 9507.35078012803 7.387780849071665e8
3700 94351.70937172693 25.54306772735331 6.285373076378328e-7 6.13933868420562e-10 2.7746664398198326e-10 8.18720695860975e-6 4.621675320226615e-9 3.6786187429527217e-9 1.9237775696842267e-13 9507.350780128034 7.387780849071634e8
3750 95629.96624162563 25.588004000697794 6.252246078508049e-7 6.171641670345982e-10 2.799309568140155e-10 8.169659849954769e-6 5.5465012582800455e-9 4.059802577449645e-9 8.221058702743493e-13 9507.350780128043 7.387780849071652e8
3800 96910.72767296557 25.643011635305584 6.234992290269912e-7 6.202329792696876e-10 2.8181284134342457e-10 7.923053544800496e-6 6.269765928657023e-9 4.292992350496405e-9 -6.018498315682475e-13 9507.350780128127 7.387780849071666e8
3850 98191.65187163703 25.59201658763369 6.234438386479413e-7 6.231859800702314e-10 2.82994952744938e-10 7.720797611909802e-6 6.659156281951795e-9 4.3040013705808455e-9 -1.0310589715144948e-12 9507.350780128005 7.387780849071687e8
3900 99470.04381450602 25.54626938719214 6.23943042866882e-7 6.262377734920399e-10 2.8321892242947793e-10 7.721353313172585e-6 6.610054281708244e-9 4.179759080513712e-9 -3.787422133642557e-13 9507.350780127956 7.387780849071677e8
3950 100746.40905701992 25.510770100518446 6.270066821898675e-7 6.294884924567552e-10 2.8233479334314033e-10 7.730772949798848e-6 6.0848634464427676e-9 4.48524812776685e-9 -1.5831195932797054e-13 9507.350780128047 7.387780849071645e8
4000 102021.26348531651 25.485645027601997 6.287674324165923e-7 6.330407406705957e-10 2.8061023218272177e-10 7.536809562225244e-6 5.250958445834897e-9 4.486487740346101e-9 -1.454023161932634e-12 9507.350780128018 7.387780849071689e8
4050 103295.12768412626 25.47095773460526 6.289700427769791e-7 6.367441706753242e-10 2.785738369865529e-10 7.128860488592181e-6 4.431823130701673e-9 3.73500968348095e-9 -4.0150507353875133e-13 9507.350780128043 7.387780849071721e8
4100 104568.52389699846 25.46671275211833 6.285463703875183e-7 6.403331399683717e-10 2.771875371239425e-10 6.715974222970544e-6 4.4415738864600485e-9 3.425205480356297e-9 -9.101315161442588e-14 9507.350780128041 7.387780849071659e8
4150 105841.97315506788 25.472858625236018 6.319794077185695e-7 6.437157494711368e-10 2.771156342984276e-10 7.006844725765404e-6 4.407274656337279e-9 3.835425921305813e-9 -6.868898861478183e-13 9507.350780128067 7.387780849071672e8
4200 107115.9925412651 25.489290293056335 6.361019457461256e-7 6.469828796909391e-10 2.781146503379717e-10 6.679210173388128e-6 4.462054059573006e-9 3.989950980720636e-9 -1.1589081359647046e-12 9507.350780128047 7.38778084907173e8
4250 108390.72670745415 25.488584832386643 6.381441398660701e-7 6.502241870435901e-10 2.7945588918416983e-10 6.6152676936326316e-6 4.620791249632106e-9 3.893916383779228e-9 -4.259665331825339e-13 9507.350780128052 7.38778084907169e8
4300 109664.70296858423 25.47249052716752 6.376403215155238e-7 6.536546771009657e-10 2.802733206974374e-10 6.596435014216695e-6 4.699590883117111e-9 3.577610152571964e-9 -7.232276622838199e-13 9507.35078012806 7.38778084907168e8
4350 110938.13638030607 25.466686590765107 6.329039823688109e-7 6.575329661810291e-10 2.801483661617864e-10 6.5398996866861125e-6 4.3975454944167325e-9 3.090195460631051e-9 -1.9903000662286579e-13 9507.350780128008 7.387780849071656e8
4400 112211.5443088414 25.471276093759656 6.285260500967465e-7 6.618821362242535e-10 2.788668122920489e-10 7.014075208644499e-6 4.292983163400876e-9 2.9484195362972088e-9 -5.5507205818695e-13 9507.350780128085 7.387780849071617e8
4450 113485.44791366512 25.486308426524825 6.264996872400364e-7 6.665169758532354e-10 2.7683869139003153e-10 7.530354650953086e-6 4.125892183459712e-9 3.366101147816991e-9 2.9617754803662957e-13 9507.350780128005 7.387780849071723e8
4500 114760.36940523039 25.511776904203714 6.27208210021347e-7 6.710321671067212e-10 2.7488659483078873e-10 7.866674422984943e-6 4.217610316548104e-9 4.0861869721187105e-9 -2.785241267560117e-13 9507.350780128038 7.387780849071667e8
4550 116036.82916583146 25.54761570272556 6.271611329926976e-7 6.751347186185971e-10 2.7343604700277414e-10 8.001087280717911e-6 5.044293260869637e-9 4.474510290064515e-9 -9.426969799762165e-13 9507.350780127988 7.387780849071653e8
4600 117315.34270064092 25.59369614857246 6.256660210373983e-7 6.78565508456852e-10 2.725880013330531e-10 8.028682032090728e-6 5.981087070061619e-9 4.588984248155015e-9 -3.3387763780024216e-13 9507.350780128087 7.387780849071659e8
4650 118596.39675770936 25.6410436058793 6.239200256662558e-7 6.812704631460775e-10 2.7235730315023904e-10 8.086382194960606e-6 6.6896754247203205e-9 4.513898865798893e-9 -4.62258818596802e-13 9507.350780127988 7.387780849071696e8
4700 119877.01304192044 25.586361564622937 6.23220158877417e-7 6.833992468681393e-10 2.7266607323634365e-10 8.108531346806558e-6 7.0202847979317085e-9 4.440808276662267e-9 2.031085717686708e-12 9507.350780128023 7.387780849071666e8
4750 121155.15134251432 25.54175936227128 6.234948226283223e-7 6.851176892608378e-10 2.7326861211771166e-10 7.996426347745e-6 6.876831382118809e-9 4.487553162402236e-9 -1.4979646714494644e-14 9507.350780128016 7.387780849071653e8
4800 122431.32066962066 25.507422551582824 6.248323134001294e-7 6.866282157401198e-10 2.7389798825653674e-10 7.765130931147723e-6 6.2718217841428725e-9 4.54084553291878e-9 2.3121987847580877e-13 9507.35078012803 7.387780849071689e8
4850 123706.03759601686 25.483470167750724 6.271284284955568e-7 6.881021543826616e-10 2.7457952983017886e-10 7.445190703947446e-6 5.3462989590968846e-9 4.586079793700293e-9 -2.921648520798808e-13 9507.350780128032 7.387780849071709e8
4900 124979.82304152945 25.469958959714173 6.306569883128144e-7 6.896728751859492e-10 2.7542957429941454e-10 7.095577302607126e-6 4.87107221225358e-9 4.6098681538708774e-9 4.92763753901485e-13 9507.35078012804 7.387780849071659e8
4950 126253.19925383694 25.46688701675631 6.342499754040776e-7 6.914493343461573e-10 2.764071552628815e-10 6.803465339544346e-6 5.07074224276316e-9 4.600384795327983e-9 -8.381288945157658e-13 9507.350780128074 7.387780849071685e8
5000 127526.68695414184 25.47419674436497 6.365346626064065e-7 6.93448570504124e-10 2.775898989511662e-10 6.9211678237479646e-6 5.183897505700585e-9 4.5271779658406786e-9 -1.0564101737374276e-12 9507.350780128058 7.387780849071654e8
5050 128800.80261454218 25.491777167915604 6.379316643707304e-7 6.956239005420022e-10 2.7908850096265517e-10 6.898387709952658e-6 5.198989377896979e-9 4.341513482053472e-9 -7.342386454876561e-13 9507.350780127981 7.387780849071633e8
5100 130058.8228754859 25.48652752245532 6.389349821452351e-7 6.977729517918424e-10 2.8099963410244295e-10 7.096750550772413e-6 5.1684013735453505e-9 4.365067474143558e-9 -2.767295652710607e-13 9507.35078012806 7.387780849071678e8
5150 131332.72214754543 25.47145045743576 6.384310566653218e-7 6.997870930951484e-10 2.834368019564149e-10 7.15702549314301e-6 5.045118905977475e-9 4.350574900335857e-9 -1.1204209064005353e-12 9507.350780127976 7.38778084907172e8
5200 132606.12977502187 25.4666763610187 6.362060053628513e-7 7.016627101149921e-10 2.862548072756396e-10 7.0199071160459425e-6 4.747583326469851e-9 4.1394649374915105e-9 -4.584706148274145e-13 9507.35078012803 7.387780849071642e8
5250 133879.5636209772 25.472303053648382 6.346256014281749e-7 7.034723218252049e-10 2.8925074929375923e-10 7.0797545959067065e-6 4.3081503642294905e-9 3.649075153155934e-9 -5.667837316198749e-13 9507.35078012802 7.38778084907169e8
5300 135153.54507418623 25.48837446739625 6.321746044659882e-7 7.053213811197742e-10 2.923706160665129e-10 7.437168051183107e-6 4.397015695989381e-9 3.4296744888528963e-9 -8.451558985755207e-13 9507.350780127996 7.387780849071615e8
5350 136428.59629476612 25.514878184577498 6.301342807950592e-7 7.072133628604139e-10 2.9525254024504774e-10 7.686004892093479e-6 4.896357097550208e-9 3.390659253366124e-9 2.329124952757899e-14 9507.350780128072 7.387780849071609e8
5400 137705.23731960717 25.551742307290453 6.294280389324734e-7 7.090685650765944e-10 2.979076187472188e-10 7.78563867243065e-6 5.196664931705897e-9 3.6374275258488353e-9 1.2889455215401835e-12 9507.350780128048 7.387780849071653e8
5450 138983.98299477214 25.598831685941256 6.286404532385443e-7 7.107818110215435e-10 3.0019001826397874e-10 7.788794164298452e-6 5.874798425509198e-9 4.034914846684501e-9 3.2401849791784095e-13 9507.350780128003 7.387780849071692e8
5500 140265.23956931103 25.635161018181226 6.273883031371153e-7 7.123044579686003e-10 3.0166690796913867e-10 7.8077869147819e-6 6.592441148534078e-9 4.320161842846781e-9 -4.255515752394875e-13 9507.350780128038 7.387780849071692e8
5550 141545.58691835124 25.581471089170446 6.260777453485146e-7 7.137488566468192e-10 3.023232090388174e-10 7.755883189020096e-6 6.948111419546876e-9 4.437315903604855e-9 7.804454329104133e-13 9507.350780128005 7.387780849071656e8
5600 142823.50646864378 25.53788256200181 6.270389605834872e-7 7.153087128990286e-10 3.019182358116667e-10 7.534957148891408e-6 6.8555085497301604e-9 4.2276555173303976e-9 -1.1941742963746613e-12 9507.35078012804 7.38778084907168e8
5650 144099.5081325829 25.50457416916067 6.283633195918135e-7 7.171591771821686e-10 3.004451477566632e-10 7.279923238456831e-6 6.289416210059073e-9 4.55868734774989e-9 1.0234662462451886e-12 9507.35078012801 7.387780849071666e8
5700 145374.10905579038 25.481658571518118 6.301994141440757e-7 7.192531066934994e-10 2.9817178241374356e-10 7.055351034068735e-6 5.371283695598805e-9 4.254464325975649e-9 7.472191234269432e-13 9507.350780128018 7.387780849071727e8
5750 146647.83042238234 25.469186532252063 6.335315944495459e-7 7.213844322623793e-10 2.958593097741554e-10 7.093799013091484e-6 5.141448156109618e-9 3.462102965423597e-9 1.3102093640934317e-12 9507.350780127997 7.387780849071679e8
5800 147921.19445361686 25.467150480722477 6.367963428878539e-7 7.233906577513622e-10 2.9450357101410725e-10 7.3344269821973285e-6 5.280703513355078e-9 3.753097999048549e-9 -9.296780932999863e-14 9507.350780128101 7.387780849071677e8
5850 149194.72156817932 25.475487422000466 6.402693835797388e-7 7.251829853674329e-10 2.942982805645638e-10 7.2328036822000286e-6 5.344611031521396e-9 3.5931724540194665e-9 7.231582633198732e-13 9507.35078012802 7.387780849071646e8
5900 150468.92767080094 25.49408117288426 6.411428031948296e-7 7.269218853073087e-10 2.951452140593089e-10 6.899023901496548e-6 5.329840763179661e-9 3.7881501824266195e-9 1.0858066176381325e-13 9507.350780127994 7.387780849071684e8
5950 151743.60178524317 25.48432037841952 6.411150386806365e-7 7.288355981092048e-10 2.961181167374791e-10 6.964440672163619e-6 5.282075665746788e-9 3.853105751128183e-9 8.250483863456866e-14 9507.350780128043 7.38778084907165e8
6000 153017.42003344378 25.470396345390444 6.401980620341971e-7 7.311391815456997e-10 2.9644999235954764e-10 7.011670959400362e-6 5.112090695202909e-9 3.726084274457975e-9 7.72789052039694e-13 9507.35078012803 7.387780849071647e8
6050 154290.8046608684 25.466788919227234 6.373264267621712e-7 7.339671733056292e-10 2.957809441467504e-10 6.826561957495869e-6 4.780936119219703e-9 3.5163903178148104e-9 4.4515271433928343e-13 9507.35078012803 7.387780849071705e8
6100 155564.27406128016 25.473589957060614 6.343696740738131e-7 7.373443469499911e-10 2.9396322496637064e-10 6.987749657128006e-6 4.497465899699904e-9 3.6618102161600774e-9 -1.2216428849182832e-12 9507.350780128014 7.387780849071654e8
6150 156838.34985011545 25.49083718477516 6.322326202416264e-7 7.411405725109561e-10 2.9151514254937355e-10 7.349633278863621e-6 4.640979212044982e-9 3.6580661000318315e-9 -6.398584475879573e-13 9507.350780127965 7.387780849071635e8
6200 158113.55409601243 25.518511659031468 6.310190415355153e-7 7.449492180826788e-10 2.889751434399248e-10 7.536751127190655e-6 5.163880878455984e-9 4.316496188261354e-9 -1.4448758998709233e-12 9507.350780128034 7.387780849071635e8
6250 159390.40640837385 25.55653456312872 6.296269210953843e-7 7.483511441414996e-10 2.8691708848187453e-10 7.729764774921932e-6 5.491812393731976e-9 4.622695698452972e-9 1.4740193965133813e-12 9507.350780127974 7.387780849071631e8
6300 160669.42084831017 25.60476336583912 6.277308607398997e-7 7.511147210854159e-10 2.8569280645417856e-10 7.941387593746185e-6 6.156071707952293e-9 4.6409874276953644e-9 6.792359581715144e-13 9507.35078012804 7.387780849071637e8
6350 161950.8406042492 25.62862111390477 6.271501395795445e-7 7.531703373541692e-10 2.8524436791687773e-10 8.059485026024049e-6 6.87030404789013e-9 4.498952654863331e-9 -6.039564789975326e-13 9507.35078012802 7.387780849071652e8
6400 163230.88955053687 25.57605695956294 6.274235300069135e-7 7.54589667928497e-10 2.8544965153605545e-10 7.997548436833313e-6 7.201669538492439e-9 4.4085740613653e-9 -9.370206233389264e-13 9507.35078012805 7.387780849071656e8
6450 164508.56762060183 25.53361776643912 6.281217892838029e-7 7.554655279972833e-10 2.860096792852583e-10 7.805851282682852e-6 7.043487515456803e-9 4.4743326266249994e-9 -1.1132895645880882e-12 9507.350780128005 7.387780849071664e8
6500 165784.3857072255 25.501474604920976 6.292577880500515e-7 7.560239706557206e-10 2.867536376367337e-10 7.598307320222375e-6 6.375250716228464e-9 4.517505203249783e-9 -1.061831668662293e-12 9507.350780128048 7.387780849071647e8
6550 167058.86156626052 25.47973297161351 6.316534821277244e-7 7.564846030380203e-10 2.875454360255689e-10 7.3464248089294415e-6 5.955849174954508e-9 4.539530917835322e-9 3.755187511423207e-13 9507.350780128001 7.387780849071656e8
6600 168332.51664516545 25.468436898268344 6.354309521911142e-7 7.569573167700065e-10 2.8835090895269227e-10 6.958625363040483e-6 6.125309565119252e-9 4.519670970815071e-9 9.909224396761179e-13 9507.35078012802 7.387780849071677e8
6650 169605.87310147707 25.467572443450223 6.389990749187884e-7 7.57577234361393e-10 2.8936498625618755e-10 7.077882401063107e-6 6.2186910620987135e-9 4.444329348984866e-9 1.8570396970447886e-13 9507.350780128087 7.387780849071634e8
6700 170879.450979204 25.47707052649058 6.422711136848517e-7 7.584029257841248e-10 2.9062323556443436e-10 7.075603662087815e-6 6.236394706204962e-9 4.309770429422599e-9 -5.367751409958063e-13 9507.350780127988 7.387780849071666e8
6750 172153.7655097762 25.496809088265632 6.44034817844558e-7 7.594413613672831e-10 2.922603150016065e-10 6.943314247109811e-6 6.192237195223882e-9 4.425240007766007e-9 2.8571170565993283e-13 9507.350780128023 7.387780849071639e8
6800 173411.687753736 25.482477261819778 6.437942950223999e-7 7.605464824586533e-10 2.9431739616896016e-10 7.3084302130155265e-6 6.134380753364255e-9 4.456994273649428e-9 -1.4118903330003163e-12 9507.35078012805 7.387780849071672e8
6850 174685.43980829464 25.469573655311585 6.417147055893991e-7 7.616518056870035e-10 2.96699823812077e-10 7.405590849884902e-6 5.95549756732261e-9 4.345058701726856e-9 -6.846853921620377e-13 9507.350780128021 7.387780849071687e8
6900 175958.80957834653 25.466998157166657 6.380976011691356e-7 7.627430901231221e-10 2.993639944548005e-10 7.171356855906197e-6 5.616852399858985e-9 4.0164508940954136e-9 4.745070402480758e-13 9507.35078012804 7.387780849071708e8
6950 177232.31589864436 25.474837335458854 6.351361079412118e-7 7.638378427900066e-10 3.022629487344144e-10 7.173890935519012e-6 5.090163762710986e-9 3.4385963521010865e-9 -1.1193717855110799e-13 9507.350780128054 7.387780849071695e8
7000 178506.48055577002 25.493123404611637 6.338687727626541e-7 7.650017054439684e-10 3.0524366033714847e-10 7.319481255763094e-6 4.882550086460213e-9 3.3209400229772257e-9 -1.0263810027309472e-12 9507.35078012804 7.387780849071739e8
7050 179781.825506843 25.521831620957908 6.328559904297745e-7 7.662175864055614e-10 3.0807963918012307e-10 7.467095656465972e-6 5.058547969394311e-9 3.510230939252068e-9 -9.882680489585454e-13 9507.350780128016 7.38778084907171e8
7100 181058.86995096222 25.56087701311287 6.308565039938644e-7 7.674364923804328e-10 3.1046131804033987e-10 7.694183068451821e-6 5.352680798598186e-9 4.026893901665218e-9 -5.890957378354897e-13 9507.350780128028 7.387780849071593e8
7150 182338.1272208558 25.610110480248075 6.289607829013115e-7 7.686308609690363e-10 3.121866632196312e-10 7.933399047033163e-6 6.204096680839655e-9 4.4456483494492716e-9 6.319326072917074e-13 9507.350780127977 7.387780849071646e8
7200 183619.6327178043 25.62294622840973 6.279150114458235e-7 7.697740284721032e-10 3.132561129945984e-10 7.993229246494593e-6 7.047123606884753e-9 4.648721546596235e-9 -1.2685709429525408e-12 9507.350780128067 7.387780849071646e8
7250 184899.42325424595 25.571379433928303 6.278850844877801e-7 7.708966227220355e-10 3.1348676921468626e-10 7.82593679105048e-6 7.486890551966496e-9 4.5367638257243215e-9 1.0416162290781834e-12 9507.350780128028 7.387780849071637e8
7300 186176.8933234287 25.52995767900765 6.288728676373007e-7 7.721176165396852e-10 3.1264793666039675e-10 7.558466677437536e-6 7.432088167114159e-9 4.582186029049307e-9 -4.41348693887919e-14 9507.35078012806 7.387780849071673e8
7350 187452.55464871592 25.49884531202642 6.311424752763313e-7 7.73553492814531e-10 3.1077817965719955e-10 7.248282827276853e-6 6.853519807226149e-9 4.739431430644814e-9 -1.7444018282645918e-12 9507.350780127996 7.387780849071611e8
7400 188726.92549176174 25.478141542437978 6.339047107588524e-7 7.751594014382354e-10 3.0832010083248574e-10 6.948683903829078e-6 5.952862786040569e-9 4.084170019541533e-9 -8.420755418033792e-13 9507.350780128027 7.387780849071678e8
7450 190000.5275013051 25.467884490437662 6.353256135966011e-7 7.76724790889934e-10 3.06166836970277e-10 7.34195350560185e-6 6.078989950308866e-9 3.4695034623055676e-9 -3.9641453987987967e-13 9507.350780128038 7.387780849071635e8
7500 191273.88274881095 25.4680546149528 6.381012816225944e-7 7.780250298647631e-10 3.0517378689816485e-10 7.343395964198862e-6 6.143838771066612e-9 3.3851980107968416e-9 1.1019885415763095e-13 9507.350780128003 7.387780849071658e8
7550 192547.51091877234 25.47857748102608 6.417684589653566e-7 7.791166465753156e-10 3.0554927396774603e-10 7.21650394552853e-6 6.151137876830859e-9 3.420723176938978e-9 5.045926876528025e-14 9507.350780128032 7.38778084907164e8
7600 193821.92662020025 25.4993258529587 6.441984315313997e-7 7.802431888545219e-10 3.066902664277144e-10 6.9766215347044636e-6 6.125020601821518e-9 3.6833064931407478e-9 -5.639780990222531e-13 9507.350780128003 7.387780849071671e8
7650 195096.4448791165 25.480513129237693 6.45128972624484e-7 7.816489694278074e-10 3.076931242256767e-10 6.872181074868422e-6 6.027127130714405e-9 3.770158574223359e-9 1.0803762683626946e-12 9507.35078012806 7.387780849071633e8
7700 196370.1281517481 25.468765936531806 6.427214819600719e-7 7.835798154699932e-10 3.078227441413304e-10 6.793121428927407e-6 5.848226097837639e-9 3.6599315245133823e-9 -1.751425003415991e-12 9507.350780128081 7.387780849071593e8
7750 197643.48730111765 25.46735924313622 6.388751391690004e-7 7.861017235906744e-10 3.0685357849809995e-10 6.757180926797446e-6 5.520921192436745e-9 3.3792605103055706e-9 -2.639625489726025e-13 9507.350780127992 7.387780849071666e8
7800 198917.041629228 25.476373608516568 6.353561516984845e-7 7.890486805447586e-10 3.050138064368556e-10 7.10553922544932e-6 5.009484743689896e-9 3.2542936956314605e-9 -8.379599439345716e-13 9507.350780128012 7.387780849071692e8
7850 200191.31308318672 25.49583497926089 6.326195427998313e-7 7.922023558597289e-10 3.0276195535916675e-10 7.454882052115863e-6 5.248932288814956e-9 3.817764937519286e-9 3.468512356698277e-15 9507.350780128001 7.387780849071664e8
7900 201466.8234590103 25.525712008549046 6.31819921587183e-7 7.95252819786414e-10 3.005419323722994e-10 7.793308441250701e-6 5.321525664570004e-9 4.322020769054191e-9 -2.419471635011665e-12 9507.350780127947 7.387780849071698e8
7950 202744.09145441835 25.56591271348997 6.316779120613635e-7 7.978968736635913e-10 2.987951209844039e-10 8.07790684120846e-6 5.514441903109457e-9 4.528128733083392e-9 -8.471794766414957e-14 9507.350780127968 7.387780849071676e8
8000 204023.62953830996 25.61628050551552 6.3089118904422e-7 7.999032859421022e-10 2.978659242491373e-10 8.191371762222843e-6 6.416498943284665e-9 4.52750220647502e-9 -3.2555933439753537e-13 9507.350780128005 7.387780849071617e8
8050 205305.16596696316 25.616642615087297 6.294127471600095e-7 8.012039209943356e-10 2.977252121600484e-10 8.124384976326837e-6 7.197499485300796e-9 4.633614436588829e-9 5.94213073852851e-13 9507.35078012803 7.387780849071695e8
8100 206584.6700668209 25.56620725893203 6.281966341633292e-7 8.019445669172428e-10 2.98099696885233e-10 7.994921361387242e-6 7.614346431150665e-9 4.642023321288491e-9 -3.603194208109191e-14 9507.350780128014 7.387780849071681e8
8150 207861.91086207546 25.525938832374052 6.288609637718491e-7 8.023313419905026e-10 2.986730613490148e-10 7.869451565056806e-6 7.513031918815471e-9 4.612993653729802e-9 -1.2061207297511436e-12 9507.35078012803 7.387780849071625e8
8200 209137.4009758769 25.495994132189058 6.305902609730932e-7 8.025659906989097e-10 2.9934266162658557e-10 7.677063649680349e-6 6.873896563064363e-9 4.570225364819436e-9 -4.963263138196696e-13 9507.350780128076 7.387780849071621e8
8250 210411.65920471467 25.47646530114582 6.33362348026548e-7 8.027959958624628e-10 3.0010803742339176e-10 7.523272188336705e-6 5.7437541944871384e-9 4.527224872763469e-9 -1.0512220029154862e-13 9507.350780128047 7.387780849071617e8
8300 211685.20738978375 25.467383810859417 6.368080195798846e-7 8.03124072530061e-10 3.009604757747083e-10 8.002355798453209e-6 5.767421124014405e-9 4.505428030654457e-9 1.1189448622294221e-12 9507.350780128036 7.387780849071609e8
8350 212958.56747168073 25.468723816389588 6.404791447259434e-7 8.036842204662635e-10 3.019263162421345e-10 7.930300853331573e-6 5.893544846591325e-9 4.4876935501037e-9 -6.196992450953216e-13 9507.350780128012 7.387780849071654e8
8400 214232.25869601525 25.480404848115633 6.437439001381991e-7 8.045256947796212e-10 3.0311842456501844e-10 7.5451227985467995e-6 5.9231763660516634e-9 4.441278678157801e-9 -5.630754338774024e-13 9507.350780128078 7.387780849071679e8
8450 215506.78970038876 25.499492336927148 6.444828952299689e-7 8.05598215725086e-10 3.0464715744188263e-10 7.015554501776933e-6 5.908193739800893e-9 4.333928549371535e-9 -5.942705074781862e-14 9507.350780128032 7.387780849071687e8
8500 216764.52199855165 25.47888500917611 6.431565613745941e-7 8.067832337842448e-10 3.064816106937698e-10 7.057525408526999e-6 5.76269962304643e-9 4.2571033365135236e-9 5.113688982152606e-13 9507.350780128008 7.387780849071709e8
8550 218038.14990704978 25.468161189901565 6.4055820424383e-7 8.080156018278711e-10 3.087189842830035e-10 6.964893145777751e-6 5.434706518148147e-9 4.175691681318483e-9 -1.9703514536955845e-12 9507.35078012803 7.387780849071707e8
8600 219311.50514785777 25.467788266038813 6.381336446064818e-7 8.092692440898191e-10 3.1131070788724164e-10 6.801355993957259e-6 4.897281968840872e-9 3.920985425232004e-9 -1.3843935062575714e-12 9507.35078012811 7.38778084907172e8
8650 220585.10740769346 25.47784146632554 6.360821774876813e-7 8.106079493947231e-10 3.1408811925592953e-10 7.073285360092996e-6 4.765152217256485e-9 3.861189423748357e-9 6.023964082360202e-13 9507.350780128016 7.387780849071708e8
8700 221859.47874609078 25.498341169929674 6.34343007738226e-7 8.120179592939072e-10 3.168426478629039e-10 7.404349162243307e-6 5.196506169813375e-9 3.6996449792603414e-9 -6.422227984975875e-14 9507.350780127985 7.38778084907165e8
8750 223135.14078566004 25.52925015936631 6.326390802681721e-7 8.134030974527647e-10 3.193730450415414e-10 7.633251243532868e-6 5.274452652415107e-9 3.5716548607567233e-9 -1.7872482699916986e-13 9507.350780127994 7.387780849071627e8
8800 224412.61174807532 25.57047021369626 6.30788044763387e-7 8.146457713548416e-10 3.2163949726131396e-10 7.812247986294096e-6 5.5058139714070364e-9 4.0181422078511275e-9 -4.824079926400139e-13 9507.350780128014 7.387780849071671e8
8850 225692.4033036252 25.621838079031335 6.293232581218636e-7 8.157004470718678e-10 3.233945734932199e-10 7.953975909913424e-6 6.641737382295787e-9 4.3259667514838895e-9 1.0914494713273105e-13 9507.350780128056 7.387780849071667e8
8900 226973.9085899313 25.611176741552697 6.287200446945937e-7 8.166372333275552e-10 3.2432881519081284e-10 8.021155508686206e-6 7.198028784127786e-9 4.413731796715226e-9 -1.0730209354114404e-12 9507.350780127947 7.387780849071707e8
8950 228253.16486218388 25.561743660432324 6.28852454622187e-7 8.175623854515187e-10 3.2435770058837765e-10 7.974971595103852e-6 7.495437714943876e-9 4.189691621414582e-9 5.364855798014083e-13 9507.350780127974 7.387780849071668e8
9000 229530.20844684044 25.52249612487047 6.297305605523038e-7 8.18604121663426e-10 3.2335023895964544e-10 7.801110768923536e-6 7.282794312057916e-9 4.5087167636556624e-9 1.06877946218044e-12 9507.35078012805 7.38778084907163e8
9050 230805.5527270192 25.49358430601909 6.319325842075498e-7 8.198413952701682e-10 3.2142291408895994e-10 7.504061613872182e-6 6.542828334676898e-9 4.494218112244264e-9 -5.125558598055203e-13 9507.350780128058 7.387780849071633e8
9100 232079.71693891435 25.475094143826286 6.341916525830631e-7 8.212100791384384e-10 3.192497558945958e-10 7.352972033913829e-6 5.6171213513867e-9 3.7041817599337e-9 -5.0220919220139396e-14 9507.35078012804 7.38778084907163e8
9150 233353.2230627861 25.46705126931969 6.375193790552003e-7 8.225318696407834e-10 3.17455738426627e-10 7.791572215865017e-6 5.756301019177457e-9 3.4963172079738314e-9 -8.345766247887872e-13 9507.350780127996 7.387780849071642e8
9200 234626.59289413362 25.46942429482171 6.409344611921999e-7 8.236930841564024e-10 3.1675150535826873e-10 7.840758144084248e-6 5.8382119139110955e-9 3.357521760616322e-9 5.430492859501265e-13 9507.350780128074 7.387780849071698e8
9250 235900.34526251082 25.482127439168337 6.428626348036843e-7 8.247937020825299e-10 3.1728289922797477e-10 7.5182369982940145e-6 5.861075791369075e-9 3.431536582665373e-9 -8.983576229505542e-15 9507.350780128027 7.387780849071614e8
9300 237174.95850647433 25.49696889151693 6.441805336893941e-7 8.26068027515752e-10 3.1821530798246663e-10 6.947318752281717e-6 5.8402135905133434e-9 3.758405808795828e-9 -1.0683707262134716e-12 9507.350780127981 7.387780849071643e8
9350 238449.25961829734 25.477164720992242 6.432959034482732e-7 8.27748107611143e-10 3.1890445678228786e-10 6.920622354300576e-6 5.666136976278935e-9 3.885470778453026e-9 8.180563210746773e-13 9507.350780128068 7.387780849071659e8
9400 239722.831021744 25.467600433348657 6.407145641015424e-7 8.299982170305689e-10 3.1873698134535433e-10 6.849021474408801e-6 5.318963852696257e-9 3.811419846400099e-9 -2.725651488207182e-13 9507.350780128001 7.387780849071667e8
9450 240996.1880427787 25.468398176101783 6.383086681783798e-7 8.328333668004741e-10 3.1742431925490314e-10 6.761802524124505e-6 4.9749857011782694e-9 3.5429028599764933e-9 -1.4077785640398644e-12 9507.350780128078 7.38778084907171e8
9500 242269.8507713955 25.479627120587708 6.352719406689047e-7 8.361128455580202e-10 3.154310899693109e-10 7.141538389987545e-6 4.844236733969609e-9 3.344102182667452e-9 2.890060026864479e-13 9507.350780128021 7.387780849071695e8
9550 243544.34136082718 25.50130131330015 6.333183025485129e-7 8.39530365730971e-10 3.1321785016880794e-10 7.490260259146453e-6 5.265441971324947e-9 3.768262618608631e-9 -2.4454974430255135e-13 9507.350780128016 7.387780849071606e8
9600 244820.18120211974 25.533376853326516 6.325297554558657e-7 8.427296750591411e-10 3.112581237581768e-10 7.777036444167607e-6 5.340242137386042e-9 4.090384864152696e-9 8.676679652527197e-13 9507.350780128056 7.387780849071691e8
9650 246097.8879406969 25.575748412605712 6.310528288591042e-7 8.454482154769513e-10 3.099669343695801e-10 8.027913736441405e-6 5.718606144178295e-9 4.1541146078571956e-9 -4.0839902303314656e-13 9507.35078012805 7.387780849071681e8
9700 247377.9723030183 25.628245140628135 6.298587890221652e-7 8.475437354773636e-10 3.0928741260261737e-10 8.206927077480941e-6 6.913439265510135e-9 4.289656574396616e-9 4.0964787533737414e-13 9507.350780128047 7.387780849071666e8
9750 248659.37615195307 25.605110790639202 6.290616532171751e-7 8.490156872143125e-10 3.0918590829640025e-10 8.282143198812264e-6 7.2568253628446655e-9 4.544971954345556e-9 2.1565416947612342e-13 9507.350780128036 7.387780849071622e8
9800 249938.3580128727 25.556814443548973 6.293757957187259e-7 8.49961228743693e-10 3.0952761859838113e-10 8.2420583567e-6 7.4445410391810185e-9 4.711127210565991e-9 3.8853321064326447e-13 9507.350780127997 7.387780849071716e8
9850 251215.18457122735 25.518723887551737 6.308040355650046e-7 8.505420719696202e-10 3.1015175183094247e-10 8.079033932517632e-6 7.126308321225849e-9 4.791992913588672e-9 8.98652209587169e-13 9507.350780127994 7.387780849071683e8
9900 252490.37003050436 25.490981850295455 6.325429009118849e-7 8.509564039634414e-10 3.109252352839744e-10 7.78890148467326e-6 6.317090683882753e-9 4.820336074740084e-9 -7.066609330558974e-13 9507.350780128038 7.387780849071671e8
9950 253764.43408738665 25.473667299621212 6.354790796289892e-7 8.513532934069432e-10 3.116088518170257e-10 7.400473805319052e-6 5.632117133780312e-9 4.823749788496201e-9 4.021808758635282e-13 9507.35078012808 7.387780849071634e8
10000 255037.8988445812 25.466799297068132 6.388497654806446e-7 8.518549224911389e-10 3.122803391941255e-10 7.702858283664682e-6 5.800773972275408e-9 4.8057257617806215e-9 -1.074531918371299e-12 9507.350780128016 7.387780849071637e8
10050 256311.28590026617 25.47034021454344 6.420409155625687e-7 8.525551216863098e-10 3.131568076530834e-10 7.697962018937687e-6 5.9092542803451664e-9 4.749123205805006e-9 -4.941809286066297e-13 9507.350780128008 7.387780849071679e8
10100 257585.11358142088 25.484198283447306 6.442773318001457e-7 8.534835811964167e-10 3.1437934138620753e-10 7.406969189105439e-6 5.940903630152761e-9 4.63155319652131e-9 -8.206413128283031e-13 9507.35078012806 7.387780849071656e8
10150 258859.79444191128 25.494233625885027 6.44979832545924e-7 8.546192213169833e-10 3.159622312857477e-10 6.8932288286305266e-6 5.9095756066440686e-9 4.608913695136607e-9 -6.795642272363206e-14 9507.350780128087 7.387780849071656e8
10200 260117.33007995185 25.47575233758654 6.437607350651219e-7 8.559172404977162e-10 3.178654051647849e-10 6.776608415748342e-6 5.740550673705158e-9 4.617768334380656e-9 -1.463155108360922e-12 9507.350780128003 7.387780849071637e8
10250 261390.85697991433 25.467214139287147 6.412880682268569e-7 8.573353876610606e-10 3.201596005414193e-10 6.820692078690627e-6 5.384119400320131e-9 4.482656912330185e-9 8.864506751914898e-13 9507.350780128005 7.387780849071689e8
10300 262664.22106060846 25.46904725446085 6.387176022865911e-7 8.587994192640094e-10 3.227521898531046e-10 6.772745109628886e-6 4.970068190335297e-9 4.147640508822548e-9 -7.603063321866448e-14 9507.350780128054 7.387780849071664e8
10350 263937.94274 25.481315478573208 6.360570160217048e-7 8.60299032637297e-10 3.255513389433275e-10 7.116829465303454e-6 4.941321796181342e-9 3.9928244599529705e-9 -1.276991669653762e-12 9507.350780128038 7.387780849071691e8
10400 265212.5442243906 25.504027231570028 6.337221069911449e-7 8.618160491273821e-10 3.2839906807169823e-10 7.294154102055472e-6 5.3178709769063914e-9 3.7257078533414756e-9 6.173119207355573e-13 9507.35078012799 7.387780849071658e8
10450 266488.5466687466 25.537132668728617 6.324493366575449e-7 8.632661555785344e-10 3.310121803629974e-10 7.445778464898467e-6 5.33581245854009e-9 3.815204551588236e-9 -3.6101149599620764e-13 9507.350780128028 7.387780849071654e8
10500 267766.4671757791 25.580520137782024 6.316798993622397e-7 8.645566425552534e-10 3.332597967806132e-10 7.622687689945451e-6 5.845924966330074e-9 4.007485315815629e-9 3.354430032240901e-13 9507.35078012807 7.387780849071655e8
10550 269046.8156020552 25.63401202491864 6.311091445143399e-7 8.656636300586271e-10 3.349482637420591e-10 7.782644388498738e-6 7.059153706023835e-9 4.308577716827244e-9 3.530942707437579e-13 9507.350780127976 7.387780849071634e8
10600 270328.07147599215 25.599855122734652 6.306032522867412e-7 8.6666550279148e-10 3.3580746785085185e-10 7.893992460594745e-6 7.593374151682042e-9 4.3280425909841824e-9 7.948478716902897e-13 9507.350780128056 7.387780849071715e8
10650 271606.81614305236 25.552565648687708 6.299926987648207e-7 8.677241747818544e-10 3.356880911175933e-10 7.939851911942242e-6 7.831015447212764e-9 3.999582248725986e-9 1.8851917457298986e-13 9507.350780128016 7.387780849071736e8
10700 272883.45631727774 25.51549914002834 6.309775835294924e-7 8.689658432376813e-10 3.3445172471457626e-10 7.844969331927132e-6 7.522685252503436e-9 4.092503889593924e-9 -3.4089441149548426e-13 9507.350780128063 7.387780849071668e8
10750 274158.5068924826 25.488791792612002 6.33591230824058e-7 8.703957927234295e-10 3.323750522080215e-10 7.508485396101605e-6 6.682303377303356e-9 3.93496461803533e-9 -1.3380129821181753e-12 9507.350780128038 7.38778084907168e8
10800 275432.48793979175 25.47251645288994 6.370179445202026e-7 8.718625615619852e-10 3.3013286115902976e-10 7.54185543883068e-6 5.723542112479052e-9 3.5539474974033425e-9 2.0866018975093619e-13 9507.350780128023 7.387780849071664e8
10850 276705.92163946043 25.466686410316758 6.403312409024494e-7 8.732201864516985e-10 3.285104625627967e-10 7.85752877163759e-6 5.9002557839527014e-9 3.6608334003096488e-9 -7.261907587375689e-14 9507.350780128032 7.387780849071687e8
10900 277979.32938611996 25.471258548378884 6.432465556118418e-7 8.744258870099476e-10 3.2796775935699793e-10 7.742249181319494e-6 6.010391323529873e-9 3.3613521133180058e-9 -1.6304314993766197e-12 9507.350780128061 7.387780849071655e8
10950 279253.2290345939 25.486135826947773 6.452911424099924e-7 8.756444738296199e-10 3.2832756729794714e-10 7.272726406881702e-6 6.038587685441854e-9 3.4676253535259605e-9 -2.10342037746167e-13 9507.350780128054 7.387780849071642e8
11000 280527.94712372357 25.49192259880605 6.457869145920756e-7 8.771516085969708e-10 3.289632628440546e-10 6.958489620956243e-6 5.983215256577523e-9 3.6058712404862803e-9 -1.0678404224062103e-12 9507.350780127996 7.387780849071697e8
11050 281802.0508073217 25.47427666545251 6.444503629631696e-7 8.791213787457185e-10 3.291559407639396e-10 6.829291805843241e-6 5.7590216206993006e-9 3.597753872597309e-9 1.4220661355690705e-13 9507.350780128036 7.387780849071591e8
11100 283075.5335110189 25.4669008537187 6.425075187905979e-7 8.81641599461948e-10 3.2841163852280326e-10 6.67420681566e-6 5.335044572785108e-9 3.490653995019688e-9 -7.70245699664436e-13 9507.35078012799 7.387780849071621e8
11150 284348.91179139365 25.469906225333244 6.400233246947036e-7 8.846580840962958e-10 3.2675445089176735e-10 6.752096851414535e-6 5.038455264116948e-9 3.376134510846285e-9 -8.592596825036544e-14 9507.350780127963 7.3877808490717e8
11200 285622.70640518493 25.483350466762612 6.37298554312676e-7 8.879191958768984e-10 3.245213781992463e-10 7.215024879769771e-6 5.070541209128976e-9 3.494853517693741e-9 5.598519716554675e-13 9507.350780128036 7.387780849071703e8
11250 286897.43958488456 25.5072355969496 6.352887196928347e-7 8.91069149419107e-10 3.223117394668541e-10 7.672347464904306e-6 5.373765099569994e-9 3.8117179135266355e-9 -3.500684759156847e-13 9507.350780128 7.387780849071757e8
11300 288173.6321825619 25.541505003671602 6.336870244636779e-7 8.938143560923578e-10 3.206725176925818e-10 8.086798743534018e-6 5.342067788127736e-9 3.922465297012678e-9 -1.0130477866093934e-12 9507.350780128027 7.38778084907171e8
11350 289451.8006487659 25.586039828933657 6.332738024886505e-7 8.959944629710585e-10 3.196667531704057e-10 8.414124067712692e-6 6.037349287169036e-9 3.903143863670522e-9 -6.977179193242849e-13 9507.350780127992 7.387780849071679e8
11400 290732.4538150509 25.64065475070698 6.33007295480645e-7 8.975976123172798e-10 3.1921096166700366e-10 8.577939752285602e-6 7.14824577308093e-9 4.124228514257311e-9 -1.3023117133871168e-12 9507.350780128036 7.387780849071708e8
11450 292013.47640271083 25.594028086942796 6.318397008062106e-7 8.98689622181923e-10 3.191578176163662e-10 8.497654334860272e-6 7.672525781377004e-9 4.337117776032073e-9 -1.7619401429877671e-12 9507.350780128036 7.387780849071667e8
11500 293291.9587372021 25.54788028898119 6.308798784806514e-7 8.994022720254881e-10 3.1927945097721746e-10 8.21156868369144e-6 7.949165881093734e-9 4.491675587026123e-9 -1.2251740956493055e-13 9507.35078012802 7.387780849071671e8
11550 294568.39416920237 25.511974081345556 6.310167506140627e-7 8.998815590818691e-10 3.1950459670392716e-10 7.892064104453311e-6 7.666261236938254e-9 4.587110136178296e-9 -8.322335721818854e-13 9507.350780128014 7.387780849071624e8
11600 295843.2983346018 25.486438321578987 6.338601913869393e-7 9.002795180273373e-10 3.198108763527603e-10 7.65277627579053e-6 6.810714658911365e-9 4.625300309424318e-9 -1.0012786795511334e-13 9507.350780128058 7.387780849071693e8
11650 297117.1916916337 25.471338975356428 6.38490864323648e-7 9.007128805137819e-10 3.2023275493120257e-10 7.501996151404455e-6 5.988923579280936e-9 4.626987071265631e-9 -2.6916220651961095e-13 9507.350780128005 7.387780849071605e8
11700 298390.59647380153 25.466682838691153 6.422318028127915e-7 9.012695154548027e-10 3.208389777755767e-10 7.677847406739602e-6 6.110610212273215e-9 4.6245437479441875e-9 -1.1755796815588636e-12 9507.350780128036 7.387780849071646e8
11750 299664.03381261573 25.472420614835116 6.447262093391774e-7 9.02054990288496e-10 3.2164066123321093e-10 7.515904371757642e-6 6.161578053331951e-9 4.604073233771544e-9 2.3028155662189583e-13 9507.350780128052 7.387780849071721e8
11800 300938.0209971202 25.488449320123472 6.462107429481867e-7 9.031177875573105e-10 3.2272436306243096e-10 7.114871777957887e-6 6.171756911088622e-9 4.523270313860905e-9 -4.0541008144799675e-13 9507.350780128038 7.38778084907168e8
11850 302212.75574601756 25.489428379237193 6.465887295761766e-7 9.044233938111292e-10 3.242200471767173e-10 6.6537588736537145e-6 6.090675686021285e-9 4.475824433303188e-9 -6.07781767838279e-14 9507.350780128012 7.387780849071664e8
11900 303470.1164836604 25.473080712812983 6.448233211654074e-7 9.058854586523423e-10 3.2608988804730056e-10 6.878799240439548e-6 5.833653698994468e-9 4.445117052220837e-9 -4.85093014624432e-13 9507.350780128021 7.387780849071703e8
11950 304743.56557323213 25.466733470037013 6.416304366344803e-7 9.074734681121573e-10 3.283159747680343e-10 6.907470833539264e-6 5.365312499838737e-9 4.494734640037024e-9 -3.5109366612791704e-13 9507.35078012803 7.38778084907162e8
12000 306016.96189817577 25.470775572100756 6.385633400711386e-7 9.091294941043373e-10 3.3074560985376435e-10 6.788396149204345e-6 5.125171509412496e-9 4.568734002230457e-9 -7.098834380507435e-13 9507.350780128032 7.387780849071689e8
12050 307290.8264859565 25.485259281551542 6.359982307608856e-7 9.10818590958431e-10 3.3326063099182074e-10 7.1909601047082106e-6 5.231488575674348e-9 4.485196214432108e-9 5.615247259933536e-13 9507.350780128028 7.387780849071671e8
12100 308565.6815621287 25.510180928737988 6.342109811254713e-7 9.124807973867925e-10 3.3571640818228993e-10 7.510205477956333e-6 5.513790923838968e-9 4.200175762747449e-9 -2.329718433553029e-13 9507.35078012805 7.387780849071664e8
12150 309842.0476792216 25.545477881779572 6.331030269677421e-7 9.140155346534004e-10 3.378916598859094e-10 7.77536865825823e-6 5.453450746539801e-9 3.690988570337339e-9 -1.1440203830507462e-13 9507.350780128052 7.387780849071662e8
12200 311120.4406774763 25.591024869481572 6.321861204352866e-7 9.153333810474637e-10 3.3962088930739484e-10 8.028825277506257e-6 6.378411465668421e-9 4.0036681470123625e-9 1.480059738751233e-12 9507.350780128 7.387780849071634e8
12250 312401.36597817135 25.644188579850976 6.314193818679659e-7 9.163973824485891e-10 3.407722443387639e-10 8.223059467127314e-6 7.339765628611161e-9 4.244345319648346e-9 1.3321633673777908e-13 9507.350780128038 7.387780849071671e8
12300 313682.12623680633 25.58898376427676 6.305662471279846e-7 9.173127274282162e-10 3.4113771232531105e-10 8.284355544674327e-6 7.92432169882673e-9 4.218782712062108e-9 4.1190534585985713e-13 9507.350780128056 7.387780849071655e8
12350 314960.38205998286 25.543847120137162 6.309692444877649e-7 9.182396069467958e-10 3.405998241003327e-10 8.17561362964625e-6 8.002970897091899e-9 4.3301675650158256e-9 3.7438491565549605e-13 9507.350780128036 7.387780849071655e8
12400 316236.64196779946 25.508967819668655 6.326050820093744e-7 9.193079562295647e-10 3.392365746981321e-10 7.90499325376004e-6 7.518999367572832e-9 4.571308193090928e-9 2.6647862037582627e-13 9507.350780128027 7.387780849071625e8
12450 317511.4222178054 25.48446828008808 6.351467641524719e-7 9.205427535720802e-10 3.37321673003216e-10 7.513429636674118e-6 6.492818949155321e-9 3.9992538551636425e-9 3.91857181709536e-13 9507.350780128012 7.387780849071642e8
12500 318785.24357827066 25.47040842462102 6.383250074822173e-7 9.218538835819945e-10 3.3541682510184567e-10 7.547986797362682e-6 6.147877484874442e-9 3.3630784823657223e-9 1.4444001580077306e-12 9507.350780127994 7.387780849071664e8
12550 320058.62829944503 25.466789342602397 6.41576869611969e-7 9.231790338485778e-10 3.340659684377319e-10 7.631081643921789e-6 6.336286190178342e-9 3.411183890911218e-9 9.644455383966162e-13 9507.350780128005 7.387780849071649e8
12600 321332.0972513976 25.47355629989148 6.446946429686438e-7 9.24529993448643e-10 3.335392436911888e-10 7.376093890343327e-6 6.413561043361327e-9 3.58249244158948e-9 5.8199407006279904e-15 9507.350780128023 7.387780849071658e8
12650 322606.16719530476 25.49060107799893 6.459791442650822e-7 9.260107060104768e-10 3.3377031796397356e-10 6.942210802662885e-6 6.417402054204047e-9 3.6673280801036157e-9 -5.92836102685441e-13 9507.35078012801 7.387780849071711e8
12700 323880.8941116321 25.487330670860043 6.454323086783335e-7 9.278075882489498e-10 3.3420487621088617e-10 6.762662451365031e-6 6.319852974279172e-9 3.682686544603797e-9 1.8052350456060326e-12 9507.350780128048 7.387780849071673e8
12750 325154.82328341063 25.4718503709108 6.434645777478839e-7 9.300793925871153e-10 3.341360223878218e-10 6.701006896037143e-6 6.038124750196161e-9 3.5908136186701967e-9 7.945999498742597e-13 9507.350780128087 7.387780849071664e8
12800 326428.2405145783 25.466668108257693 6.399732408784988e-7 9.32909176571165e-10 3.332569974161645e-10 6.6091035932913655e-6 5.530518099039483e-9 3.6545623749439926e-9 -7.143977210020858e-14 9507.35078012801 7.387780849071633e8
12850 327701.66347443627 25.471883785649837 6.36273244145135e-7 9.362106975748339e-10 3.316051696434046e-10 6.9258380790415686e-6 5.226634736121838e-9 3.338492683691019e-9 1.0483235192902393e-12 9507.35078012801 7.387780849071733e8
12900 328975.6134641372 25.487543501011938 6.335679381776256e-7 9.397309132248494e-10 3.295032542259576e-10 7.430235200445168e-6 5.382721601776552e-9 3.3745468641654952e-9 -6.804216634012199e-13 9507.350780127994 7.38778084907168e8
12950 330250.61266715336 25.513637112153916 6.312465962460192e-7 9.43157634100103e-10 3.275310925453218e-10 7.801414085406577e-6 5.6511997859054475e-9 3.7840573730019145e-9 7.287597169374555e-13 9507.350780127983 7.38778084907168e8
13000 331527.1812608661 25.55009513262738 6.297954625756837e-7 9.461545191945535e-10 3.260807017507609e-10 8.078253813437186e-6 5.7375926232339225e-9 3.990344221715958e-9 1.8030437134927245e-13 9507.350780128043 7.387780849071668e8
13050 332805.8343563848 25.596784984186602 6.295267575401318e-7 9.485087509526425e-10 3.2527877907018885e-10 8.28357997306739e-6 6.868361379641641e-9 4.061238678687573e-9 -1.099283058862866e-12 9507.350780128072 7.387780849071715e8
13100 334087.0172475252 25.63748018580651 6.29246488536095e-7 9.502510939507796e-10 3.2507504388019073e-10 8.40317352412967e-6 7.747304964222934e-9 4.312457113631041e-9 -1.7856119949799043e-12 9507.350780128018 7.387780849071614e8
13150 335367.4705644466 25.583396860674267 6.290647204306641e-7 9.514872852023575e-10 3.251813009565337e-10 8.40464849716227e-6 8.21417439622607e-9 4.459135616308174e-9 -3.10967424480746e-13 9507.350780128041 7.387780849071602e8
13200 336645.4761854683 25.539406477715964 6.295793573265846e-7 9.523866775729826e-10 3.2540864505522054e-10 8.253014811998582e-6 8.136019580273768e-9 4.525650132425341e-9 9.006999576371391e-13 9507.350780128028 7.387780849071679e8
13250 337921.54366953904 25.505690465940642 6.312210960681195e-7 9.531134150694338e-10 3.257470342722696e-10 7.931686241136049e-6 7.473300145388606e-9 4.5459738196029775e-9 -7.200685735836147e-13 9507.350780128081 7.387780849071662e8
13300 339196.1899390842 25.482364006795283 6.341633176289805e-7 9.538044523644759e-10 3.2613284809907693e-10 7.479554824385559e-6 6.28990748374747e-9 4.5369785706128596e-9 -1.3356115386588496e-12 9507.35078012802 7.387780849071642e8
13350 340469.9360770532 25.469480231077526 6.377613747381811e-7 9.54600490403982e-10 3.2654542338001047e-10 7.363656095549231e-6 6.3365165059448e-9 4.498428018973044e-9 5.865169680579417e-14 9507.350780128058 7.387780849071646e8
13400 341743.304318537 25.46703380730779 6.412865196602447e-7 9.556040375639383e-10 3.2705047503202783e-10 7.5296843533578794e-6 6.52739970408156e-9 4.433723110874865e-9 -7.86032767428434e-13 9507.350780127937 7.38778084907167e8
13450 343016.81520529435 25.47496387756527 6.439934655765001e-7 9.568861288540967e-10 3.277864954614184e-10 7.377050451395917e-6 6.6012912358637266e-9 4.346635273932975e-9 -5.904559575288437e-13 9507.350780128094 7.387780849071666e8
13500 344290.9848699516 25.493156320486488 6.453586097618503e-7 9.584632941630486e-10 3.2885311268693834e-10 6.9444668042706326e-6 6.60730550827715e-9 4.447320955947021e-9 1.491484244057482e-13 9507.350780128021 7.387780849071685e8
13550 345565.67739635526 25.48507845377509 6.448290680476858e-7 9.602958103448092e-10 3.302871051988981e-10 6.712536560371518e-6 6.4831396362485805e-9 4.468857950357119e-9 -1.2217716319617428e-12 9507.35078012806 7.387780849071671e8
13600 346822.8857100189 25.470871494765145 6.424117187508489e-7 9.622913494720944e-10 3.319942897766292e-10 6.876847919556894e-6 6.170360972168609e-9 4.599305380992291e-9 1.202468669100145e-14 9507.350780128087 7.387780849071739e8
13650 348096.28024261206 25.466720040403477 6.389509183241246e-7 9.644264791561918e-10 3.340036222522546e-10 6.898173978697741e-6 5.632508986996854e-9 4.7411181092194e-9 5.943308127847881e-13 9507.350780128028 7.387780849071631e8
13700 349369.73224590323 25.472973556826556 6.352770792210035e-7 9.666100433169039e-10 3.3619281728958096e-10 6.809721298850491e-6 5.4161902740546e-9 4.754526272687798e-9 -1.6257736323619395e-12 9507.35078012802 7.387780849071643e8
13750 350643.76323399926 25.48967266722869 6.321486358742705e-7 9.68781729394494e-10 3.3835182490746417e-10 7.140187790355412e-6 5.625931942532247e-9 4.581477031084802e-9 1.7599577256866158e-14 9507.350780128056 7.38778084907165e8
13800 351918.8953227523 25.516801475600595 6.297852354906871e-7 9.708574908598293e-10 3.4035107399956496e-10 7.556483751613996e-6 5.888408705079229e-9 4.189420033107183e-9 9.484138991113994e-13 9507.35078012807 7.387780849071625e8
13850 353195.64832570474 25.554284396788745 6.280821764905363e-7 9.727197275179575e-10 3.4213827265680437e-10 7.863407063268824e-6 6.1778266391421255e-9 3.688225891362862e-9 -7.467625261055288e-13 9507.350780128001 7.387780849071709e8
13900 354474.5366750785 25.601982347763546 6.274411945339099e-7 9.742812628678285e-10 3.4352529104567237e-10 8.084846740530338e-6 7.320984762859695e-9 4.211242632390366e-9 -7.088228304362211e-13 9507.35078012801 7.387780849071612e8
13950 355755.8890554453 25.6316543203946 6.272391028918798e-7 9.755621544280636e-10 3.4439056432648206e-10 8.253847909145406e-6 8.159164122112372e-9 4.394017899533864e-9 9.379293908064688e-13 9507.350780128023 7.387780849071631e8
14000 357036.0763225197 25.578564967109887 6.272188807368876e-7 9.766749592491655e-10 3.4457695773202406e-10 8.361850859728293e-6 8.536605256015406e-9 4.151529092721873e-9 -4.3420012198787136e-13 9507.350780128034 7.387780849071671e8
14050 358313.86616082524 25.535589703053972 6.278097827360861e-7 9.777868398682833e-10 3.439414997970501e-10 8.334051472047577e-6 8.338513102223999e-9 4.38088804902842e-9 4.612168993455234e-13 9507.35078012802 7.387780849071579e8
14100 359589.7690114545 25.502903162921946 6.293030305171928e-7 9.790316245999206e-10 3.4251730520028965e-10 8.083253987933858e-6 7.526371303967494e-9 4.5445158955437215e-9 -8.644354093734399e-13 9507.350780128041 7.387780849071655e8
14150 360864.3023507779 25.48061417665832 6.328630269573526e-7 9.804364890317074e-10 3.4060389091067416e-10 7.617252094860305e-6 6.1775882742587385e-9 3.914720256292803e-9 -1.8181858495055632e-13 9507.350780128027 7.387780849071687e8
14200 362137.98750818527 25.468769908566532 6.375516484985409e-7 9.819398961416226e-10 3.388125927410875e-10 7.259840003825957e-6 6.44493963752879e-9 3.667186082578766e-9 -6.448092260918468e-13 9507.350780128021 7.387780849071652e8
14250 363411.3466753682 25.467359382800538 6.417845524292952e-7 9.834529886028734e-10 3.377281145938323e-10 7.4731369750224985e-6 6.625745618826784e-9 3.482133109633523e-9 -1.487036967002364e-12 9507.35078012803 7.387780849071641e8
14300 364684.9000752637 25.476316352496383 6.447968518906656e-7 9.849791150673577e-10 3.3759343637594724e-10 7.349509814957855e-6 6.699135690624303e-9 3.509283197367097e-9 -1.5252169266709904e-13 9507.350780128003 7.387780849071673e8
14350 365959.1632573039 25.495521495445686 6.459283426455431e-7 9.866325422512908e-10 3.3822228827213386e-10 6.895194928802084e-6 6.708031852209473e-9 3.6602108011152268e-9 -1.864757819062743e-12 9507.35078012799 7.387780849071683e8
14400 367233.80291331233 25.483194917499045 6.452682909246674e-7 9.885656876615774e-10 3.390218012018272e-10 7.043861614874913e-6 6.574747801746383e-9 3.599659653685805e-9 -1.2107357608535947e-12 9507.350780128012 7.387780849071653e8
14450 368507.5805675054 25.46988714895805 6.43019284286482e-7 9.90913511638471e-10 3.392417707632578e-10 6.962976158320089e-6 6.2524594390822585e-9 3.493460382086866e-9 -1.1286085483056047e-12 9507.35078012801 7.38778084907165e8
14500 369780.95560596447 25.4669029968432 6.394811150076997e-7 9.937476308300813e-10 3.3843621006425637e-10 6.687955874440377e-6 5.694612253970277e-9 3.4194783116170413e-9 9.41267720279074e-13 9507.35078012799 7.387780849071643e8
14550 371054.4466919858 25.474331125505785 6.358475715153527e-7 9.969709104277664e-10 3.366490458163129e-10 6.8151450705045136e-6 5.523966450926565e-9 3.182973079551843e-9 -7.223671151308816e-13 9507.350780128 7.387780849071659e8
14600 372328.57554766594 25.492205934582095 6.331030375767051e-7 1.0003431752452819e-9 3.343594704279787e-10 7.368138540186919e-6 5.822348658757193e-9 3.805220305519441e-9 -9.155149612923398e-13 9507.35078012802 7.387780849071691e8
14650 373603.864177726 25.520504980727654 6.310364795289727e-7 1.0035500774639081e-9 3.3211055053872616e-10 7.859151537559228e-6 6.038230970784042e-9 4.159017297222789e-9 4.965316390302427e-13 9507.350780128032 7.387780849071689e8
14700 374880.83194737573 25.55914573399286 6.292125366396711e-7 1.0062908815964603e-9 3.303474189149334e-10 8.265865290013608e-6 6.588571688226352e-9 4.308708390077243e-9 -3.98570813551056e-13 9507.350780128001 7.387780849071715e8
14750 376159.9924816396 25.607981699966444 6.277345815866099e-7 1.0083821906613946e-9 3.2929916405015744e-10 8.542402156308526e-6 7.771657484223482e-9 4.470329051375899e-9 -1.0855016809836187e-12 9507.35078012799 7.387780849071662e8
14800 377441.4705736878 25.625181241196767 6.277035249238006e-7 1.0098431273114926e-9 3.288722887304814e-10 8.63878449308686e-6 8.603477041901897e-9 4.7050051632524514e-9 3.311369470779342e-13 9507.350780128008 7.387780849071708e8
14850 378721.3628231859 25.573219304591607 6.286253730526935e-7 1.0108161822100254e-9 3.289052560420038e-10 8.519775064996793e-6 8.911609949979749e-9 4.836926303930511e-9 -1.1637050402140503e-12 9507.350780128056 7.38778084907169e8
14900 379998.91463627067 25.531394540799674 6.294100206559406e-7 1.0114849196086715e-9 3.292192801981418e-10 8.209130328395986e-6 8.585980371123014e-9 4.891891336455956e-9 -9.668161112823242e-13 9507.350780128074 7.387780849071671e8
14950 381274.6374114498 25.499873954012635 6.30542883512115e-7 1.0120398881929655e-9 3.296149568991027e-10 7.807253950886661e-6 7.617547759242171e-9 4.899142924674749e-9 5.012998264669208e-13 9507.350780128048 7.387780849071664e8
15000 382549.0492138499 25.47875923807615 6.329937551253044e-7 1.0126485609211529e-9 3.2996693509720225e-10 7.430970526911551e-6 6.335005658941739e-9 4.876700876454976e-9 1.017015492892963e-13 9507.350780127981 7.387780849071603e8
15050 383822.6716160279 25.468090849689936 6.373177900601649e-7 1.0134338152366e-9 3.302791541021222e-10 7.327281309699174e-6 6.549486258888848e-9 4.8318682943637725e-9 2.0006572633307623e-13 9507.350780127983 7.387780849071716e8
15100 385096.0267268516 25.46785146138465 6.423814019832908e-7 1.0144533935337126e-9 3.3071256181442824e-10 7.579503062515869e-6 6.71651287365016e-9 4.76805545046588e-9 2.496376455869285e-13 9507.350780128005 7.387780849071659e8
15150 386369.6343763314 25.47796875567255 6.45707185927945e-7 1.0157295607457812e-9 3.314397267937782e-10 7.4448937539273174e-6 6.7812052362281605e-9 4.667745079345309e-9 -5.288430787234784e-13 9507.350780128014 7.387780849071662e8
15200 387644.0094229894 25.498317544821443 6.462863925555104e-7 1.0172704988696164e-9 3.325341061398511e-10 6.928428547325893e-6 6.798867080437532e-9 4.667901287724874e-9 -1.098806240119198e-12 9507.350780128061 7.387780849071645e8
15250 388901.92776640266 25.48141208360924 6.443978434229454e-7 1.018985136997615e-9 3.3397731604136254e-10 6.965805368963629e-6 6.6608766280396026e-9 4.710933976248555e-9 -4.985650286738791e-13 9507.350780128072 7.387780849071628e8
15300 390175.64227280044 25.46912593559629 6.402981940977661e-7 1.0208182603911902e-9 3.3576481298744055e-10 7.049242185530602e-6 6.3176067710557504e-9 4.6261027786265174e-9 1.1696960852568226e-12 9507.350780128041 7.387780849071705e8
15350 391449.0055516061 25.467174596712656 6.357171165446992e-7 1.0226877117968522e-9 3.378560795163346e-10 6.877352689116378e-6 5.854015827644332e-9 4.753880622487827e-9 -2.1316710205369387e-12 9507.350780127996 7.387780849071693e8
15400 392722.53669134394 25.475641428944055 6.321184931416182e-7 1.024557868224246e-9 3.4009955033443223e-10 7.015340543148341e-6 5.4713057140443055e-9 4.7441552353255645e-9 1.3857872288990376e-13 9507.350780128008 7.38778084907166e8
15450 393996.7575687246 25.494555303081636 6.298834387041175e-7 1.0264144738279293e-9 3.422703547983628e-10 7.560507583548315e-6 5.8634394006773505e-9 4.5506617918356085e-9 -7.008481715584363e-13 9507.350780128 7.387780849071677e8
15500 395272.19005944324 25.523887953880724 6.283056986185597e-7 1.028219918078493e-9 3.4418243998996284e-10 7.892211669968674e-6 6.251220541209079e-9 4.148138665893697e-9 -6.240163392663466e-13 9507.350780128074 7.387780849071597e8
15550 396549.35309972067 25.56355067135051 6.266066824685054e-7 1.0298706370327425e-9 3.457222406123843e-10 8.123083944155951e-6 6.99389668401551e-9 3.893682126721032e-9 -2.5524651771444985e-13 9507.350780127976 7.387780849071695e8
15600 397828.75956615526 25.613390362530875 6.247300624541146e-7 1.031284267472778e-9 3.468065400031195e-10 8.320541837747442e-6 8.17504425265625e-9 4.351123655821354e-9 -4.87694757852114e-13 9507.350780128034 7.387780849071689e8
15650 399110.29029573075 25.619563635340395 6.233709504666809e-7 1.0324495465977898e-9 3.4743321664101985e-10 8.468093028568546e-6 8.968453368840557e-9 4.442899936840661e-9 6.56161939366427e-13 9507.350780127994 7.387780849071625e8
15700 400389.92704584735 25.56860081220279 6.233612293515678e-7 1.0334761687269251e-9 3.4745297078407827e-10 8.491897915519075e-6 9.212725304852398e-9 4.13036138624534e-9 1.3311295621217581e-13 9507.350780128027 7.387780849071665e8
15750 401667.27384562214 25.52779483003144 6.246066471042865e-7 1.0345780023314468e-9 3.466348086087668e-10 8.323745760208112e-6 8.793182404431832e-9 4.5201471151126715e-9 -1.1449967546814437e-13 9507.350780128016 7.387780849071679e8
15800 402942.842904299 25.497305996497506 6.268173153082313e-7 1.035891224161509e-9 3.449825548738247e-10 7.96212748355174e-6 7.695293346987597e-9 4.495511018998144e-9 8.225605531415859e-13 9507.350780128012 7.387780849071671e8
15850 404217.1527741475 25.47722974035646 6.300628480155175e-7 1.0374009921423542e-9 3.428966059031886e-10 7.4791610131796915e-6 6.433872490330117e-9 3.7133391500576707e-9 1.592740682750431e-12 9507.350780128047 7.387780849071726e8
15900 405490.7252113629 25.467600625332885 6.338047119713669e-7 1.0389954532754719e-9 3.41004295244293e-10 7.2655734584259335e-6 6.661929341511552e-9 3.5224037575609657e-9 5.444803404480604e-13 9507.350780128038 7.387780849071664e8
15950 406764.0822219283 25.468395738969615 6.368971811591988e-7 1.0406011505050534e-9 3.398925229981079e-10 7.2805912623152835e-6 6.787589768020297e-9 3.74079819898121e-9 -1.8446914675977325e-13 9507.350780127956 7.387780849071693e8
16000 408037.7432601495 25.479537419814577 6.388194170583685e-7 1.0422682924871917e-9 3.397416709740741e-10 7.025321338005597e-6 6.842765770675996e-9 3.7532559005182264e-9 1.0957172683032562e-12 9507.350780127981 7.387780849071715e8
16050 409312.2225136762 25.500862631436185 6.393453475859955e-7 1.0441032778350813e-9 3.4033266733346046e-10 6.781605179639882e-6 6.8491146087978905e-9 3.826972905240922e-9 -1.5690244243953719e-13 9507.350780128043 7.387780849071631e8
16100 410586.67911789275 25.47951701172326 6.382700902945477e-7 1.0462050879861944e-9 3.4118371723388015e-10 6.9464858825085685e-6 6.67943389487391e-9 3.658342989654173e-9 1.0132133868957765e-12 9507.350780128023 7.387780849071697e8
16150 411860.3283200799 25.46838818826053 6.357724755077829e-7 1.0486734491700846e-9 3.4163158295883854e-10 6.806629016864463e-6 6.3511276793271065e-9 3.4252202740781e-9 1.5334835398108955e-12 9507.35078012807 7.387780849071691e8
16200 413133.68449244363 25.467606209561353 6.322821750866033e-7 1.0515425331505167e-9 3.4132330363374946e-10 6.701990287183435e-6 5.880025660820465e-9 3.3658687573212553e-9 2.0386017451355146e-13 9507.350780127997 7.387780849071673e8
16250 414407.26717266877 25.477248415603924 6.287427869648644e-7 1.0547066479186146e-9 3.4031063823921945e-10 6.979408453844371e-6 5.75519998324836e-9 3.0712514753616915e-9 6.033177393091049e-13 9507.350780128003 7.387780849071672e8
16300 415681.5983791167 25.49733739133472 6.26354939650263e-7 1.0579343728011734e-9 3.389423663432812e-10 7.457973424607189e-6 6.304098965070892e-9 3.679284654722892e-9 3.0520922492735333e-13 9507.35078012803 7.387780849071637e8
16350 416957.1998064892 25.52783824591162 6.250250785662879e-7 1.0609277786796601e-9 3.3771497986484724e-10 7.833881227270467e-6 6.640927752155079e-9 4.145669890709414e-9 4.8034851855820456e-14 9507.350780128076 7.387780849071702e8
16400 418234.589868506 25.568655231141534 6.243346334527403e-7 1.0634291781050626e-9 3.3702528107343863e-10 8.110838734864956e-6 7.374049815211947e-9 4.349259674629735e-9 -1.3380000595524749e-13 9507.350780128038 7.38778084907173e8
16450 419514.2805553742 25.61962773554139 6.243761296340829e-7 1.0653287116929473e-9 3.3693529477497596e-10 8.302090009237872e-6 8.48862019564578e-9 4.588434854291279e-9 -3.5405544639441877e-13 9507.350780127956 7.387780849071605e8
16500 420795.8047327544 25.613327274922632 6.248256614956673e-7 1.0666878541049887e-9 3.3732556420649107e-10 8.410031341554713e-6 9.18879389244509e-9 4.9033671012388425e-9 -3.2832452415065035e-13 9507.350780128018 7.387780849071617e8
16550 422075.15845018154 25.563497428474165 6.256276634511171e-7 1.0676652869069837e-9 3.3794234543628677e-10 8.388400829062448e-6 9.300628156516666e-9 5.1025358382972286e-9 -1.3984229854329277e-12 9507.350780127997 7.387780849071678e8
16600 423352.27944475523 25.523845844445734 6.273733365919129e-7 1.068439045190018e-9 3.385903834876321e-10 8.179642691175104e-6 8.722411903860916e-9 5.211413578454227e-9 1.6097065756744327e-13 9507.350780127988 7.387780849071604e8
16650 424627.68080288335 25.49452530993866 6.300096933379452e-7 1.069167034110483e-9 3.3924159263084216e-10 7.785289653838845e-6 7.485901287740404e-9 5.2516820892023475e-9 -3.9127614486656206e-14 9507.350780128072 7.387780849071673e8
16700 425901.881590502 25.475624214106304 6.335136744517862e-7 1.0699708875748192e-9 3.3981766485220005e-10 7.279503279278288e-6 6.529377899466837e-9 5.244613021648803e-9 -2.202191854631785e-13 9507.350780127996 7.387780849071655e8
16750 427175.4037363321 25.46717049462682 6.37648940885732e-7 1.070943782098522e-9 3.402829517309984e-10 7.493715429518488e-6 6.759081405682821e-9 5.2016032592305805e-9 5.789845480952375e-13 9507.350780128008 7.387780849071642e8
16800 428448.76909657585 25.4691349534659 6.41205232952064e-7 1.0721560404020816e-9 3.4082074464163344e-10 7.553774821644765e-6 6.88106063795324e-9 5.123514779103999e-9 5.657594986347316e-13 9507.35078012799 7.387780849071596e8
16850 429722.4966685457 25.481433908304254 6.42991176525893e-7 1.0736396677205092e-9 3.416366751599946e-10 7.291805559361819e-6 6.89654977570342e-9 5.005130698787497e-9 6.065584316186404e-13 9507.350780127996 7.387780849071705e8
16900 430997.0799061192 25.4979552750409 6.430420804350192e-7 1.0753639819654767e-9 3.4283385465277383e-10 6.905265763634816e-6 6.869978808055066e-9 5.099356881199668e-9 -2.0735309616101718e-13 9507.350780128 7.387780849071687e8
16940 432000.0 8.85250279540196 6.417486361944549e-7 1.0768395005582665e-9 3.440673334439607e-10 7.080594514263794e-6 6.738154728624934e-9 5.11981740336509e-9 -3.096304175442983e-13 9507.350780128023 7.387780849071629e8
