#timestep time dt l2_h l2_h_vcon1 l2_h_vcon2 linf_h linf_h_vcon1 linf_h_vcon2 dsdu_ut mass entropy 
0 0.0 100.0 0.0 0.0 0.0 0.0 0.0 0.0 -2.955002141485038e-12 9507.350780127865 7.387780849071515e8
50 1416.0287994380324 28.30902367082881 6.6144199881576725e-6 1.0600450232641685e-9 2.308920152481597e-9 5.254566349321976e-5 1.6289718296480515e-8 2.0235549180736e-8 -3.85678855186808e-12 9507.350780127788 7.387780849071503e8
100 2831.1174052295296 28.29711473296725 6.623342826040445e-6 1.329099573983252e-9 1.6538402355201494e-9 7.400826143566519e-5 2.8099099658174254e-8 2.8185106304423613e-8 -1.2660869386567674e-12 9507.350780127823 7.387780849071497e8
150 4245.972549726952 28.299424556724166 6.7404029931767496e-6 1.5732019819061643e-9 1.8474008799843e-9 5.84753342991462e-5 3.968871892245929e-8 4.463394548404054e-8 -3.3483746136763244e-12 9507.35078012782 7.38778084907148e8
200 5661.308022612511 28.316050003833496 6.4425908712661915e-6 1.8152727969161862e-9 2.3176384063162178e-9 5.258027977106394e-5 3.403180293126695e-8 4.03695894490852e-8 -1.8422275650708137e-12 9507.350780127823 7.387780849071475e8
250 7077.840075953849 28.346993769592935 6.168226359746691e-6 1.928748622118595e-9 2.2506053063077506e-9 5.456319013319444e-5 3.467385946420709e-8 3.30881260723892e-8 -2.3458429238658184e-12 9507.350780127817 7.387780849071542e8
300 8496.282583975453 28.392158966744013 6.200674950480477e-6 1.972629559554853e-9 2.29513583587692e-9 6.311454581009457e-5 4.632943027826908e-8 2.888118164241782e-8 -3.8032221239721696e-12 9507.350780127847 7.387780849071553e8
350 9917.341887414173 28.451342052972336 6.360269730343231e-6 2.0560173164542446e-9 2.2466540326343993e-9 5.378767900765524e-5 4.213398576563554e-8 2.720884878515406e-8 -3.088232836629148e-12 9507.350780127796 7.387780849071509e8
400 11341.143254524559 28.467515834133764 6.410038501457562e-6 2.240578711781004e-9 2.255545374462031e-9 7.033960764601943e-5 4.412501653644485e-8 3.0544354916867134e-8 -2.419670977552878e-12 9507.350780127803 7.387780849071493e8
450 12762.8680484544 28.40502534911799 6.586338691470791e-6 2.4340502135272112e-9 2.2841026590985053e-9 7.375351879090886e-5 4.467167690098972e-8 5.055524093799946e-8 -2.2793816898550794e-12 9507.350780127837 7.387780849071516e8
500 14181.822959861298 28.356489189719316 6.9969646429337026e-6 2.641887872419398e-9 2.3897671903140584e-9 7.683637841182644e-5 4.399102147834011e-8 6.26745579185295e-8 -2.986309210655225e-12 9507.3507801278 7.387780849071558e8
550 15598.712031794495 28.322137097480137 6.6856998596597334e-6 2.8117324932744324e-9 2.4432606616280686e-9 7.247940811794251e-5 4.31944727208311e-8 6.69119863475065e-8 -3.744672371851347e-12 9507.350780127823 7.38778084907151e8
600 17014.247995937414 28.302090350339498 7.307672017206871e-6 2.9733945382402015e-9 2.5805578616902286e-9 8.377631183975609e-5 4.6666226216629525e-8 6.540668021082219e-8 -3.460814336449112e-12 9507.350780127768 7.387780849071519e8
650 18429.14703794138 28.296368959256927 7.1714203230580664e-6 3.1540204937630623e-9 2.579683819058367e-9 8.204818095691735e-5 5.6448905660921866e-8 7.726618470038638e-8 -2.052645223757e-12 9507.35078012783 7.387780849071587e8
700 19844.123894862474 28.304897709273774 7.252909882327798e-6 3.29279237790226e-9 2.6978195014116225e-9 7.886140474511194e-5 7.204268218097276e-8 7.994298838187586e-8 -3.7602158253212146e-12 9507.350780127845 7.387780849071474e8
750 21259.88721224007 28.32751064354619 7.0299557757886984e-6 3.437401258696834e-9 2.784587619682474e-9 6.161133524074103e-5 7.124911688416447e-8 9.210742737963962e-8 -2.3147636747427943e-12 9507.350780127827 7.387780849071529e8
800 22676.11520898951 28.31306872768035 7.157945673507646e-6 3.6246241717837004e-9 2.8049191699464823e-9 7.688035066166776e-5 7.207869642811282e-8 1.0358066004911848e-7 -3.0595074089177763e-12 9507.350780127763 7.387780849071561e8
850 24091.334676787425 28.298353800361816 7.320168176513676e-6 3.791195058390276e-9 2.8711558866837063e-9 6.627241054957267e-5 6.466839001795233e-8 1.1356250842475824e-7 -3.698308120572463e-12 9507.350780127861 7.387780849071535e8
900 25506.179544512444 28.297827631392348 7.519453876201151e-6 3.936837467710107e-9 2.9148809279011508e-9 5.656802932207938e-5 5.836711064466371e-8 1.1362839549833303e-7 -2.3607794953613114e-12 9507.350780127825 7.387780849071503e8
950 26921.36255967409 28.311605155176103 7.351547572991464e-6 4.037221431678467e-9 3.028393508579468e-9 5.9471919485076796e-5 6.32675422607143e-8 1.0626147722847534e-7 -4.435711837429614e-12 9507.350780127821 7.387780849071484e8
1000 28337.599861976334 28.339708223421304 7.5721841422102314e-6 4.1436224713363804e-9 3.0701346032277984e-9 6.599312223443121e-5 6.804065328519515e-8 1.0540389348834278e-7 -2.6537168297019433e-12 9507.350780127807 7.387780849071524e8
1050 29755.60619777965 28.382060223361442 7.947701730378905e-6 4.266195953919414e-9 3.1324667105379822e-9 7.41736021154793e-5 7.342717588121328e-8 1.0950081302807391e-7 -2.8889376781026562e-12 9507.350780127801 7.387780849071528e8
1100 31176.089834032293 28.438479449021596 8.236451879174501e-6 4.345911499607463e-9 3.1392218105869862e-9 7.649027838851907e-5 8.225321358745763e-8 1.2977060330487955e-7 -2.685784655101048e-12 9507.3507801278 7.387780849071565e8
1150 32599.610177135826 28.481566934313463 8.747770067718496e-6 4.464058431486349e-9 3.2198183182258028e-9 9.245696492143907e-5 8.780341660685753e-8 1.4387233417123557e-7 -4.30956638763095e-12 9507.35078012782 7.387780849071509e8
1200 34021.968069197035 28.416341042802227 8.927371322876828e-6 4.6340974026639235e-9 3.197335079912535e-9 6.719684915879043e-5 9.37126519856557e-8 1.7179332423983285e-7 -3.1056261314483516e-12 9507.350780127763 7.387780849071492e8
1250 35441.41769793018 28.365010140479246 8.906329452198531e-6 4.7729846891725714e-9 3.3052683270085463e-9 7.026093135209521e-5 8.911191229366011e-8 2.0216390209104595e-7 -2.4476014281669028e-12 9507.35078012781 7.387780849071504e8
1300 36858.66072254251 28.327826526320948 9.05870441087582e-6 4.902062854398319e-9 3.3609777759388506e-9 9.133930689131375e-5 9.129990521938858e-8 2.0949078252674447e-7 -1.6893698856955073e-12 9507.350780127845 7.387780849071472e8
1350 38274.40857562215 28.30493244418527 8.89686142144985e-6 5.005745236140867e-9 3.4167423564870476e-9 6.77508614899125e-5 9.214047999583919e-8 1.9338088788622976e-7 -1.3579127760696837e-12 9507.35078012785 7.387780849071537e8
1400 39689.37715763296 28.296367530378106 9.10991924562541e-6 5.156758091558675e-9 3.5077341101509573e-9 9.982055098589626e-5 9.023004740593699e-8 1.7033721816384073e-7 -9.598230887842044e-13 9507.350780127814 7.387780849071488e8
1450 41104.28187256202 28.302075102634458 9.38467876655261e-6 5.270123444113845e-9 3.496535056931871e-9 0.00011170702646268182 8.68235287276864e-8 1.676844006009981e-7 -2.5841522654689287e-12 9507.350780127801 7.387780849071517e8
1500 42519.83293721047 28.321906897787372 9.713877880430261e-6 5.394540803675828e-9 3.501963630194522e-9 7.899348383944016e-5 9.996901392805846e-8 1.8688321416771014e-7 -3.1005399053113804e-12 9507.350780127817 7.387780849071541e8
1550 43908.11629096644 28.31815472792746 9.920375896468962e-6 5.558961762026098e-9 3.558801018064958e-9 7.151816862460691e-5 1.2139407029598814e-7 2.1138355245364782e-7 -1.2886947280428577e-12 9507.350780127803 7.387780849071497e8
1600 45323.51181008803 28.300363565415815 1.0019134870051777e-5 5.691833482234743e-9 3.6306506362308908e-9 7.126660739231738e-5 1.1304019731372961e-7 2.2222282974881935e-7 -2.334141779930872e-12 9507.350780127827 7.387780849071498e8
1650 46738.37788756492 28.296723958114587 1.0490062135736722e-5 5.80797148747349e-9 3.681580227572094e-9 8.479139341943664e-5 1.0338283815136684e-7 2.114926345164747e-7 -1.4970198883126675e-12 9507.3507801279 7.38778084907149e8
1700 48153.425914642896 28.30737071991916 1.06026822249154e-5 5.964752563411381e-9 3.775608580418861e-9 7.247225039463956e-5 9.783487697756499e-8 2.0475576661960204e-7 -2.3285716755004517e-12 9507.350780127812 7.387780849071519e8
1750 49569.37168879911 28.33234643424325 1.0745491097780404e-5 6.1039815288358225e-9 3.869234206435884e-9 9.525365794615936e-5 9.751145522984839e-8 1.4990357555255684e-7 -2.6771286898427253e-12 9507.350780127841 7.387780849071547e8
1800 50986.930684596126 28.37159660603623 1.051977609103253e-5 6.241886720030951e-9 3.933710046030266e-9 8.096311012195656e-5 1.0292866083061458e-7 1.103485487985445e-7 -2.0984715134119114e-12 9507.35078012788 7.387780849071499e8
1850 52406.81303912724 28.424963093477267 1.062059847838224e-5 6.3792865482205806e-9 4.01159072621993e-9 9.111766553360212e-5 1.1241115685511893e-7 1.306759336849872e-7 -1.4279894567952699e-12 9507.350780127825 7.387780849071509e8
1900 53829.71818008101 28.492176550422524 1.0497915904006527e-5 6.4802090652889575e-9 4.063323186140193e-9 8.268778401543386e-5 1.3046021889173698e-7 1.8763965170531804e-7 -1.5602801549380612e-12 9507.350780127857 7.387780849071523e8
1950 55252.801090988825 28.42941830466201 1.0819463662528808e-5 6.589781011050508e-9 4.0596659863069546e-9 7.952698251756374e-5 1.3531114258225063e-7 1.652008684849271e-7 -3.791095971209743e-12 9507.350780127808 7.387780849071504e8
2000 56672.82674757714 28.375025595431012 1.1024396386720625e-5 6.719532225542035e-9 4.099550663333853e-9 7.261804785230197e-5 1.3512833951789816e-7 1.7118664044635246e-7 -2.50123725502676e-12 9507.350780127834 7.387780849071599e8
2050 58090.49144967884 28.334734759099007 1.136217538035351e-5 6.8430853834986074e-9 4.1402554284442065e-9 7.791561984049622e-5 1.1342988862073078e-7 1.8767977931488655e-7 -2.04445423155712e-12 9507.350780127794 7.387780849071511e8
2100 59506.504963184154 28.30871140128399 1.1176620038194491e-5 6.9889304309999855e-9 4.226866278746088e-9 8.202649951272178e-5 8.643780247119537e-8 1.5757744140088015e-7 -2.691252575539726e-12 9507.350780127801 7.387780849071524e8
2150 60921.582648166666 28.297016972213427 1.1289553454942539e-5 7.150684392772937e-9 4.357453485863702e-9 8.208808685594704e-5 9.155233465785173e-8 1.1875219314144703e-7 -1.6074934666448159e-12 9507.35078012786 7.38778084907149e8
2200 62336.44042547098 28.299615406353425 1.1293264141178692e-5 7.308972402023373e-9 4.2862731305368485e-9 7.414070023514796e-5 1.1761413613864402e-7 1.4063834712085832e-7 -1.434812571485085e-12 9507.350780127823 7.387780849071494e8
2250 63751.790035290396 28.316378047153506 1.1463891318641844e-5 7.447830079196595e-9 4.39428570389065e-9 8.729210117053299e-5 1.5617186055472132e-7 1.8761093896479952e-7 -1.7403403137262692e-12 9507.350780127817 7.387780849071538e8
2300 65168.10652721221 28.323357300504043 1.185801804790199e-5 7.574387728666163e-9 4.386174536602527e-9 9.526085295874509e-5 1.4435096568066186e-7 2.3384541225635047e-7 -2.746256758523193e-12 9507.350780127772 7.387780849071536e8
2350 66583.69126795846 28.302777953453724 1.1856750216826524e-5 7.672280529985457e-9 4.40876546183354e-9 9.997808092521154e-5 1.0952904522243401e-7 2.630516518220549e-7 -1.5693431810159467e-12 9507.35078012781 7.387780849071527e8
2400 67998.60613307315 28.296312822416226 1.1991681019480786e-5 7.76101863457728e-9 4.525236060588234e-9 0.00012754769545608724 1.1253374204711619e-7 2.5191152833170527e-7 -2.4252152368518976e-12 9507.35078012778 7.387780849071537e8
2450 69413.56109712356 28.304114491889422 1.2321309152974555e-5 7.802526466764636e-9 4.576549732834627e-9 0.00010730870508268708 1.25884711960067e-7 2.4636575562952956e-7 -1.0832374201314494e-12 9507.350780127828 7.38778084907153e8
2500 70829.27144937718 28.326244166686248 1.2715683264385006e-5 7.91292138517018e-9 4.57322330798911e-9 0.00010335397064409335 1.4089049928112107e-7 1.657467882387742e-7 -1.0690666303070917e-12 9507.350780127807 7.387780849071466e8
2550 72246.45311420446 28.3626670445738 1.3353312373574971e-5 8.013683756787701e-9 4.653159207803279e-9 0.00012454680836526677 1.5403455951024103e-7 1.7390372872294613e-7 -2.5850396149803566e-12 9507.350780127834 7.387780849071511e8
2600 73665.81770078444 28.413246186677895 1.3468592052668266e-5 8.10176252431484e-9 4.653386225069393e-9 9.498108465777477e-5 1.493898246912595e-7 1.87527121137121e-7 -1.888632618154362e-12 9507.350780127828 7.387780849071506e8
2650 75088.06720821065 28.477735074718044 1.385784689210711e-5 8.194197732584992e-9 4.733527473634797e-9 0.00012200581954857626 1.627916071389457e-7 2.4497951456314837e-7 -2.3772843937019586e-12 9507.350780127807 7.387780849071516e8
2700 76511.6533850636 28.44188389670022 1.413556902866006e-5 8.270320528115293e-9 4.7750891461167676e-9 9.200909880746622e-5 1.724333480723761e-7 2.3548329991518457e-7 -3.4291851603635042e-12 9507.350780127792 7.387780849071534e8
2750 77932.23185333858 28.384718376417812 1.4448815256871766e-5 8.373380159518074e-9 4.825704665090778e-9 0.000113042402517749 1.5648053902639347e-7 1.677331171179297e-7 -1.4709263564822786e-12 9507.35078012783 7.387780849071513e8
2800 79350.30946126486 28.341608757143508 1.4891358905889478e-5 8.475492202851268e-9 4.87589409725629e-9 0.00011149132069476764 1.422336376316613e-7 1.7041481066570885e-7 -1.135086582629839e-12 9507.350780127841 7.387780849071523e8
2850 80766.5942307353 28.312742153715206 1.5001589530806968e-5 8.637493230065176e-9 4.911528237805848e-9 0.0001125080234487541 1.2539574985315216e-7 1.3665829753928271e-7 -1.8146508098661445e-12 9507.350780127881 7.387780849071558e8
2900 82181.80082026309 28.29820024908186 1.5226979068293003e-5 8.832731805648121e-9 4.908266211859902e-9 0.00011385173093003687 1.4788385931108206e-7 9.896992780866753e-8 -1.5402319907877405e-12 9507.350780127817 7.387780849071535e8
2950 83596.64542762535 28.297965939573228 1.5463729972271795e-5 9.042920948605818e-9 4.932266595965345e-9 0.00013028973262407817 1.3623889907887765e-7 8.358173214650932e-8 -2.663596370486677e-12 9507.350780127834 7.387780849071523e8
3000 85011.84099113445 28.31192859887354 1.5628592736264727e-5 9.219972793151104e-9 4.9622629641441e-9 0.00012527613625934464 1.5177891465878446e-7 1.2801535242967788e-7 -1.6089149488718606e-12 9507.350780127841 7.3877808490715e8
3050 86400.0 0.2865670471219346 1.5745292799151894e-5 9.33466602845476e-9 4.983970266723106e-9 0.00011207815896341344 1.6783361932691532e-7 1.2030285564956777e-7 -2.6498199582229537e-12 9507.35078012777 7.387780849071522e8
3100 87815.8247461656 28.306076560160903 1.6034302774833918e-5 9.419073263124381e-9 5.056328392353593e-9 0.00012842640558119456 1.6386395812473253e-7 1.515396430840088e-7 -1.794374825668661e-12 9507.35078012779 7.387780849071541e8
3150 89230.82563688509 28.29651131345497 1.600189068307265e-5 9.48756097709655e-9 5.057246714671415e-9 0.00011306331680316362 1.5658780821992124e-7 1.63813195175333e-7 -1.943024534761079e-12 9507.350780127834 7.387780849071515e8
3200 90645.71088189015 28.30118717357311 1.633011737449909e-5 9.58848861051529e-9 5.138430092127063e-9 0.00011362218674548785 1.5667490357862413e-7 1.9854657440365742e-7 -1.6191639793129169e-12 9507.350780127825 7.387780849071486e8
3250 92061.19500054764 28.320185659106347 1.6337703633199486e-5 9.71003467321025e-9 5.100243699501179e-9 0.00012007393161184154 1.6154220450204093e-7 1.5957542282007964e-7 -3.995669758518079e-12 9507.350780127841 7.387780849071515e8
3300 93477.99419175978 28.353493430016666 1.6602579898004817e-5 9.833667636467565e-9 5.107686741682947e-9 0.00010868180470424704 1.4808355017215113e-7 1.1819163273085742e-7 -2.4969775944810703e-12 9507.350780127821 7.387780849071531e8
3350 94896.82144335053 28.400996473220864 1.677338746561449e-5 9.95406027391414e-9 5.128616420527772e-9 0.00010698643745854497 1.4640915670105503e-7 1.5751724627421915e-7 -2.5937159213143187e-12 9507.350780127832 7.38778084907148e8
3400 96318.38132736464 28.462472864369914 1.7034911236724233e-5 1.0060927686169788e-8 5.190575777383708e-9 0.00010286972110407078 1.5296429843603132e-7 2.0614642748384426e-7 -2.9624953151370967e-12 9507.350780127817 7.387780849071493e8
3450 97742.21226095782 28.45621869962308 1.7039274083859938e-5 1.0146082724625731e-8 5.278432482673423e-9 0.00011016820099030156 1.6122948559571526e-7 2.4749372751209364e-7 -4.061227370156879e-12 9507.35078012783 7.387780849071509e8
3500 99163.43035283903 28.39601788673897 1.7272246777219756e-5 1.028328818667419e-8 5.327698557598754e-9 0.00011547268331923988 1.7142638283895728e-7 1.9798739898935214e-7 -3.978787144350814e-12 9507.350780127825 7.3877808490715e8
3550 100581.99429482513 28.34981721575069 1.7584541827008844e-5 1.0369780461542382e-8 5.4071739082362416e-9 0.00010368146649852861 1.4823814356579312e-7 2.1917243053781732e-7 -3.2759852723039096e-12 9507.35078012777 7.387780849071486e8
3600 101998.60994355363 28.31782796236312 1.782507139487455e-5 1.0475295751123775e-8 5.468952511167516e-9 0.00011574079871934373 1.2420416906078202e-7 1.830816528797241e-7 -3.9068812026583035e-12 9507.350780127852 7.387780849071542e8
3650 103413.99095446813 28.300154183316124 1.8256129760455066e-5 1.0593291856690373e-8 5.561229120203999e-9 0.0001260267490579281 1.2978382327166749e-7 1.495002240337051e-7 -3.08800980271743e-12 9507.350780127837 7.387780849071531e8
3700 104828.85360517583 28.296799837396584 1.820383071007359e-5 1.0710915985362848e-8 5.611813260264683e-9 0.00011979995724686887 1.4479803706057837e-7 1.5096083949561745e-7 -3.2064551682460962e-12 9507.350780127781 7.3877808490715e8
3750 106243.9119430593 28.307674370486694 1.840125820538354e-5 1.0853881851348374e-8 5.744381058972445e-9 0.00014207861431714264 1.354913135576119e-7 1.3686260430523234e-7 -2.3758079606573403e-12 9507.350780127821 7.387780849071505e8
3800 107659.8731731614 28.332597112076883 1.839884331122102e-5 1.0953987281587066e-8 5.821888264020968e-9 0.0001328217131231213 1.3951765072406364e-7 1.4329430703119428e-7 -3.342972981213554e-12 9507.35078012782 7.38778084907149e8
3850 109075.94208973413 28.309659815597595 1.8562064852128868e-5 1.1076883621048942e-8 5.845065666469378e-9 0.00014460986449194024 1.2368971570586584e-7 1.5262673219718081e-7 -2.5461953397120214e-12 9507.350780127785 7.387780849071481e8
3900 110491.05058277324 28.297282426038567 1.8777324386916166e-5 1.116862336989307e-8 5.919228654471197e-9 0.00014098892052061274 1.488141346261962e-7 1.5494367824886446e-7 -3.346723396947939e-12 9507.350780127834 7.387780849071492e8
3950 111905.90205964261 28.299119075351484 1.894174317376155e-5 1.1240677024192387e-8 5.95136743901154e-9 0.00013074011326352775 1.3165355755573316e-7 2.1193970650701388e-7 -2.8597733617710147e-12 9507.350780127867 7.387780849071499e8
4000 113321.21014721121 28.315269522675464 1.9140185990313584e-5 1.1342068780355869e-8 5.980175083139201e-9 0.0001387985648761969 1.535934711638376e-7 1.5673441017272083e-7 -2.929935235707515e-12 9507.350780127794 7.387780849071525e8
4050 114737.69108803586 28.345739691582374 1.9429832545453737e-5 1.1455018737282747e-8 6.008639703550494e-9 0.0001388267264701426 1.314884588571319e-7 1.4190963155968905e-7 -3.457202240029076e-12 9507.35078012781 7.38778084907144e8
4100 116156.05891061411 28.39043610235254 1.9706338872355274e-5 1.1545973960525452e-8 6.009699346537982e-9 0.0001342185914836591 1.3221744159241933e-7 1.5512072655717024e-7 -3.108296077106119e-12 9507.350780127863 7.387780849071485e8
4150 117577.02029261425 28.449158969994308 1.9962337138173725e-5 1.1675598227341627e-8 6.012085425459014e-9 0.000132762672365061 1.5593426511140152e-7 1.9023697428802167e-7 -3.4676782529435923e-12 9507.350780127808 7.387780849071543e8
4200 119000.79307447071 28.469822118660428 2.0045101412011596e-5 1.1791757922469512e-8 6.0755414354646925e-9 0.0001361310669381055 1.5247823147157558e-7 2.2604655412067354e-7 -2.2717921354005053e-12 9507.350780127832 7.387780849071512e8
4250 120422.62157207813 28.406874414221903 2.0069972147218398e-5 1.1889633804461311e-8 6.07422791174708e-9 0.0001353471088805236 1.7656261809551044e-7 2.448041416525104e-7 -3.2708880380554155e-12 9507.35078012781 7.387780849071522e8
4300 121841.65706336703 28.357871393150017 2.0132472506215835e-5 1.2028024103213517e-8 6.04268186909537e-9 0.0001285504094994394 1.6069511236949108e-7 2.5092364885903606e-7 -1.915617687364693e-12 9507.350780127796 7.387780849071513e8
4350 123258.6032090886 28.32304661044468 2.041061381817275e-5 1.2151383871355019e-8 6.051241657524018e-9 0.00013467234930431005 1.5578667561522153e-7 2.0798748225081543e-7 -7.330650850766248e-13 9507.350780127827 7.387780849071543e8
4400 124674.17253959888 28.30252485596829 2.0624851075217077e-5 1.2279045285510027e-8 6.079729617683202e-9 0.00013269412374938838 1.7733717727619336e-7 1.3062363943272537e-7 -3.836355582428014e-12 9507.350780127821 7.387780849071524e8
4450 126089.08120894237 28.296329416403918 2.084299657498738e-5 1.2412604299917771e-8 6.158828748076803e-9 0.00013991571722726803 1.753101834811588e-7 9.756793031834299e-8 -1.9205277837173035e-12 9507.350780127854 7.387780849071474e8
4500 127504.04408131079 28.304388173045737 2.0978906496735407e-5 1.256362637728129e-8 6.274802619003483e-9 0.00013818168372381479 1.7011889330564856e-7 1.1624923543229748e-7 -2.2805495069035607e-12 9507.350780127785 7.387780849071484e8
4550 128919.77007759284 28.326538009975412 2.1158676864087575e-5 1.2676134812868835e-8 6.375174991756637e-9 0.0001475571571063483 1.744889957791193e-7 1.6236690211779425e-7 -2.350316046052337e-12 9507.350780127807 7.387780849071529e8
4600 130308.00458792367 28.3142395237557 2.122021925897834e-5 1.2787181367284124e-8 6.4576793131294956e-9 0.00015917003179310996 1.758551317343482e-7 1.7181077149874824e-7 -2.7344254317041533e-12 9507.350780127796 7.387780849071512e8
4650 131723.26361830693 28.298778600531648 2.1339207128061657e-5 1.2894101905961991e-8 6.4470656709316805e-9 0.00013651758126798086 1.9971251541406332e-7 2.021216784497959e-7 -1.3587915105373112e-12 9507.3507801278 7.38778084907153e8
4700 133138.1105091533 28.297497800362205 2.1412538727907605e-5 1.2982477098952485e-8 6.460222391378767e-9 0.00014760077283426654 1.9947143725662642e-7 2.4131156228790474e-7 -2.9742711227849786e-12 9507.35078012782 7.387780849071499e8
4750 134553.25769715843 28.310516837530557 2.1626205438770046e-5 1.3081359748878678e-8 6.495859397569659e-9 0.00013048146502114832 2.1826494292498388e-7 2.296167063153831e-7 -6.988303368549792e-13 9507.35078012779 7.387780849071518e8
4800 135969.4212549861 28.33786255094068 2.173683502850215e-5 1.3178536909195295e-8 6.479359954266248e-9 0.00012898832756036427 2.2914685618435904e-7 1.6957737859757405e-7 -1.6153053969174843e-12 9507.350780127843 7.387780849071529e8
4850 137387.31612258923 28.37946374266951 2.1999727635698416e-5 1.3273432779316805e-8 6.507837459086076e-9 0.00013336496158444788 2.1317315626601108e-7 1.4558459493496656e-7 -2.8308268146021028e-12 9507.350780127827 7.387780849071512e8
4900 138807.65104000652 28.435144551264848 2.2339223291798372e-5 1.3378846097672473e-8 6.501540059548357e-9 0.00016877104962986778 2.1677906765493749e-7 1.718063839337841e-7 -3.550232747733397e-12 9507.350780127803 7.387780849071512e8
4950 140231.05119468534 28.48540031239385 2.2584692817196844e-5 1.3469865571018365e-8 6.546258776551573e-9 0.00015486529628105927 2.2790799633631842e-7 2.3605316967767465e-7 -1.0353540494624515e-12 9507.350780127827 7.38778084907156e8
5000 141653.5823196989 28.41944817282132 2.29611296652761e-5 1.3613127095688778e-8 6.567177454687353e-9 0.00013915474846726283 2.425900348657084e-7 2.5654365104488264e-7 -2.6607122452677635e-12 9507.350780127834 7.387780849071475e8
5050 143073.1684159052 28.36737433726814 2.3158543083113322e-5 1.3702268435005311e-8 6.6271727534081405e-9 0.00015983386401785538 2.458552337547548e-7 2.6650957624108074e-7 -1.5384716501712185e-12 9507.350780127863 7.387780849071491e8
5100 144490.51046950562 28.329437319969994 2.3465565470388575e-5 1.3791210108629434e-8 6.70994163961151e-9 0.00014728268797625788 2.3003809640487205e-7 2.4169867755829966e-7 -1.1477411247453489e-12 9507.350780127817 7.387780849071492e8
5150 145906.31953629717 28.305784997183295 2.3630948796723712e-5 1.3860396212269317e-8 6.815381873385211e-9 0.00014581504547095392 1.9229691061717347e-7 1.7203370400453721e-7 -1.585034047457508e-12 9507.350780127796 7.387780849071579e8
5200 147321.31140871398 28.29646223554663 2.385600385672126e-5 1.3925298987495319e-8 6.872352459422891e-9 0.00016024386786739342 2.0093986841107636e-7 1.7442391286870418e-7 -1.8804860173607305e-12 9507.350780127847 7.387780849071497e8
5250 148736.20163853338 28.3014173156929 2.4089051821985064e-5 1.4014474233388068e-8 6.947828667068407e-9 0.00013990829211252276 1.2685855027561033e-7 1.725710909727951e-7 -2.4016109740662424e-12 9507.350780127812 7.38778084907147e8
5300 150151.7008314969 28.32050671132784 2.428710291113816e-5 1.4104240636182686e-8 7.09254811626226e-9 0.00014876376917527523 1.537734041906491e-7 1.7361547951545708e-7 -1.0614164714124506e-12 9507.35078012779 7.387780849071548e8
5350 151568.0356042046 28.318983761908857 2.4588322897900298e-5 1.4183102564667364e-8 7.09673295847581e-9 0.00015794490172993392 2.066267996703175e-7 1.9921287550649092e-7 -2.5984522809502904e-12 9507.350780127821 7.387780849071518e8
5400 152983.46074009643 28.300727292951247 2.4891169131504343e-5 1.4286301972186202e-8 7.151261360356698e-9 0.00015925302795949392 1.5954149798491635e-7 2.3694350784198015e-7 -2.5131260154711345e-12 9507.35078012783 7.387780849071574e8
5450 154398.33300644468 28.296616453556926 2.50478153595269e-5 1.4358216592462917e-8 7.2232153242696714e-9 0.00016538802515242423 1.813587044013909e-7 2.760720290220786e-7 -2.712374748483814e-12 9507.350780127817 7.387780849071561e8
5500 155813.36357075427 28.306788920615038 2.522805143430615e-5 1.4450028709472794e-8 7.296044308581284e-9 0.0001555478245336417 2.014228273755636e-7 2.951023591879487e-7 -1.4530357821903814e-12 9507.350780127792 7.387780849071523e8
5550 157229.2681534059 28.33129033390659 2.5333757666096837e-5 1.4548257125054755e-8 7.392959767147363e-9 0.00016276857809316425 2.405301947894234e-7 2.6428444614701174e-7 -1.4669883242384656e-12 9507.35078012781 7.387780849071493e8
5600 158646.76230806013 28.370069347989773 2.5460927338229837e-5 1.465068261079937e-8 7.471890672483464e-9 0.00017029346236085985 2.664190594664495e-7 2.2916481062784655e-7 -4.1293029676530795e-13 9507.350780127783 7.387780849071512e8
5650 160066.55642398336 28.4229715848389 2.552724561958593e-5 1.4778978816305799e-8 7.500663043002929e-9 0.0001525721963844262 2.884808725650556e-7 2.280936255705246e-7 -2.681446741240839e-13 9507.350780127814 7.387780849071567e8
5700 161489.3503754107 28.489731703677105 2.576172575431372e-5 1.4841242431207895e-8 7.641244002259413e-9 0.00016670478544256184 3.1463081695548567e-7 2.6532092409214947e-7 -2.9662456336531054e-12 9507.350780127848 7.387780849071434e8
5750 162912.5356090182 28.4314587856349 2.5910991632639057e-5 1.4953685787348777e-8 7.658019002608368e-9 0.0001511861501057865 3.5743679106803317e-7 2.9003003487737544e-7 -2.5600249977325654e-12 9507.350780127841 7.387780849071476e8
5800 164332.65151991913 28.37660300056538 2.611872318331746e-5 1.504655763191006e-8 7.682032185054047e-9 0.00016434273129561916 3.5698030269315506e-7 2.951494986747072e-7 -1.5845858258731217e-12 9507.350780127837 7.387780849071447e8
5850 165750.38311823033 28.335841698400998 2.6247322986064e-5 1.518408363009916e-8 7.723117506017951e-9 0.00016429552306362893 3.248307362396785e-7 2.0665816094500578e-7 -1.659880590767178e-12 9507.350780127852 7.387780849071536e8
5900 167166.4398946447 28.309344130128196 2.6304700430240772e-5 1.5289174233029446e-8 7.803424935150743e-9 0.00017442353919250309 2.4568901788035724e-7 2.1061549604350915e-7 -2.1058842799885004e-12 9507.350780127852 7.387780849071498e8
5950 168581.53710926254 28.297175127680347 2.6340132736504438e-5 1.5384820913249074e-8 7.867799248777175e-9 0.00017161641153506935 2.292882326782042e-7 2.0548001330999988e-7 -2.9493813040189055e-12 9507.350780127843 7.387780849071494e8
6000 169996.39074427297 28.299301691703484 2.6500358116595877e-5 1.5503106077374998e-8 7.952739529736734e-9 0.0001738751816446893 1.5436105454957882e-7 2.0645756729220643e-7 -2.2788475571394624e-12 9507.350780127832 7.387780849071501e8
6050 171411.7127511514 28.315598174234253 2.658939866882969e-5 1.5633984171981935e-8 8.083503698623263e-9 0.00017710690553940367 1.6088251253432162e-7 2.3077106536817382e-7 -2.0648805004075636e-12 9507.35078012785 7.38778084907149e8
6100 172800.0 0.30720343635766767 2.6747453203873813e-5 1.57596117319424e-8 8.155829919663038e-9 0.00015072509995661676 2.1951929587114838e-7 2.1387163265385034e-7 -2.3649960806879995e-12 9507.350780127785 7.387780849071504e8
6150 174215.63978700497 28.303514846511696 2.68614406293644e-5 1.58459145271679e-8 8.1825783513937e-9 0.00019068478104600217 1.8367943016572852e-7 2.782219467867275e-7 -2.4250343209320916e-12 9507.350780127823 7.387780849071535e8
6200 175630.5723740201 28.296298475534016 2.701486454109939e-5 1.587761867250162e-8 8.246541055987649e-9 0.00015471903316210955 2.2080557657289113e-7 3.2984787612377886e-7 -2.1970927059290636e-12 9507.350780127808 7.387780849071459e8
6250 177045.50732796377 28.30334301598979 2.720157538394703e-5 1.596341787749139e-8 8.285884269941807e-9 0.00016909022406252916 2.4726643529926484e-7 3.683060949971617e-7 -2.9085603548119524e-12 9507.350780127803 7.387780849071506e8
6300 178461.15976941847 28.324714636416207 2.7446705592896656e-5 1.6033702394435272e-8 8.278093952599565e-9 0.00015386729683086742 2.842974970440615e-7 3.487144473873771e-7 -2.6609285785898593e-12 9507.350780127827 7.387780849071501e8
6350 179878.24570727773 28.360383704503597 2.778836691761594e-5 1.6115345939414516e-8 8.30177440022656e-9 0.00017273206321988255 3.022549978359823e-7 2.6722095525233414e-7 -3.1190593778006973e-12 9507.350780127847 7.387780849071519e8
6400 181297.47710109127 28.410218846123037 2.8053503192384384e-5 1.6208453661335083e-8 8.381612670604311e-9 0.00019337382582307328 3.2301200318662904e-7 2.4707911587540377e-7 -3.782536446580629e-12 9507.350780127834 7.387780849071518e8
6450 182719.556596599 28.473979664966137 2.8301218962404637e-5 1.6345246437346428e-8 8.376395719140111e-9 0.00017953755559574347 3.4895880296481607e-7 2.8511554550636475e-7 -2.072563205023228e-12 9507.35078012783 7.38778084907156e8
6500 184143.23163023771 28.44529500565492 2.8527318119556356e-5 1.6443970660095928e-8 8.433127198688893e-9 0.00016744909407861996 3.777439499669244e-7 3.0178343327080803e-7 -1.4667207792671126e-12 9507.350780127803 7.38778084907149e8
6550 185563.96194061145 28.38739305721751 2.884164629708479e-5 1.6520948827832027e-8 8.50983639608877e-9 0.00017254773229069542 3.767852947977879e-7 2.875740322261233e-7 -3.4059479941664498e-12 9507.350780127847 7.387780849071504e8
6600 186982.15421486105 28.343534057470208 2.897916336391226e-5 1.6592353708707667e-8 8.636513289067993e-9 0.00019086774227616843 3.5726851456419073e-7 2.3923929848290726e-7 -3.143991314558683e-12 9507.350780127814 7.387780849071503e8
6650 188398.51597829256 28.31391099388198 2.9222365294056352e-5 1.671873265289615e-8 8.637450103026268e-9 0.00018500088117434643 2.815147644857907e-7 2.585149612155391e-7 -3.65405168334338e-12 9507.3507801278 7.387780849071512e8
6700 189813.76167293315 28.29861091095743 2.9481734268498273e-5 1.674368277242008e-8 8.751561626838357e-9 0.00019057559620705433 2.7488413301135495e-7 2.7793586107605073e-7 -3.912726031263243e-12 9507.350780127807 7.387780849071513e8
6750 191228.60753718627 28.297621602287105 2.968839078428548e-5 1.6826308393088833e-8 8.792454470591396e-9 0.00020078274246770889 1.9112684196409546e-7 2.6318113213741334e-7 -3.9198860898883575e-12 9507.350780127772 7.387780849071516e8
6800 192643.76679343233 28.31083732455255 2.996028262147063e-5 1.6930587827012607e-8 8.947844292638349e-9 0.0001953658338607056 2.2833962970425503e-7 2.5225398704586954e-7 -2.249144800570304e-12 9507.350780127845 7.387780849071537e8
6850 194059.9206483134 28.330731261367887 3.0193983545264334e-5 1.703525158288666e-8 9.024806526816811e-9 0.00018339593589189462 2.3554518943647018e-7 3.6519601630258247e-7 -3.670860591024798e-12 9507.350780127828 7.387780849071498e8
6900 195475.78467002994 28.306635036597072 3.0411517247109152e-5 1.7120633960079497e-8 9.035052645234386e-9 0.00019978435739176348 1.9507402027052478e-7 4.3978910108100067e-7 -2.3226512259554872e-12 9507.350780127845 7.387780849071543e8
6950 196890.8015480272 28.296600792774388 3.0502805575534665e-5 1.7225913782960666e-8 9.035198910917886e-9 0.0001882981744074641 2.1394480212433287e-7 4.060930466065482e-7 -3.1962061378050398e-12 9507.350780127788 7.387780849071506e8
7000 198305.67921203483 28.300803443657657 3.0515039200145207e-5 1.7340785044506778e-8 9.08948649488904e-9 0.0001811457459552912 2.190729708473338e-7 4.335551095913104e-7 -2.1903193670478725e-12 9507.35078012783 7.387780849071536e8
7050 199721.13204541264 28.319327461037204 3.057261236516147e-5 1.743422625066069e-8 9.183928526472873e-9 0.00017982811323236092 2.5507807965841067e-7 4.149327168800898e-7 -2.8139442004348373e-12 9507.35078012785 7.387780849071504e8
7100 201137.8762599369 28.352162614294844 3.0650215667836725e-5 1.7547834555303553e-8 9.224609566829403e-9 0.00020643433526856825 3.080344579131644e-7 3.5333742084975306e-7 -2.2201695365887244e-12 9507.350780127827 7.387780849071562e8
7150 202556.62502704927 28.39919837881036 3.071420807585394e-5 1.7618953278687262e-8 9.266804506586733e-9 0.0001850631924753543 3.372986085437013e-7 3.172930032324661e-7 -2.781002187396777e-12 9507.350780127763 7.387780849071523e8
7200 203978.08327821628 28.460216637175094 3.090797184639631e-5 1.7745713560889078e-8 9.327010726525834e-9 0.00018694523350859527 3.747407446991202e-7 3.5272957460419363e-7 -2.502024574307396e-12 9507.350780127803 7.387780849071475e8
7250 205401.9230775729 28.458448317650024 3.1089264363876066e-5 1.781474836909009e-8 9.376923982699351e-9 0.00018791267393680755 3.937611864207602e-7 4.373112341138352e-7 -2.3985059088698683e-12 9507.35078012777 7.387780849071516e8
7300 206823.2409967145 28.39778871027105 3.1203919007785e-5 1.790673433964214e-8 9.481442660114768e-9 0.00018912123050540686 4.171941113545463e-7 3.722868209266039e-7 -3.792161843573255e-12 9507.350780127823 7.387780849071485e8
7350 208241.88158256668 28.351120358280994 3.1374938052361335e-5 1.808302881677395e-8 9.497256236356265e-9 0.00020173186749161687 4.0612691436237025e-7 3.4446352081829446e-7 -3.0457980025502773e-12 9507.35078012781 7.387780849071537e8
7400 209658.55034748415 28.3186583598424 3.1498950743938535e-5 1.8188563520232086e-8 9.520450169768338e-9 0.00021204085533099715 3.208982856661713e-7 3.4453677830170726e-7 -2.8788049507529034e-12 9507.35078012782 7.387780849071501e8
7450 211073.96077821817 28.300510079756773 3.168130101750909e-5 1.8279762086646745e-8 9.583717803396305e-9 0.00017700347598292865 2.9963444575509257e-7 3.441071033671861e-7 -2.1042335418736596e-12 9507.350780127808 7.387780849071541e8
7500 212488.82914963868 28.296682683171895 3.181388595986615e-5 1.8401569702027375e-8 9.633505776459555e-9 0.0002041696188825881 2.4908268508871956e-7 3.4589448794086763e-7 -2.6718888287579825e-12 9507.3507801278 7.387780849071541e8
7550 213903.86965392632 28.307088535142306 3.193250622453895e-5 1.8482571999280333e-8 9.831633641007357e-9 0.00019193512889614794 2.1031967650797512e-7 3.336736499742754e-7 -2.34812591047289e-12 9507.350780127834 7.387780849071535e8
7600 215319.78978959136 28.33154985845144 3.203958060274679e-5 1.8611843866697185e-8 9.918996498039804e-9 0.00019107915431959555 2.3275757143285253e-7 3.7101690367191686e-7 -1.4255188536787698e-12 9507.350780127841 7.387780849071577e8
7650 216707.90240462296 28.310706912091433 3.218152715138298e-5 1.8688565349617785e-8 9.944294440447103e-9 0.0001950622972799465 2.1264380219501722e-7 4.567665744109606e-7 -2.697759805290198e-12 9507.350780127901 7.387780849071512e8
7700 218123.04424110282 28.297582313277104 3.232359491208118e-5 1.8787819959847854e-8 9.93907369420414e-9 0.00019047294699703343 2.417129976103882e-7 4.580011874477652e-7 -1.7836663262249235e-12 9507.350780127808 7.387780849071494e8
7750 219537.89148438643 28.29866402913777 3.2536399555397945e-5 1.8871608266064275e-8 9.942038415385865e-9 0.00020367081560834777 2.1448778103616561e-7 4.4270081983599496e-7 -1.6833642429396292e-12 9507.350780127803 7.387780849071558e8
7800 220953.1574963719 28.314056620384036 3.273716102500919e-5 1.8959990105719736e-8 9.970251136587529e-9 0.0001930841553985374 2.7998101755077887e-7 4.3162055311796177e-7 -2.56378343024382e-12 9507.350780127786 7.387780849071523e8
7850 222369.55849745742 28.343770932979687 3.305597172399585e-5 1.9043444998389182e-8 1.0006789772519226e-8 0.0002087380471493816 3.552995198469189e-7 3.466298969939663e-7 -3.424985326510872e-12 9507.350780127783 7.387780849071435e8
7900 223787.80875463877 28.38771889140657 3.3339230674887124e-5 1.912000360791589e-8 1.0082419890198443e-8 0.00019603693363023922 4.1116990856515656e-7 3.068643253945069e-7 -2.4728583435215767e-12 9507.350780127857 7.38778084907145e8
7950 225208.615459226 28.445706543798522 3.354697531156607e-5 1.9234386866952806e-8 1.007302044680279e-8 0.00019405412422202062 4.554707178638928e-7 3.69467145155955e-7 -2.179412721596729e-12 9507.350780127765 7.387780849071536e8
8000 226632.3277642131 28.473533657155084 3.3709162483440445e-5 1.934576099656916e-8 1.0106941408823835e-8 0.00019722038086911198 4.89193200767235e-7 4.7390473251196497e-7 -2.3320176930205605e-12 9507.350780127841 7.387780849071459e8
8050 228054.32332896933 28.409857006602024 3.3854384525962325e-5 1.9451493759062062e-8 1.0152014933306841e-8 0.00020170503921690397 5.208304267173558e-7 4.03833181145119e-7 -8.512199321838041e-13 9507.350780127803 7.387780849071478e8
8100 229473.48901838978 28.360109508976684 3.40863758866408e-5 1.952881755295207e-8 1.0213508181566677e-8 0.00021915340221312363 5.016584607858698e-7 4.170881531262438e-7 -2.4022724179846855e-12 9507.350780127801 7.387780849071516e8
8150 230890.52787152954 28.324530809933336 3.441304271155873e-5 1.9610005406308347e-8 1.0291048601791291e-8 0.0002100589481415227 4.1913794743275723e-7 4.2836442498694893e-7 -1.2151327834865171e-12 9507.35078012782 7.387780849071478e8
8200 232306.15209147683 28.303251195090112 3.469310304563527e-5 1.96553511117542e-8 1.039527047277252e-8 0.00021515149273909628 3.3238467711527164e-7 4.4947788224725116e-7 -2.6359774972900953e-12 9507.350780127817 7.387780849071498e8
8250 233721.07777011188 28.2962992088482 3.488329922574452e-5 1.9752999253059396e-8 1.04285823671553e-8 0.0002176488887926098 3.4006897503546796e-7 4.408147311063537e-7 -2.596316707314912e-12 9507.3507801278 7.387780849071505e8
8300 235136.01995854356 28.303607475318543 3.50345150256886e-5 1.9862488472621296e-8 1.0581671754622522e-8 0.00021810972793900874 2.4920311131326756e-7 3.744817610451534e-7 -1.1601735901762295e-12 9507.350780127814 7.387780849071474e8
8350 236551.688002859 28.32501758184281 3.5244216678832656e-5 1.9965424830573542e-8 1.0752414241645395e-8 0.00023015382271296403 2.486288100955747e-7 3.453127008501422e-7 -1.8022173872081748e-12 9507.350780127852 7.387780849071501e8
8400 237967.9707555676 28.314991415772802 3.5400428850416916e-5 2.0036765416911225e-8 1.0783411587427259e-8 0.00022451994118455332 2.176920829849438e-7 4.5774263124354064e-7 -2.386642814076815e-12 9507.350780127821 7.387780849071543e8
8450 239383.2555196847 28.299064243303334 3.557140094141879e-5 2.0112766745014805e-8 1.0825687196832945e-8 0.00020476727149798535 2.6751850573658587e-7 4.6898906563841436e-7 -1.337673166501579e-12 9507.35078012783 7.387780849071506e8
8500 240798.10468340217 28.29731185172134 3.5686337309205575e-5 2.0213735975401452e-8 1.0787142943162251e-8 0.00021891314463573508 2.3425527496956366e-7 4.5945477100683974e-7 -1.886202577535755e-12 9507.350780127808 7.387780849071534e8
8550 242213.23049023736 28.309856831000236 3.583864462910555e-5 2.0321688304896836e-8 1.0773576430201468e-8 0.00021912099145993125 2.761050867383652e-7 4.7672481866267713e-7 -1.867454327772186e-12 9507.350780127783 7.387780849071524e8
8600 243629.34896554778 28.336729103096783 3.604643648580722e-5 2.0403902667794887e-8 1.0826837287542099e-8 0.0002057169440377038 3.4516481695057166e-7 4.153672626960869e-7 -2.8633141447729264e-12 9507.350780127817 7.387780849071554e8
8650 245047.17516279715 28.37786072468218 3.607504689455908e-5 2.049181595879224e-8 1.0876394175697067e-8 0.00021372756236814894 4.0855835947706254e-7 3.2703229627117913e-7 -2.4822496984909617e-12 9507.350780127761 7.387780849071512e8
8700 246467.41810295233 28.433079276992625 3.640680080149893e-5 2.059558745618589e-8 1.0860346418415266e-8 0.0002036335336015327 4.521490313408316e-7 3.5785955032618944e-7 -1.109829427968393e-12 9507.350780127792 7.387780849071506e8
8750 247890.73375177314 28.48781664288023 3.6689610090517914e-5 2.064371492073183e-8 1.0974128213142695e-8 0.00020386428877827711 5.049775234772236e-7 4.742051110673273e-7 -3.3386995306151145e-12 9507.350780127848 7.3877808490715e8
8800 249313.3741764315 28.42141080567443 3.695125213319332e-5 2.0743146359305708e-8 1.1011772165513598e-8 0.00021777488836960401 5.386561958281577e-7 4.41543319740223e-7 -1.6610759280944656e-12 9507.350780127817 7.387780849071501e8
8850 250733.04660207333 28.36887274311401 3.7279423257813285e-5 2.084939408613102e-8 1.1009267751711034e-8 0.00022423546215577517 5.496781330383005e-7 4.4178394789651243e-7 -1.6961379598277095e-12 9507.350780127825 7.387780849071463e8
8900 252150.4515864286 28.33046476907768 3.763390694793408e-5 2.0963592495596152e-8 1.1048952506110302e-8 0.0002385405168752186 4.796983250204834e-7 4.680559410885632e-7 -2.167324857917859e-12 9507.350780127847 7.387780849071501e8
8950 253566.29994443653 28.30633844442921 3.792254516228907e-5 2.1031238538969365e-8 1.1079580114455673e-8 0.00022534823801834136 3.5842869668123445e-7 5.339435824869287e-7 -1.7145775038551016e-12 9507.350780127807 7.38778084907154e8
9000 254981.30740022293 28.296541858361827 3.83091431236324e-5 2.1139011435854764e-8 1.1057371048873343e-8 0.00021718590869568288 4.044461414665079e-7 5.14422673597581e-7 -1.0493716829525822e-12 9507.350780127785 7.387780849071544e8
9050 256396.18959081633 28.30102633193156 3.844583939228488e-5 2.1266239174008665e-8 1.1139554590421759e-8 0.00023765865807945374 2.516779495365107e-7 4.5617124724839364e-7 -2.729994427509547e-12 9507.350780127796 7.387780849071515e8
9100 257811.65735568624 28.319651131662365 3.8607676418335716e-5 2.1401263283939667e-8 1.1225267982143107e-8 0.00024623072749818675 2.7009681968781507e-7 4.0280721774754724e-7 -2.244274429141884e-12 9507.350780127857 7.387780849071519e8
9150 259200.0 0.3256594697595574 3.880455691933646e-5 2.14912480355205e-8 1.130817345457631e-8 0.00024080330695142038 2.70468931072923e-7 5.307821759892306e-7 -2.2080682717306095e-12 9507.350780127774 7.387780849071537e8
9200 260615.47400091946 28.301339798132116 3.900171148988894e-5 2.1556010815418886e-8 1.1368802148752413e-8 0.00023647529269510414 3.2409185003051677e-7 5.845225644063312e-7 -2.521317964898104e-12 9507.350780127845 7.387780849071461e8
9250 262030.35774450254 28.296476883650385 3.9145135850648146e-5 2.1638123559840915e-8 1.1346377601857723e-8 0.00022646383331448305 2.497444114013536e-7 5.122514315503146e-7 -2.1013680825829804e-12 9507.350780127854 7.387780849071527e8
9300 263445.3620364547 28.305892365981265 3.9376033253273836e-5 2.1739209199864062e-8 1.1366715537198193e-8 0.00023474975932913367 3.110561604541262e-7 5.013157738376073e-7 -1.381499808767738e-12 9507.350780127861 7.387780849071547e8
9350 264861.2024763862 28.329636771003965 3.966981902158677e-5 2.183592047093934e-8 1.14333162466584e-8 0.00022493225333164446 3.975457360666512e-7 4.1102673940807133e-7 -2.3568232758028086e-12 9507.350780127788 7.387780849071553e8
9400 266278.5947512061 28.367664059244717 3.9752581667950325e-5 2.1919878948589562e-8 1.1562003734360817e-8 0.00022919767616258468 4.5286675302846913e-7 3.1813798745394806e-7 -2.4596868987780505e-12 9507.350780127834 7.387780849071491e8
9450 267698.2496503998 28.41982530907656 3.9795552277397955e-5 2.2071882096283264e-8 1.1596873466511814e-8 0.00023040308224153705 5.168101523123081e-7 3.274345711790083e-7 -3.1424922969374357e-12 9507.350780127807 7.387780849071503e8
9500 269120.8677351687 28.48586118346179 3.9843166159103435e-5 2.2213219160758134e-8 1.165008658135633e-8 0.00022695254119753372 5.636952143533991e-7 4.5592765707258565e-7 -2.2332337718982915e-12 9507.350780127801 7.387780849071503e8
9550 270544.2013350351 28.434746463202842 3.991052971255897e-5 2.233152672362371e-8 1.1691240834048854e-8 0.00024013101938180625 6.106118756177281e-7 4.2943171099651956e-7 -2.5563074866793623e-12 9507.35078012784 7.38778084907151e8
9600 271964.4628587574 28.37915216450141 3.9971180228837816e-5 2.2482921340688435e-8 1.1666934622070775e-8 0.00026306407562515233 6.284012635526803e-7 4.1967153077693276e-7 -2.1550991535381846e-12 9507.350780127832 7.38778084907148e8
9650 273382.30281751486 28.337640439609597 4.022580210866032e-5 2.2529045766397168e-8 1.1777145644870449e-8 0.00024819901591399685 5.773736267283835e-7 4.3150067113861823e-7 -1.6425633955015432e-12 9507.350780127834 7.387780849071516e8
9700 274798.4302513142 28.310386237050096 4.0372060274164016e-5 2.2612755752052807e-8 1.1887247691375448e-8 0.00023074351884133648 4.6978292142507705e-7 4.866443705509038e-7 -3.5524946753445125e-12 9507.350780127876 7.387780849071529e8
9750 276213.5602489348 28.29745977786007 4.055744492303991e-5 2.2671658773725534e-8 1.1939601257149884e-8 0.00022365305267157964 4.68025820155038e-7 5.156889089641403e-7 -4.049800950396452e-12 9507.350780127834 7.387780849071558e8
9800 277628.4088800604 28.298833031287433 4.068671103364675e-5 2.278451776180735e-8 1.206909427369933e-8 0.0002612452062749071 2.607648833530263e-7 4.958757220396848e-7 -2.9111975154419245e-12 9507.350780127786 7.387780849071555e8
9850 279043.68842465535 28.314385062891468 4.081238861327948e-5 2.2914070538165508e-8 1.2300991476012091e-8 0.00026011982663476374 3.001488155240928e-7 4.499837292087916e-7 -1.840210687594461e-12 9507.350780127823 7.387780849071531e8
9900 280459.9676840497 28.325778905459202 4.090880860226706e-5 2.3028926660469444e-8 1.2386182444165118e-8 0.00023380909078696277 2.891721779252343e-7 5.917008404771051e-7 -3.6882246904177904e-12 9507.350780127841 7.387780849071485e8
9950 281875.6428951079 28.303995742515788 4.100882759070444e-5 2.311521510118381e-8 1.2438079838444381e-8 0.00023562699971080292 2.9212530511246726e-7 6.61485029834763e-7 -2.4616118824538666e-12 9507.350780127845 7.387780849071487e8
10000 283290.587570843 28.296309670499866 4.110813012705717e-5 2.3182957344863392e-8 1.2378140427322884e-8 0.0002611903655633796 2.756529139391617e-7 5.487819242366854e-7 -3.299983912650199e-12 9507.350780127801 7.387780849071474e8
10050 284705.51102332486 28.302880854253246 4.126784344143859e-5 2.3292125400069203e-8 1.233410941882678e-8 0.0002381546946708113 3.4766139912767446e-7 6.302770456656503e-7 -3.4843917968762773e-12 9507.350780127845 7.387780849071472e8
10100 286121.12826452364 28.323778405538686 4.149742549216179e-5 2.3359847095426222e-8 1.2428863898133447e-8 0.00023215186774905305 4.2676319324252976e-7 4.894879543360098e-7 -3.807163985124339e-12 9507.3507801278 7.387780849071501e8
10150 287538.15535217663 28.358976080427365 4.167920043111662e-5 2.342982357373878e-8 1.2507882528056372e-8 0.0002436455379211111 5.049604149265363e-7 3.636015355051869e-7 -4.9022126303059604e-12 9507.350780127828 7.387780849071529e8
10200 288957.3044665344 28.408345895862098 4.183344711943074e-5 2.3549337638745004e-8 1.2562666017797625e-8 0.00022447480296250433 5.495442218367286e-7 3.5704395263957966e-7 -2.670516643726017e-12 9507.350780127845 7.387780849071494e8
10250 290379.2786450536 28.471651025478515 4.215138266077329e-5 2.366191323531595e-8 1.2617555226883145e-8 0.00024842073071340565 6.165951541153847e-7 4.372741105873601e-7 -3.9258581698694306e-12 9507.350780127828 7.387780849071479e8
10300 291802.999944581 28.447447664246024 4.2297186643057555e-5 2.3755526582583235e-8 1.272530933101073e-8 0.00025035737053258345 6.926388910200032e-7 5.326772922198408e-7 -1.9545965726924074e-12 9507.350780127821 7.387780849071527e8
10350 293223.8261961664 28.389085522511614 4.265763753971165e-5 2.383268012558605e-8 1.278889654315316e-8 0.00026578303913993295 7.162383857395316e-7 4.881525780264795e-7 -4.275177436107949e-12 9507.350780127823 7.387780849071516e8
10400 294642.09117376665 28.344758086967076 4.298170094717319e-5 2.3934637487960106e-8 1.2811859711875514e-8 0.00026735636856756173 6.614070987565057e-7 4.0783722471404715e-7 -2.6669973983336062e-12 9507.350780127805 7.387780849071515e8
10450 296058.50208809914 28.31466201761399 4.3254191857732734e-5 2.4027282466452816e-8 1.283959997247986e-8 0.0002696052961255191 5.531110958134633e-7 4.6751523263832695e-7 -2.4748015145120825e-12 9507.35078012786 7.387780849071506e8
10500 297473.7732394417 28.298887751504004 4.355132602961247e-5 2.4099912542620813e-8 1.2818661334051984e-8 0.00026482333851163276 5.069840201543663e-7 5.270104808663412e-7 -3.7455913098567096e-12 9507.350780127823 7.387780849071485e8
10550 298888.62089223927 28.297426343726496 4.382253713581507e-5 2.4169866080918296e-8 1.2882030172208381e-8 0.0002769001130218385 3.526379358520515e-7 4.993312702206154e-7 -9.096490736914232e-13 9507.350780127808 7.387780849071549e8
10600 300303.758446593 28.310174893341266 4.420666964970125e-5 2.431159597439869e-8 1.2969235364911067e-8 0.00027781123026215937 3.3303890090152777e-7 4.844955841104559e-7 -3.257107796883337e-12 9507.350780127823 7.387780849071503e8
10650 301719.87898139574 28.33176619481533 4.4422711714232026e-5 2.4431557690535965e-8 1.3041532841964833e-8 0.0002798737677949248 3.7574986265758586e-7 6.527523587346318e-7 -1.3760799889902783e-12 9507.350780127867 7.387780849071497e8
10700 303107.80978366587 28.307558604675798 4.461814858709854e-5 2.447143366959454e-8 1.3108628794994016e-8 0.0002552820988057647 3.5300781464631115e-7 7.676695835262537e-7 -2.5166974297398916e-12 9507.350780127792 7.387780849071494e8
10750 304522.8537958823 28.296776007075767 4.480425350808716e-5 2.4475378810032795e-8 1.311073424530588e-8 0.0002868375613616081 3.3720928128977423e-7 6.961279440664825e-7 -1.065812058204767e-12 9507.350780127801 7.387780849071518e8
10800 305937.7209785634 28.300223293013048 4.4914285052540075e-5 2.4547974398360913e-8 1.3101051630865772e-8 0.00026898069882008713 3.2374646471988733e-7 7.638899941486699e-7 -2.525277056137873e-12 9507.35078012776 7.387780849071565e8
10850 307353.12548496877 28.317989754252455 4.512065330414946e-5 2.4665695647595383e-8 1.3108683654924029e-8 0.0002733710571192205 4.200326346459615e-7 5.818733841977952e-7 -1.9918124850291053e-12 9507.3507801278 7.387780849071541e8
10900 308769.78355284285 28.350070474760976 4.522183525409996e-5 2.4742828898930884e-8 1.3231012515747074e-8 0.00027373709599487484 5.004439590505783e-7 4.0353985648888813e-7 -1.4491614055479816e-12 9507.35078012781 7.387780849071449e8
10950 310188.40864515625 28.396360363986275 4.530642433679162e-5 2.4857769275627088e-8 1.3329212541347235e-8 0.0002585320908110589 5.393283818572181e-7 3.4970420799418367e-7 -1.8084680800988162e-12 9507.350780127827 7.387780849071512e8
11000 311609.70626917627 28.456647098348892 4.543239589803479e-5 2.5000492014526308e-8 1.3356955437681646e-8 0.0002689022931008367 6.224859446651854e-7 4.0118525856946974e-7 -1.6387095992415551e-12 9507.35078012781 7.387780849071488e8
11050 313033.5451994593 28.462037872225807 4.547519208181708e-5 2.509979730161747e-8 1.3474522582039042e-8 0.0002687023970793234 7.015241834246178e-7 6.146286510300136e-7 -2.068202078406113e-12 9507.350780127837 7.387780849071523e8
11100 314455.02401961957 28.400646857037056 4.558602104710383e-5 2.524848142755158e-8 1.343322181793468e-8 0.00026085838544531725 7.596009974353279e-7 4.945550496904261e-7 -1.410969959154289e-12 9507.350780127785 7.387780849071527e8
11150 315873.78854005825 28.353232600933268 4.567396692301565e-5 2.5317340655098915e-8 1.3546351172478615e-8 0.0002934074236691231 7.496795735029149e-7 4.819750890339147e-7 -1.4011985850306033e-12 9507.350780127834 7.38778084907149e8
11200 317290.54370059754 28.320016094121094 4.596602534288966e-5 2.5373696318167123e-8 1.3667740251574902e-8 0.0003010524706041906 6.507973623337548e-7 5.104612574025058e-7 -1.7792190491698055e-12 9507.35078012778 7.38778084907153e8
11250 318706.002703274 28.30111031099482 4.61705951049837e-5 2.5425348841384934e-8 1.3733151797275892e-8 0.00027040035638492554 5.208448243809727e-7 5.525616797730226e-7 -2.5856474541818202e-12 9507.350780127865 7.387780849071511e8
11300 320120.8818048419 28.29652756558342 4.634006038968121e-5 2.5542798111381164e-8 1.3757614102178623e-8 0.0002734175795922056 4.53146537515714e-7 5.570485674399883e-7 -2.024647288633207e-12 9507.350780127817 7.387780849071476e8
11350 321535.8954318128 28.30618508335927 4.642756257097914e-5 2.564486312783279e-8 1.4029349356911616e-8 0.00029965521571284626 3.485238990186268e-7 5.141247199774712e-7 -1.0170968571954983e-12 9507.35078012783 7.387780849071558e8
11400 322951.75154672086 28.329909513720438 4.645418444518239e-5 2.5791775278580085e-8 1.4192780896478115e-8 0.000274021696895943 3.914208346333936e-7 6.072332405238079e-7 -9.853504207914978e-13 9507.350780127825 7.387780849071529e8
11450 324367.9118992117 28.311381694207007 4.6496847159667656e-5 2.5926596785959782e-8 1.41526041708196e-8 0.0002725813101278618 3.441607511617262e-7 7.536284609976907e-7 -1.870931933786229e-12 9507.3507801278 7.38778084907153e8
11500 325783.07559353043 28.297790109955077 4.6521600363926214e-5 2.5989085035392626e-8 1.4124452742537407e-8 0.0002769763414107729 4.1728135916074827e-7 7.55307313166087e-7 -1.5672047356993017e-12 9507.350780127786 7.387780849071481e8
11550 327197.9212041092 28.29839980268197 4.6531905391450545e-5 2.6088691996174105e-8 1.4050057179076471e-8 0.0002933159103122307 3.5167735423780044e-7 7.714336839881319e-7 -1.6587793010013766e-12 9507.350780127887 7.387780849071484e8
11600 328613.1619157314 28.313318222742026 4.674468881530087e-5 2.618592718300833e-8 1.4031422154879858e-8 0.000269363945335499 3.8367390803317747e-7 6.543976871081769e-7 -8.718252024998756e-13 9507.35078012782 7.387780849071548e8
11650 330029.51392600196 28.342559628111868 4.6954896432504234e-5 2.62457926428984e-8 1.4164838327591615e-8 0.0002624218468554318 4.848980747762521e-7 4.566414968237842e-7 -1.9329315323355164e-12 9507.350780127845 7.387780849071491e8
11700 331447.69165148924 28.386039388400025 4.7162222624868376e-5 2.6348007241707523e-8 1.4229143053666789e-8 0.0002803888673952315 5.467736659131583e-7 3.4907675180995135e-7 -2.7333121765997405e-12 9507.350780127805 7.387780849071511e8
11750 332868.4026112894 28.44356710801789 4.7484032090607774e-5 2.6468448569132508e-8 1.4291518622810647e-8 0.00028803681379940826 6.005840822442821e-7 4.834479231663469e-7 -2.1968172638342273e-12 9507.350780127814 7.387780849071481e8
11800 334292.06763306324 28.475873993972893 4.761735271575579e-5 2.656245084957528e-8 1.4444533657833922e-8 0.00029955594436614774 6.955776041400741e-7 6.326485365582002e-7 -1.4405056496830844e-12 9507.350780127817 7.387780849071534e8
11850 335714.1686513571 28.411741943838933 4.775853386644932e-5 2.6656364373139465e-8 1.4559834708839728e-8 0.00028995421416766476 7.507403775031118e-7 5.816061895147495e-7 -2.530530318401861e-12 9507.35078012779 7.387780849071529e8
11900 337133.416755787 28.36152920409937 4.7870192025266694e-5 2.6769758382507995e-8 1.462182056532393e-8 0.00029770778746751603 7.494708386124316e-7 5.633240902358505e-7 -1.93032931049429e-12 9507.350780127768 7.387780849071531e8
11950 338550.5145931277 28.32547916306227 4.8209434383443636e-5 2.6905965182585825e-8 1.4595120523701067e-8 0.00030660972151963506 6.705920136268473e-7 5.867462071207363e-7 -2.040626759042077e-12 9507.350780127817 7.387780849071519e8
12000 339966.1741532033 28.303725758150343 4.841325271506341e-5 2.6960075876915252e-8 1.4660233802450799e-8 0.0003000060642079916 4.810578327629766e-7 6.460691367449201e-7 -1.6467187182945409e-12 9507.35078012782 7.387780849071524e8
12050 341381.11148340226 28.296300569659383 4.866623785398663e-5 2.7038128057968064e-8 1.4702867400547203e-8 0.0002825780502462294 5.226522219459184e-7 6.714340226865456e-7 -1.6541831751339317e-12 9507.350780127752 7.387780849071512e8
12100 342796.0417490856 28.303139404690537 4.879336438697962e-5 2.7176001905010478e-8 1.476937699300389e-8 0.00030995754241303075 3.8417122910638923e-7 6.170105683045435e-7 -1.6960465446407177e-12 9507.350780127872 7.387780849071465e8
12150 344211.6745529631 28.324086622358767 4.914483533866625e-5 2.7303243870845437e-8 1.4947924993306873e-8 0.00029248930877656676 4.6190005703605763e-7 5.418330708273356e-7 -2.5932038048217473e-12 9507.350780127774 7.387780849071506e8
12200 345600.0 0.3423745152540505 4.9349991234652665e-5 2.7388274259677585e-8 1.499607255510043e-8 0.0002770622286334401 4.05126721336746e-7 7.396575382040416e-7 -2.094677065231436e-12 9507.350780127827 7.387780849071462e8
12250 347015.32743913017 28.299552377757152 4.961691032537024e-5 2.7387815426876283e-8 1.5029135141519656e-8 0.0003098640499956673 4.298202828517672e-7 8.158434521010616e-7 -2.6016924946462813e-12 9507.350780127792 7.38778084907148e8
12300 348430.18184327474 28.29704729252795 4.9713582738686946e-5 2.741809949682711e-8 1.505630835654834e-8 0.00031038831002661027 3.3773724658625603e-7 7.933783173763587e-7 -2.321735159631392e-12 9507.35078012781 7.387780849071538e8
12350 349845.27512485266 28.308835272920717 4.9851995494642436e-5 2.750638028825391e-8 1.5081600237826427e-8 0.00028556445795402396 3.7434784055934145e-7 7.107567076003463e-7 -3.1588178049389504e-12 9507.350780127823 7.387780849071529e8
12400 351261.3232242908 28.334951328854302 4.998103296534529e-5 2.7607148121324894e-8 1.5165501919515464e-8 0.00028462305090215523 4.587822188401036e-7 4.812057195768826e-7 -1.8079999960523348e-12 9507.350780127832 7.387780849071512e8
12450 352679.04137194634 28.375333031150298 5.006295890321134e-5 2.7679965122606146e-8 1.5299658428438345e-8 0.0002950572525151074 5.277832216543654e-7 3.788992093967103e-7 -3.390184378466131e-12 9507.350780127823 7.387780849071534e8
12500 354099.1390471985 28.42981361328602 5.03570704213759e-5 2.7803426150009278e-8 1.5288372319305925e-8 0.00028824927903770003 6.051787063560132e-7 5.178897745650168e-7 -2.6902675888652283e-12 9507.350780127841 7.387780849071518e8
12550 355522.30428721354 28.49170401857904 5.0564315007090026e-5 2.7925779537661344e-8 1.5329054282065964e-8 0.0003057462272408884 6.921575800289403e-7 6.125538709045308e-7 -1.554582739304815e-12 9507.350780127766 7.387780849071537e8
12600 356945.1207227587 28.424574959015935 5.084213740199725e-5 2.8040982456867804e-8 1.5363642103765046e-8 0.0002922255425801268 7.740142314166532e-7 6.382327018827905e-7 -2.689314190684665e-12 9507.35078012784 7.387780849071481e8
12650 358364.93253743066 28.37129661187534 5.1071205359399475e-5 2.8155011218992434e-8 1.535988008726264e-8 0.0003056801524508046 8.044473854273981e-7 6.213141273136991e-7 -2.1060910410397067e-12 9507.350780127814 7.387780849071481e8
12700 359782.439593742 28.332137464200255 5.1488541242478935e-5 2.8189111604040414e-8 1.544610144435195e-8 0.00032746814940765034 7.313783215584513e-7 6.290463616942521e-7 -2.3996055833149572e-12 9507.35078012781 7.387780849071518e8
12750 361198.3523029142 28.30725450861565 5.172701265656157e-5 2.8241675822201956e-8 1.5485404198879762e-8 0.0003103733470197767 5.402330136849987e-7 6.680054448482409e-7 -1.989343796366783e-12 9507.350780127794 7.387780849071474e8
12800 362613.38625847845 28.29670134059421 5.204748396795038e-5 2.8314381750557288e-8 1.548541360942156e-8 0.0002968234766740352 5.892842462884573e-7 7.318557330160402e-7 -2.882313188033792e-12 9507.350780127852 7.387780849071519e8
12850 364028.2572254538 28.30043413262218 5.2187269756350274e-5 2.844757121088934e-8 1.5587573098112852e-8 0.0003324948193039745 3.934244559578026e-7 6.580944630629748e-7 -2.895676078195102e-12 9507.350780127768 7.387780849071488e8
12900 365443.67640866246 28.31831689379472 5.241083065869309e-5 2.8524403825017923e-8 1.5882601316013106e-8 0.0003314530731586274 4.7478344927798233e-7 6.093247619382014e-7 -3.3600862871092488e-12 9507.350780127834 7.387780849071562e8
12950 366860.01052517176 28.32120569925174 5.252052727958708e-5 2.863081837934463e-8 1.598619853812488e-8 0.0003248591619922081 4.2948127954023363e-7 7.488119241061408e-7 -4.130292261849477e-12 9507.350780127796 7.3877808490715e8
13000 368275.51607843296 28.301742905965195 5.2645924634985814e-5 2.871614143292519e-8 1.5938612801525397e-8 0.00031358530577563215 4.3254854004137755e-7 8.718166465415678e-7 -1.9306035560552653e-12 9507.350780127834 7.387780849071547e8
13050 369690.4080120356 28.296409973991643 5.273177827263632e-5 2.881913720817631e-8 1.5768815301130507e-8 0.00034431757376296446 3.726066968301467e-7 7.868026116186755e-7 -2.927793918709603e-12 9507.350780127865 7.387780849071491e8
13100 371105.39689411613 28.305351997568973 5.282490776358547e-5 2.892495822995018e-8 1.570567264666363e-8 0.00029353216268646065 4.090062016154361e-7 7.853505538113481e-7 -3.0743645305648887e-12 9507.350780127827 7.38778084907151e8
13150 372521.198230847 28.328622705994366 5.300385704917408e-5 2.8977541974305814e-8 1.5864755958408292e-8 0.0003057676058233483 5.03151351805009e-7 4.971500751488334e-7 -3.3903873106089816e-12 9507.350780127803 7.387780849071509e8
13200 373938.52778412733 28.366179495924584 5.317120631928476e-5 2.9086523574730765e-8 1.5935815226836348e-8 0.0003180193070875248 5.962139671550348e-7 4.5438282940402086e-7 -4.085742195210868e-12 9507.350780127828 7.387780849071494e8
13250 375358.0965954466 28.417877061664992 5.341740508257329e-5 2.920374475297445e-8 1.5984554350988464e-8 0.00030735119980818126 6.356780192784406e-7 5.566218287678115e-7 -2.5550662024518063e-12 9507.350780127814 7.387780849071544e8
13300 376780.6056599366 28.483459730163442 5.371247833552766e-5 2.9322006226608635e-8 1.6107075763025792e-8 0.00031401232809002977 7.449647561885708e-7 6.170241665381937e-7 -1.268545576434656e-12 9507.350780127854 7.387780849071518e8
13350 378204.02220999583 28.436821886640583 5.36895257610969e-5 2.9404443903923103e-8 1.626889965942083e-8 0.0003180560524924658 8.513472592036608e-7 6.485114187326779e-7 -1.9271894859892492e-12 9507.350780127814 7.387780849071528e8
13400 379624.375780235 28.380766247116266 5.3618066054520646e-5 2.9502637057974538e-8 1.636529015027411e-8 0.00032512281177332625 8.792060546408687e-7 6.624114629039113e-7 -3.1247783310434443e-12 9507.350780127766 7.3877808490715e8
13450 381042.2845098216 28.338785639762193 5.372221538813597e-5 2.965058928871944e-8 1.628409945603834e-8 0.00034183994102932047 8.110867701915936e-7 6.640578087968585e-7 -3.2814146643522582e-12 9507.350780127792 7.387780849071449e8
13500 382458.45715496544 28.31105855170138 5.380287145609697e-5 2.9762383759938722e-8 1.6247750948362748e-8 0.00031324421433964744 6.301279650705593e-7 7.413003977885246e-7 -3.4101655367202272e-12 9507.35078012782 7.38778084907149e8
13550 383873.60868553835 28.297658394069778 5.393571162856386e-5 2.9835171322497935e-8 1.6234863328437084e-8 0.00032222231493506115 5.784409989884054e-7 7.689276322331295e-7 -1.383417134626843e-12 9507.350780127843 7.387780849071512e8
13600 385288.45521299756 28.298560343354588 5.397257046280905e-5 2.9950067137177355e-8 1.6357477965250075e-8 0.00034583423075673636 5.228135197821171e-7 7.248396969306015e-7 -2.97113524684168e-12 9507.350780127825 7.387780849071518e8
13650 386703.70921379066 28.313646458772258 5.41129038730449e-5 3.01344537567559e-8 1.6515364475477574e-8 0.00035003083576157223 5.062038947456493e-7 6.467243835184266e-7 -3.2455818255056624e-12 9507.35078012773 7.387780849071487e8
13700 388119.9690234276 28.326736992982138 5.421083406379552e-5 3.023210233895495e-8 1.6696356161999512e-8 0.0003178207862220006 4.997965969977258e-7 8.230404266174052e-7 -3.4129146929196027e-12 9507.35078012779 7.387780849071509e8
13750 389507.72674437467 28.304795165210766 5.43143151963844e-5 3.031895976017983e-8 1.6680460822486302e-8 0.0003175822439516196 4.6596472019766466e-7 9.853603868126282e-7 -2.833942588776534e-12 9507.35078012781 7.38778084907151e8
13800 390922.6923220262 28.29635988839993 5.432822034339525e-5 3.035798439098206e-8 1.6642454238361368e-8 0.00033592751242395025 4.1392564062436854e-7 8.924922335618035e-7 -2.748396161066927e-12 9507.350780127827 7.387780849071462e8
13850 392337.59903762606 28.302175636125884 5.438222570348577e-5 3.041878246151978e-8 1.6641276858592656e-8 0.00033685832386254333 4.627345237817604e-7 9.383786687688911e-7 -1.435258639308521e-12 9507.350780127808 7.387780849071475e8
13900 393753.16171218455 28.322316279121253 5.451938275302772e-5 3.053206034815811e-8 1.6651453588123513e-8 0.00030525102010869887 5.424976060042219e-7 5.89343516127494e-7 -1.9769735506966822e-12 9507.350780127803 7.387780849071524e8
13950 395170.09646304126 28.35676089824228 5.45371330065077e-5 3.058744605250963e-8 1.6852996618816084e-8 0.00029728139816143084 6.306085103824355e-7 4.841067510336083e-7 -2.2544191218302482e-12 9507.350780127812 7.387780849071472e8
14000 396589.11580465216 28.40538709016073 5.46631052003603e-5 3.070028884679069e-8 1.6896845017257144e-8 0.0003257908610976301 7.033975332332298e-7 5.298897539085523e-7 -2.7833694099876737e-12 9507.350780127843 7.387780849071518e8
14050 398010.9234017793 28.46796418287073 5.502079910843532e-5 3.087249067907959e-8 1.6855249331444278e-8 0.00031249109633790795 7.909735211392155e-7 5.393336238168622e-7 -1.8204487343437272e-12 9507.350780127828 7.387780849071459e8
14100 399434.7025296195 28.450914798115583 5.529223968364083e-5 3.0932023227403325e-8 1.697321395271722e-8 0.0003256964755564695 8.891841232899766e-7 7.432061934209422e-7 -2.1894655204845565e-12 9507.350780127803 7.387780849071468e8
14150 400855.68349704467 28.391818954908686 5.555480688557117e-5 3.10860607151936e-8 1.6874000650792724e-8 0.00032069134795165155 9.493192315024324e-7 6.353796145885937e-7 -1.9377760586325356e-12 9507.350780127827 7.387780849071523e8
14200 402274.0661402726 28.3467444843279 5.590850180035583e-5 3.11355376462491e-8 1.696506053984626e-8 0.00037146250542718917 9.108097462490194e-7 6.480640084571831e-7 -2.4506391883335877e-12 9507.350780127812 7.387780849071511e8
14250 403690.5571518382 28.31589376568606 5.629615235510573e-5 3.1211582948915414e-8 1.6974872171327303e-8 0.00034682368277572095 7.340152827078894e-7 7.02981501649047e-7 -1.9106243122553466e-12 9507.35078012783 7.387780849071501e8
14300 405105.8705880679 28.2993625521336 5.6610144391383326e-5 3.12490579502498e-8 1.697407234913393e-8 0.0003133151494694175 6.199178513299763e-7 7.398980796935462e-7 -3.227245183390329e-12 9507.35078012787 7.387780849071451e8
14350 406520.7227286301 28.297147020347257 5.695727639685954e-5 3.136948352711203e-8 1.695233772733032e-8 0.00035036747249250766 4.754230534254056e-7 6.978122474854409e-7 -2.0599660965330533e-12 9507.350780127807 7.387780849071501e8
14400 407935.82724160346 28.309149164472814 5.724772470555785e-5 3.139929516703187e-8 1.7311543026971716e-8 0.00035911133818444796 4.900932949469805e-7 6.216209035986298e-7 -1.8077673898697274e-12 9507.350780127788 7.387780849071534e8
14450 409351.8884241708 28.333448881316606 5.7540065574298075e-5 3.1483307767953356e-8 1.749899749230178e-8 0.0003334958164487034 5.316368887203771e-7 7.695075752156555e-7 -4.648017147935149e-13 9507.350780127783 7.387780849071476e8
14500 410767.85789785656 28.30815561026435 5.784972236211298e-5 3.1509773112848955e-8 1.7563423327710998e-8 0.0003265813083999092 4.673388060427719e-7 9.9355109525745e-7 -1.7840559176501136e-12 9507.350780127832 7.387780849071467e8
14550 412182.9198605351 28.296905369763774 5.81264379658647e-5 3.156552492550116e-8 1.7409008843963485e-8 0.00037429728399729356 4.995300154908566e-7 9.598866240467796e-7 -9.184756646783459e-13 9507.350780127867 7.387780849071497e8
14600 413597.7814850133 28.299880547096144 5.8236449304461694e-5 3.167649817924161e-8 1.7241916610306984e-8 0.0003625851131801028 4.7418021209555405e-7 1.030921788380823e-6 -2.017642779410042e-12 9507.3507801278 7.387780849071491e8
14650 415013.15677472856 28.317173291768814 5.848998242341169e-5 3.1744714210719317e-8 1.7280901364861552e-8 0.0003253499853599351 5.607151159076063e-7 6.794573311208474e-7 -3.1895849980309865e-12 9507.3507801278 7.387780849071462e8
14700 416429.7619680081 28.348781990360425 5.860207572116217e-5 3.1813211243333315e-8 1.745347140563097e-8 0.0003410920289752539 6.777691503312422e-7 4.7653337521824657e-7 -1.223727246904377e-12 9507.350780127812 7.387780849071544e8
14750 417848.3107031234 28.39460505734384 5.880764326821693e-5 3.1929806936313614e-8 1.7560639291708292e-8 0.0003298191095382208 7.420210436370756e-7 4.749557301203522e-7 -3.118270383372656e-12 9507.35078012783 7.387780849071476e8
14800 419269.5088390055 28.454433839810942 5.9086992473429506e-5 3.206529168667812e-8 1.7654192607828337e-8 0.00033281690593867097 8.599792674646167e-7 5.467159110150721e-7 -2.432555373823115e-12 9507.350780127794 7.387780849071516e8
14850 420693.3370667267 28.464301830638057 5.926171827483755e-5 3.2133910021753804e-8 1.784274334338797e-8 0.00035881024814443663 9.59789102944475e-7 7.823210919633006e-7 -1.2463838548720021e-12 9507.35078012779 7.387780849071518e8
14900 422114.9174781558 28.40245384650447 5.939167711555069e-5 3.21850883451827e-8 1.7993966359547392e-8 0.00036236112282495014 1.0506844920071812e-6 7.517315343541497e-7 -1.0126560414232306e-12 9507.350780127745 7.38778084907149e8
14950 423533.76049415546 28.35457354225996 5.951082019187948e-5 3.231470692221909e-8 1.7968324457935846e-8 0.0003812118884525262 1.0321930255519085e-6 7.319011558759581e-7 -2.121226476462923e-12 9507.350780127827 7.38778084907153e8
15000 424950.5706952091 28.320885574964677 5.980701262582079e-5 3.2461126660090575e-8 1.787821139509212e-8 0.0003605716465244768 8.935059398057499e-7 7.417903375717128e-7 -2.1652290092066708e-12 9507.35078012782 7.387780849071538e8
15050 426366.0610990293 28.301506224340887 5.99264686368531e-5 3.2505154374579246e-8 1.794293541274904e-8 0.00033812547007983085 6.306517691956337e-7 7.993455661547966e-7 -1.8299315045001038e-12 9507.350780127812 7.387780849071501e8
15100 427780.94793615595 28.296450954259264 5.9980955124109745e-5 3.2602516153148535e-8 1.794311988246772e-8 0.00036532575177261606 7.073857743386536e-7 8.109772894893119e-7 -2.430327786733814e-12 9507.3507801278 7.387780849071568e8
15150 429195.945766261 28.30564012520086 5.998109267193551e-5 3.276023971613596e-8 1.8160749495098896e-8 0.00037784824235131964 5.021550837369659e-7 7.412560087960429e-7 -2.4255942987791093e-12 9507.350780127821 7.387780849071475e8
15200 430611.7628369231 28.328903344764623 6.004538895254169e-5 3.288409024912855e-8 1.8419282411343384e-8 0.00036508531411527656 6.106455001098077e-7 6.396605342351425e-7 -3.4487465745391096e-12 9507.35078012777 7.387780849071486e8
15250 432000.0 0.3589579361723736 6.013664680360405e-5 3.299164699936045e-8 1.844526958918841e-8 0.0003419939930608962 5.843508911473894e-7 8.710361737440664e-7 -2.832359335171462e-12 9507.350780127823 7.387780849071555e8
