#timestep time dt l2_h l2_h_vcon1 l2_h_vcon2 linf_h linf_h_vcon1 linf_h_vcon2 dsdu_ut entropy h_squared 
0 0.0 100.0 0.0 0.0 0.0 0.0 0.0 0.0 3.0533092091324637e-12 7.387781108739867e8 1.0400220349966617e8
200 10201.96271835927 51.23524076059047 0.06198976618381845 1.9492827274622005e-5 2.2026346438058246e-5 0.4453995232552188 0.0002955318983472177 0.00032845705378925505 3.5708703832164698e-12 7.387781108739872e8 1.0400220431313446e8
400 20410.217620613534 50.96021258400774 0.06771541978448159 3.102857005645406e-5 2.588300890990639e-5 0.6888103260748721 0.0004165600633429106 0.0005820148326817487 3.909560283600979e-12 7.387781108739862e8 1.0400220496773542e8
600 30607.424945366234 51.144064699812546 0.08284099855284005 3.7388415784744134e-5 3.3495121958721304e-5 0.8783386807908755 0.0006720692132848177 0.0007573982546549354 3.4845553065188125e-12 7.387781108739855e8 1.0400220386510457e8
800 40820.8144426363 50.93799860113496 0.0963784706881657 4.443658981706755e-5 3.771057502817315e-5 0.49007991799226147 0.0006985916005644716 0.0012116327131537763 3.014729130491396e-12 7.387781108739878e8 1.0400220315705335e8
1000 50998.327001604004 51.06815863918702 0.09969986014323032 5.253367748122882e-5 4.0465231739713864e-5 0.6908597137471588 0.0004696121263557673 0.0008908006637489696 3.885438162179906e-12 7.387781108739877e8 1.0400220394030191e8
1200 61215.72736798507 50.93327752930536 0.10843507383414434 5.9607636624325604e-5 4.3595435529906605e-5 0.8157083704656998 0.0006131120269650681 0.001227265448206144 3.1335171773116117e-12 7.38778110873985e8 1.0400220335161103e8
1400 71407.45507191961 51.01262142771256 0.11751726974225343 6.348053380903064e-5 4.917855995884607e-5 0.8086122802678801 0.0008223486323086782 0.0010373222581797625 2.873266289535372e-12 7.387781108739825e8 1.0400220336603944e8
1600 81627.34608657054 50.94376378775264 0.13684772832352543 6.883646150744533e-5 5.437054270373164e-5 0.7983957050678328 0.0007294724095183169 0.0012999919978273211 2.800249010884601e-12 7.387781108739884e8 1.0400220238945425e8
1800 91801.08900722058 50.97150435921833 0.145190893404271 7.69355631819713e-5 5.5315535178395064e-5 0.7722039175837381 0.0006943490678004705 0.0012062707995257327 3.0316988514657126e-12 7.387781108739839e8 1.040022020987353e8
2000 102022.01452351325 50.972167654247706 0.16050472501276375 8.279581288024061e-5 6.059501497613276e-5 1.2321265412047069 0.0009569086584542696 0.0014227827318537278 4.111542846966761e-12 7.387781108739836e8 1.0400220306609671e8
2200 112212.890101857 50.94780710777298 0.16505881166098804 8.85640041946245e-5 6.590070039098934e-5 1.2180398980246991 0.0008773741211879904 0.0014059177825757052 3.943377200488425e-12 7.387781108739854e8 1.0400220245331354e8
2400 122433.27318503524 51.015454587249664 0.16675946158632732 9.459529713845095e-5 7.052149042817672e-5 0.8193229764942771 0.0011346770055951083 0.0016644674976119406 3.696738081228362e-12 7.387781108739899e8 1.040022009028779e8
2600 132606.43861759375 50.93877679728135 0.18394032151882198 0.0001007531392168963 7.007387955298464e-5 0.9779557620377091 0.0007834930853559685 0.0016463123053406803 3.147730084409234e-12 7.387781108739878e8 1.040022013166783e8
2800 142824.59565151518 51.07606369283844 0.19625797985922966 0.00010467453454108325 7.251407454058169e-5 0.8985739932577417 0.0012131867109053118 0.0012767534765704969 1.8784010817834166e-12 7.387781108739872e8 1.040022019400439e8
3000 153018.72907085193 50.94687331390735 0.20868680832009232 0.0001088430214580023 7.451874459133695e-5 1.3750601100737185 0.0008448933324782936 0.0011074112513160816 2.1572910944926378e-12 7.387781108739892e8 1.040022005756041e8
3200 163233.25315295672 51.15362237497228 0.21504890302293475 0.0001118596582544391 8.023070959456604e-5 1.0806659750296603 0.000980596839520148 0.0011110103755779255 1.9705495000659956e-12 7.387781108739865e8 1.040022001310274e8
3400 173411.7503881877 50.970824841579955 0.2242997459863762 0.00011825831394950598 8.183723069287245e-5 1.633162021810449 0.0008608291017468406 0.0012835169723799666 3.0014351613526712e-12 7.387781108739861e8 1.0400219992858599e8
3600 183620.78739500852 51.24717456609763 0.23128434743385418 0.000123606523681626 8.528639383279855e-5 0.9945871273898774 0.0010049327518532325 0.001145095655723627 3.556734054282089e-12 7.387781108739885e8 1.0400220009732625e8
3800 193822.9231034763 50.9961723650344 0.2420304020332601 0.00012909905034324748 8.71625574199068e-5 1.1928608471057487 0.0011203225646679406 0.0015649417617217831 3.921031692454556e-12 7.387781108739877e8 1.040021994519277e8
4000 204025.69869364938 51.23602974247107 0.25428615119122144 0.00012977230114571438 9.39411274004763e-5 1.1911567521538018 0.0009052430929880409 0.001191359298301102 3.773393779860145e-12 7.38778110873984e8 1.0400219859285264e8
4200 214234.2384016247 50.95944381940819 0.26852479437464294 0.00013364266479594803 9.718130689731629e-5 1.200321450946376 0.0009528593171808653 0.0013031915830748475 3.992953903370973e-12 7.387781108739872e8 1.0400219791646053e8
4400 224413.70574398772 51.14674442425277 0.2716113605042288 0.00013974209541670044 9.779981062694341e-5 1.6192600722376937 0.0010481464140413566 0.001094521429153672 2.643447563831304e-12 7.387781108739859e8 1.040021987035761e8
4600 234627.732410435 50.93717627553577 0.27929024475138076 0.00014621946525803875 9.851801281139788e-5 1.4794435861822421 0.001373844036512193 0.0011402065138390594 2.256972889584099e-12 7.387781108739889e8 1.0400219834368931e8
4800 244822.3160271812 51.07327768454888 0.2920410013968673 0.00014747217460733984 0.00010520816066634152 1.5182676820411416 0.0013063987793581755 0.00116369501918126 1.681997237609778e-12 7.38778110873987e8 1.040021969272152e8
5000 255040.28772691093 50.932461077634905 0.3046155039396626 0.00014938189665828224 0.0001108982141554137 1.4875651282729905 0.0015212156447593495 0.0016470064682034824 3.931499927369668e-12 7.387781108739883e8 1.0400219636590524e8
5200 265213.43985495344 51.01518803392135 0.315343307875981 0.0001546306348296321 0.00011303105349947634 1.4674886301474999 0.001267010013832351 0.0016339084889119837 2.896094239997663e-12 7.387781108739842e8 1.0400219791974513e8
5400 275433.70502164384 50.944162187013745 0.32266131807225057 0.0001617040779136199 0.00011419364910387424 1.7985169513415258 0.0017623103268093188 0.002035289786134868 3.71070210929545e-12 7.387781108739891e8 1.0400219661690424e8
5600 285624.687431178 50.974650180144266 0.3278200091478622 0.000166147120387535 0.00011857570011034224 1.5831194565132591 0.0013770621445771125 0.0020788600101681043 4.180723559639132e-12 7.387781108739872e8 1.0400219616929948e8
5800 295845.76139139564 50.97040422938915 0.32756338773347476 0.0001688959270774475 0.00012557691084663964 1.6242098182956397 0.0018157266870232336 0.0019205620618890362 2.9228047033362984e-12 7.387781108739845e8 1.0400219633078203e8
6000 306017.576877786 50.950496042504554 0.33689384570034125 0.00017166612535650817 0.0001291313873884907 1.5076772457214247 0.0014168332303655523 0.002524597041132684 2.3963604623162786e-12 7.387781108739865e8 1.0400219658316769e8
6200 316238.283408121 51.01744169867323 0.3492319981530702 0.0001759368288040079 0.00013107166510681356 1.7925805176412268 0.0019796650469932064 0.0019420715873117306 2.458894190419288e-12 7.387781108739849e8 1.040021967895164e8
6400 326430.4522398638 50.9433971971133 0.3571953403094511 0.0001817325466437918 0.00013240191906812345 1.402041787169992 0.001255813825276726 0.002733559426287835 3.0370593228926176e-12 7.38778110873987e8 1.0400219622208165e8
6600 336649.13501703704 51.07786717474814 0.3514938163471589 0.0001848621195373622 0.0001400063991966334 1.4934766069097805 0.001867539027768192 0.0020495482896209505 3.260031960802895e-12 7.387781108739858e8 1.040021960210531e8
6800 346823.14725097443 50.952855842386896 0.3573346678509127 0.0001903821866978309 0.00014468557881875278 1.4823292498713272 0.001271836010151156 0.002577722707756455 3.065653609046994e-12 7.387781108739866e8 1.0400219682888243e8
7000 357038.161322398 51.155418078923105 0.3586544810198372 0.00019609086004842554 0.0001465872486281801 1.369907428173974 0.0021157662563376367 0.0021252958894299803 3.697591927748505e-12 7.387781108739865e8 1.0400219775408936e8
7200 367235.8918431926 50.97832641595554 0.3756730378670024 0.00020324197935678347 0.00014488789908465943 1.4953400206741208 0.0016082537690174648 0.0024632637961485675 3.4569527075784136e-12 7.387781108739856e8 1.0400219604759456e8
7400 377445.79773504345 51.24918225633552 0.3753064779577818 0.0002052887179551905 0.00015043235866670632 1.4272675410411466 0.0015954190788840528 0.0021760874180338785 3.0764846330104636e-12 7.387781108739849e8 1.0400219660486095e8
7600 387648.13616810733 50.99692815619158 0.3877351270107111 0.0002090208637220225 0.0001562785435544878 1.9769677316687648 0.0015168873507170333 0.0024323972811089475 2.9387176456578823e-12 7.38778110873985e8 1.0400219750184745e8
7800 397831.3832633416 51.239056795294005 0.3848021208651992 0.00021392087738277468 0.00015924590408412896 1.6944946648782206 0.001980022101856646 0.0020923177672910187 2.6067666236386254e-12 7.387781108739852e8 1.0400219786670026e8
8000 408040.67894049897 50.96008525309793 0.3977202906269045 0.00022189087240244464 0.00015947534539827976 1.765408396591738 0.0019450081411440667 0.0022046424653235364 3.1915327937833724e-12 7.387781108739862e8 1.040021967566328e8
8200 418240.24238949054 51.15106504170387 0.40297223349250205 0.00022589926047322033 0.00016174833747886302 1.6547398119528225 0.002125155586118227 0.0024363923592204823 2.9744394443559614e-12 7.387781108739879e8 1.0400219727968176e8
8400 428454.8782853484 50.93982997017382 0.4228836768502432 0.00022780270301644282 0.0001680782957389798 1.878221485812901 0.0018657079027410428 0.002435062705786223 3.0563646778457998e-12 7.387781108739884e8 1.0400219770914936e8
8470 432000.0 27.797400047827978 0.429457452989394 0.0002277978843715718 0.00017076405229203068 1.8942574734210211 0.0014180838922601136 0.002304117753537477 3.4504741949681827e-12 7.387781108739862e8 1.0400219777442718e8
