#timestep time dt l2_h l2_h_vcon1 l2_h_vcon2 linf_h linf_h_vcon1 linf_h_vcon2 dsdu_ut mass entropy 
0 0.0 100.0 0.0 0.0 0.0 0.0 0.0 0.0 -1.5744418511051001e-12 9507.350780127985 7.387780849071612e8
50 1158.657490216063 23.16487521523075 8.757518985675084e-8 8.045739298473327e-12 1.463187951992649e-11 6.377940735546872e-7 1.1523278165004314e-10 1.6257717394552174e-10 -1.8412961831133256e-12 9507.35078012803 7.387780849071679e8
100 2316.6009413208712 23.15435873467997 8.394512753195683e-8 1.1224929761599798e-11 1.3825879426182186e-11 8.408132998738438e-7 1.3650980346113784e-10 1.4380718837969653e-10 -1.9341960293200102e-12 9507.350780128007 7.387780849071547e8
150 3474.216067215282 23.151600086494483 8.088659487000122e-8 1.4148878356868857e-11 1.4445241949039972e-11 7.927712886157678e-7 1.8389612055358384e-10 1.5429926780718972e-10 -3.654543698067144e-12 9507.350780127983 7.387780849071624e8
200 4631.892473556838 23.156661101409448 7.954133842573516e-8 1.7216583710503202e-11 1.4819060624798126e-11 7.107391866156831e-7 2.2530044496704704e-10 1.4220133404130308e-10 -2.289042025636488e-12 9507.350780127985 7.387780849071662e8
250 5790.022006577145 23.16957003740448 7.854716930757541e-8 2.013929234383495e-11 1.5724214077414888e-11 7.399607966362964e-7 2.6034790989726275e-10 1.6220802478983387e-10 -2.4809158025425936e-12 9507.350780127927 7.387780849071596e8
300 6948.997039983934 23.19032017176656 7.789349765918499e-8 2.2871466958026505e-11 1.6336494460357522e-11 7.412347713398049e-7 2.8392654893849567e-10 2.2501911445260703e-10 -1.820121362679347e-12 9507.350780127927 7.387780849071603e8
350 8109.208682675908 23.218868049567302 7.738684622304073e-8 2.540067399575883e-11 1.7176206438626178e-11 6.964896783756558e-7 3.0985192189803e-10 2.981120905687362e-10 -8.310803528465052e-13 9507.350780127903 7.387780849071611e8
400 9271.044890356636 23.25513140059495 7.739364127924545e-8 2.774195373363737e-11 1.7971049783247475e-11 7.213352546386886e-7 3.951033389348879e-10 3.725366126694496e-10 -2.784039947563507e-12 9507.350780127988 7.387780849071664e8
450 10434.888465008084 23.298986747900674 7.73057324425214e-8 2.988050418759277e-11 1.8839274620818256e-11 6.691598173347302e-7 4.696503741463687e-10 4.374463569156717e-10 -3.3793514395008895e-12 9507.35078012796 7.387780849071646e8
500 11599.886629468927 23.281270708881934 7.688545665278597e-8 3.180375912782841e-11 1.9663481937846337e-11 6.377763384080026e-7 5.298349536886349e-10 4.859048718941494e-10 -2.031371330319352e-12 9507.350780127967 7.387780849071566e8
550 12762.874100886402 23.240309895775724 7.681717836660538e-8 3.351619481255564e-11 2.0482233333676684e-11 6.681621016468853e-7 5.631345945111832e-10 5.103042433063365e-10 -1.6556869788906507e-12 9507.350780128052 7.387780849071522e8
600 13924.007949192064 23.206994230557967 7.703759489948458e-8 3.5005936805389674e-11 2.1275220923987576e-11 6.862446753075346e-7 5.752045229012737e-10 5.153792392853518e-10 -2.1305510648428904e-12 9507.35078012792 7.387780849071656e8
650 15083.673338830942 23.181430936589052 7.697965005857543e-8 3.632837547844442e-11 2.197159739124087e-11 6.776040208933409e-7 5.46213407837115e-10 4.813825171812169e-10 -1.2466121535327298e-12 9507.350780127988 7.387780849071617e8
700 16242.259758495284 23.163686970917553 7.694605685916431e-8 3.747733878446839e-11 2.2561977158811335e-11 6.717655196553096e-7 5.099785038709115e-10 4.478919179984331e-10 -3.101927884590364e-12 9507.350780127961 7.387780849071648e8
750 17400.15906724787 23.153791305218643 7.716515072757169e-8 3.855227975376047e-11 2.3012880081378237e-11 7.03029400028754e-7 4.757075566796942e-10 4.116150753574743e-10 -3.4929872175212836e-12 9507.35078012801 7.387780849071659e8
800 18557.76364666528 23.151736887968923 7.748150186529258e-8 3.9535070901749495e-11 2.331126476315193e-11 6.958248377486598e-7 4.53310444736843e-10 3.543580429088422e-10 -3.715972310657893e-12 9507.350780128 7.387780849071624e8
850 19715.464642528907 23.157482268815315 7.766702529332035e-8 4.0471448215870616e-11 2.355524217356369e-11 6.828759069321677e-7 4.764791339262331e-10 2.869495752122475e-10 -2.571748995464302e-12 9507.350780127985 7.387780849071664e8
900 20873.650278936097 23.170952877283096 7.806762140235241e-8 4.135890782202234e-11 2.3732398631143163e-11 6.820819180575199e-7 4.636346861985885e-10 2.7453103679242474e-10 -1.9641950476731894e-12 9507.350780127954 7.387780849071603e8
950 22032.517462258886 23.17442216973687 7.833752198872734e-8 4.218234776081879e-11 2.3856143224339045e-11 6.979605586820981e-7 4.1750011781083174e-10 3.070163012708349e-10 -1.3628353163744722e-12 9507.350780127968 7.387780849071584e8
1000 23190.82556356244 23.159476427079255 7.858829140162201e-8 4.2947804419747965e-11 2.403556584099899e-11 7.253222520375857e-7 4.0419817493031474e-10 3.407409077116341e-10 -2.394418369720144e-12 9507.350780128032 7.387780849071634e8
1050 24348.58251286205 23.15223807293719 7.886633112797304e-8 4.3669245606149254e-11 2.417638360511872e-11 7.272667517099762e-7 4.0634989817434075e-10 3.722189501065287e-10 -1.9367925077987033e-12 9507.350780128003 7.387780849071621e8
1100 25506.17587173902 23.15278777824995 7.894371212196714e-8 4.433722682943654e-11 2.4371275285148048e-11 7.29230350771104e-7 4.3914921699084175e-10 4.0609254847723264e-10 -2.376608441810488e-12 9507.350780127997 7.387780849071617e8
1150 26663.996400206106 23.161173295248066 7.923038335666104e-8 4.501463846329627e-11 2.4494529745061195e-11 7.257842753460864e-7 4.686366295025834e-10 4.3484441047958455e-10 -2.663453025730155e-12 9507.350780127947 7.387780849071715e8
1200 27822.436381400526 23.177408249001548 7.924763942659378e-8 4.564561077982244e-11 2.466703867959911e-11 7.075257144606439e-7 4.85887718948419e-10 4.6231243833183555e-10 -1.8985194577956796e-12 9507.350780127963 7.387780849071639e8
1250 28981.887877023368 23.201470583067433 7.921676785947487e-8 4.628670638618876e-11 2.4826276254347494e-11 6.965976808714913e-7 4.911084872105675e-10 4.89000562264863e-10 -1.9747860474917623e-12 9507.350780127947 7.387780849071622e8
1300 30142.740896356503 23.233300665451537 7.933213595156119e-8 4.692879149750006e-11 2.495105154030221e-11 6.842451512056869e-7 5.278040227096881e-10 5.124389246269345e-10 -3.3492697406579047e-12 9507.350780128016 7.387780849071592e8
1350 31305.38146223747 23.272799071212717 7.921378814335319e-8 4.750810481915355e-11 2.5165373150670538e-11 7.03221758158179e-7 5.642871725441978e-10 5.306507455671294e-10 -3.6631501866503085e-12 9507.350780127883 7.387780849071562e8
1400 32470.15026545525 23.30828727030115 7.915141508777846e-8 4.8049772551440804e-11 2.5362020922319666e-11 6.735531314916443e-7 6.173740962900354e-10 5.420548454537766e-10 -1.741685157959536e-12 9507.350780127957 7.387780849071676e8
1450 33634.3782893652 23.26298661604592 7.924353033587512e-8 4.847863454348619e-11 2.5617312422649333e-11 6.870200195407961e-7 6.930837015417524e-10 5.473236863728914e-10 -3.203406699101407e-12 9507.350780127977 7.387780849071637e8
1500 34796.533526485015 23.225250051648203 7.90055301382114e-8 4.8750000426710075e-11 2.588743092209085e-11 6.878153726574965e-7 7.241967581173014e-10 5.454142693039898e-10 -2.723188542907377e-12 9507.350780127963 7.387780849071695e8
1550 35956.99771566916 23.19520915167978 7.90206140369294e-8 4.888251484294194e-11 2.6206038097194656e-11 7.017570169409737e-7 7.015938940924116e-10 5.405275116387998e-10 -2.86475405362148e-12 9507.350780127934 7.387780849071654e8
1600 37116.15809999788 23.172953776658186 7.895826530921984e-8 4.883560343684517e-11 2.6524446377694784e-11 7.196040314738639e-7 6.308285560585603e-10 5.338962050238649e-10 -2.7415766359787403e-12 9507.350780127981 7.387780849071589e8
1650 38274.40540477775 23.158534524614733 7.89664642383565e-8 4.863281392807612e-11 2.6882561755873033e-11 7.153894330258481e-7 5.303262551326071e-10 5.290102245147921e-10 -4.006611342758034e-12 9507.350780127992 7.387780849071579e8
1700 39432.13193054709 23.151964880320467 7.906522619369916e-8 4.832596020511693e-11 2.726649791758919e-11 6.976320037210826e-7 5.235619715548978e-10 5.234161437606133e-10 -1.1711884022884405e-12 9507.350780127961 7.387780849071553e8
1750 40589.72974523824 23.153223035629622 7.91831671706824e-8 4.793334296288781e-11 2.761679616488646e-11 7.387361620203592e-7 5.229396360384442e-10 5.128437119417129e-10 -2.0453391880008593e-12 9507.350780127992 7.387780849071616e8
1800 41747.58895866733 23.162253367807182 7.957960986879891e-8 4.751439460196037e-11 2.8047865436856142e-11 7.768837804178474e-7 5.124475843665266e-10 4.947559029133686e-10 -2.6952073592576393e-12 9507.350780127997 7.387780849071652e8
1850 42906.09606211375 23.178967571541975 7.9783072286029e-8 4.7065816468727536e-11 2.845665760479268e-11 8.163244729075814e-7 4.925779784059614e-10 4.736421255202572e-10 -2.3628265254910035e-12 9507.350780127927 7.387780849071664e8
1900 44057.42066478066 23.1672536150729 8.012594419936929e-8 4.6633359699220746e-11 2.882144026073613e-11 8.414167496084701e-7 4.636774852961878e-10 4.3793840776018556e-10 -2.0042028324681068e-12 9507.350780127974 7.387780849071643e8
1950 45215.451880727705 23.15551284875636 8.039142141245392e-8 4.6247847968730105e-11 2.922879305068242e-11 8.542899649910396e-7 4.1222214530733936e-10 3.8126918289194123e-10 -1.4989391286259749e-12 9507.350780128012 7.387780849071579e8
2000 46373.09320845451 23.15151708014174 8.052186390270603e-8 4.590117385302934e-11 2.9601514696709694e-11 8.622714631201234e-7 3.907446588513608e-10 3.334219705886099e-10 -1.7554472716436185e-12 9507.350780128001 7.387780849071611e8
2050 47530.73374445288 23.155333365505832 8.048112397115689e-8 4.562239060456138e-11 2.992299656961855e-11 8.478509698761627e-7 3.946490356732113e-10 3.287731753509604e-10 -1.771377923470954e-12 9507.350780127945 7.387780849071655e8
2100 48688.765091725916 23.166995380127137 8.035845180025261e-8 4.543434081208717e-11 3.0235537333737566e-11 8.167903615685645e-7 4.3946141170536634e-10 3.1587976678792984e-10 -4.3003680634867856e-12 9507.35078012795 7.387780849071578e8
2150 49847.57965768149 23.18650206533293 8.018943630588009e-8 4.5378609173850347e-11 3.0528628369749055e-11 7.938335784274386e-7 4.974881756547589e-10 3.3248530317830927e-10 -1.103206134433408e-12 9507.35078012802 7.387780849071618e8
2200 51007.56887557042 23.21381593103378 8.00084053708479e-8 4.54484791803436e-11 3.079577583807162e-11 7.568680757685797e-7 5.309467934755396e-10 3.6071536035908736e-10 -1.6037071548946228e-12 9507.350780127988 7.387780849071571e8
2250 52169.121332464616 23.24886102405206 7.97629488873343e-8 4.564898712311317e-11 3.104432592482376e-11 7.046537575661205e-7 5.203693309585589e-10 3.8789872702782446e-10 -3.1802984594278908e-12 9507.350780128023 7.387780849071712e8
2300 53332.620787558895 23.29152058353938 7.952494569449218e-8 4.5979984116226414e-11 3.126270089532732e-11 6.740833669027779e-7 4.833905428713869e-10 4.060784833392894e-10 -2.1431180206797644e-12 9507.350780127952 7.387780849071586e8
2350 54497.70875436307 23.288470553897483 7.940953233615668e-8 4.63875514710533e-11 3.141938155550767e-11 6.593140824406873e-7 5.051964402369435e-10 4.702033207237832e-10 -2.7868829120175966e-12 9507.350780127952 7.38778084907168e8
2400 55661.02567922447 23.24630816378794 7.923600517503138e-8 4.681288227682537e-11 3.148083731177029e-11 6.732643669238314e-7 5.720920404073127e-10 5.235926137103775e-10 -1.5513741141027838e-12 9507.350780127972 7.387780849071559e8
2450 56822.42834066816 23.211770019847815 7.902592632937493e-8 4.722244276132488e-11 3.1405565618823474e-11 6.745572136424016e-7 6.128443308384135e-10 5.584619433562921e-10 -1.671928729521885e-12 9507.35078012798 7.387780849071577e8
2500 57982.3010287016 23.1849699702348 7.903659291845677e-8 4.757894497854402e-11 3.115367510188267e-11 6.756063157808967e-7 6.214581349528459e-10 5.673830433261529e-10 -2.1284820184901918e-12 9507.350780128001 7.387780849071615e8
2550 59141.032678689495 23.165981206956502 7.901361559446439e-8 4.785439810494681e-11 3.075785080116754e-11 6.968484740355052e-7 5.761668919745944e-10 5.967579902455e-10 -1.4710440954142398e-12 9507.350780127963 7.387780849071615e8
2600 60299.014899195776 23.154838595131967 7.893739848198605e-8 4.805547379580606e-11 3.0253744033979864e-11 6.806421879446134e-7 5.285223647621962e-10 5.689375498496574e-10 -1.9558619072506044e-12 9507.350780128027 7.387780849071643e8
2650 61456.64010836588 23.151540687241607 7.896119776456079e-8 4.8196772477789555e-11 2.9710264865942145e-11 7.133239705581218e-7 5.584293583105193e-10 4.802404585113607e-10 -7.709851575906214e-13 9507.350780127981 7.38778084907161e8
2700 62614.29976253088 23.156051402009027 7.908936529622881e-8 4.828930280704107e-11 2.92207732772998e-11 7.572330105176661e-7 5.536646974224624e-10 3.550271882035716e-10 -3.0304187135262092e-12 9507.350780127947 7.387780849071637e8
2750 63772.38265997546 23.168301358139207 7.935497005700427e-8 4.8342207122602144e-11 2.882442467853302e-11 7.950093277031556e-7 5.136290559537571e-10 2.8502383786488394e-10 -1.8410348601180505e-12 9507.350780127965 7.387780849071627e8
2800 64931.202399457645 23.1774981840516 7.957198512706224e-8 4.838132582154867e-11 2.855351996008711e-11 8.139525107253576e-7 4.676115883395227e-10 2.6075158698901646e-10 -5.81439356964767e-13 9507.350780128 7.387780849071614e8
2850 66089.6334061345 23.16133786844021 7.965123481335065e-8 4.8423539555551366e-11 2.8407579247581933e-11 8.313461421494139e-7 4.196464287176127e-10 2.8275493058060874e-10 -1.2085705131784526e-12 9507.350780127894 7.387780849071639e8
2900 67247.45210862179 23.15286916130297 7.96336227986941e-8 4.849452156766015e-11 2.8333071247397452e-11 8.668494047014974e-7 3.890373578840922e-10 3.2583200026969905e-10 -2.1078147677201127e-12 9507.350780127992 7.387780849071636e8
2950 68405.04541001769 23.152177873655653 7.95667665057659e-8 4.8615314284447585e-11 2.8273430653307974e-11 8.73121507538599e-7 4.0636699560892e-10 3.758492683747505e-10 -1.413315404828936e-12 9507.350780127994 7.387780849071642e8
3000 69562.8036727082 23.159317057811386 7.958461071313e-8 4.8801125915531185e-11 2.8185172754635386e-11 8.360120773431845e-7 3.875203491432444e-10 4.251744789574019e-10 -9.984184850094372e-13 9507.35078012793 7.387780849071603e8
3050 70721.11905246305 23.17430585404194 7.951688194745939e-8 4.9069296784959885e-11 2.8063433575831417e-11 8.156785042956471e-7 4.205068793172728e-10 4.658375907240497e-10 -2.390505225380643e-12 9507.350780128023 7.387780849071544e8
3100 71880.38376603162 23.197127990928994 7.924257498382793e-8 4.9412938204855864e-11 2.7916279632252932e-11 7.992739483597688e-7 4.5597792208695864e-10 5.027769867105292e-10 -1.2847992924045228e-12 9507.350780127908 7.387780849071653e8
3150 73040.98827501346 23.227729944439403 7.905645323213917e-8 4.982422379776006e-11 2.7775609878145622e-11 7.554187959613046e-7 4.812171217061234e-10 5.260716862132142e-10 -2.1425797000956336e-12 9507.350780127967 7.38778084907158e8
3200 74203.31936927115 23.266018770399853 7.900884494831555e-8 5.028047366842594e-11 2.7688016428985183e-11 7.331045708269812e-7 4.94797536276792e-10 5.363851585116208e-10 -2.500937283987811e-12 9507.350780127941 7.387780849071542e8
3250 75367.75813417301 23.311859636727196 7.896878534751385e-8 5.072897037462316e-11 2.7672047549035712e-11 7.2282364271814e-7 5.354617860220401e-10 5.330492158783784e-10 -3.268425121734235e-12 9507.350780128005 7.387780849071574e8
3300 76532.34739338071 23.269680224821865 7.903257030738284e-8 5.112505266294399e-11 2.773163874482411e-11 6.677996680082288e-7 6.211039460524148e-10 5.193167007533361e-10 -2.37864135284058e-12 9507.350780127947 7.387780849071624e8
3350 77694.80651265211 23.230732389394277 7.926653390787929e-8 5.139948374543907e-11 2.7868964814929444e-11 6.685513653792441e-7 6.794290685618876e-10 5.000894143236678e-10 -2.848113737561097e-12 9507.350780127987 7.387780849071622e8
3400 78855.51353260914 23.199462174712192 7.93111845325128e-8 5.1493267696716685e-11 2.8065221026115986e-11 6.768941602786072e-7 7.208290075944035e-10 4.80858984575061e-10 -1.965941867457081e-12 9507.350780127916 7.387780849071628e8
3450 80014.85496036592 23.175965895388302 7.920331220535127e-8 5.139909120809793e-11 2.8293564479520785e-11 6.916559414094081e-7 7.011125291445097e-10 4.6535524739210743e-10 -1.6193949103481452e-12 9507.35078012793 7.38778084907161e8
3500 81173.22109833757 23.160300233685376 7.922295845095848e-8 5.1147993594959896e-11 2.8554349686548432e-11 7.245464530569734e-7 6.170922661752343e-10 4.2977043451797314e-10 -4.142957812076578e-13 9507.350780127968 7.387780849071709e8
3550 82331.0041200044 23.152484438545983 7.945493441039062e-8 5.079230996196382e-11 2.8840368431314942e-11 7.104647465894232e-7 6.088784199054231e-10 4.129979691569474e-10 -2.1894164625962855e-12 9507.35078012798 7.38778084907159e8
3600 83488.59624742638 23.152502199516857 7.960535676934846e-8 5.0397561009699096e-11 2.914602297743347e-11 7.078840553731425e-7 6.240614969232894e-10 4.041834089640872e-10 -1.007721057166325e-12 9507.35078012798 7.387780849071611e8
3650 84646.38801380806 23.160303179988574 7.973924271083664e-8 5.0025730186736726e-11 2.9462768765521816e-11 7.580990768474294e-7 6.013445574826193e-10 3.9232106452402604e-10 -2.28751716288384e-12 9507.350780127963 7.387780849071621e8
3700 85804.76659389764 23.175804203976192 7.991440354201392e-8 4.972256779780209e-11 2.978336898186634e-11 8.30773160487297e-7 5.417833126575289e-10 3.683387483910394e-10 -2.195796141837159e-12 9507.350780127967 7.387780849071654e8
3750 86956.17509400351 23.169824785646416 7.997788096935081e-8 4.9506235525283286e-11 3.0103037394422625e-11 8.625104328530142e-7 4.893518368298544e-10 3.361508849053507e-10 -1.952194291659411e-12 9507.350780128016 7.387780849071664e8
3800 88114.30378250984 23.15686231501844 7.996526395191069e-8 4.9370930132631846e-11 3.042805191997271e-11 8.424617590208072e-7 4.3624362455751964e-10 3.505013046294081e-10 -2.338019028254577e-12 9507.35078012802 7.387780849071685e8
3850 89271.98112816016 23.151631192242682 7.996420553630986e-8 4.9315192360021845e-11 3.075521740826945e-11 8.073820936260745e-7 3.986516117215899e-10 3.7003244739153285e-10 -1.5661067962283372e-12 9507.350780128008 7.387780849071589e8
3900 90429.5956769037 23.154203673495626 7.988906620599227e-8 4.933611765314463e-11 3.1077055088037075e-11 7.972491857799469e-7 4.269667397416299e-10 3.925865865034295e-10 -3.103475720793146e-12 9507.350780127934 7.387780849071596e8
3950 91587.53874563254 23.164618816931522 7.959520869374179e-8 4.9434111695081005e-11 3.138166172841233e-11 8.131610229611397e-7 4.6195977598806337e-10 4.1804284166280237e-10 -2.986979269617517e-12 9507.350780128005 7.387780849071623e8
4000 92746.20273062827 23.18288118477061 7.930511187670393e-8 4.961209843432561e-11 3.167102729013673e-11 8.223612439905992e-7 4.935339914524661e-10 4.4036633020660965e-10 -1.5918016429761918e-12 9507.35078012797 7.387780849071611e8
4050 93905.97934228944 23.208959200049662 7.914943735139086e-8 4.9871617077381836e-11 3.1956334319613867e-11 7.97432903709705e-7 5.137342773409159e-10 4.5759490641117395e-10 -1.5511472512827099e-12 9507.350780127968 7.387780849071598e8
4100 95067.25774906138 23.242783166985937 7.904313861617642e-8 5.021069271536716e-11 3.223329544753504e-11 7.468611329386476e-7 5.22853649265187e-10 4.790860902437188e-10 -1.985813542862882e-12 9507.350780127883 7.387780849071665e8
4150 96230.4226141919 23.284242974179932 7.892903633181781e-8 5.060875862900762e-11 3.248897189600251e-11 6.965799457248067e-7 5.213435794182431e-10 5.024034036016367e-10 -1.8820673565116554e-12 9507.350780127987 7.387780849071628e8
4200 97395.48392667373 23.29585841601253 7.883493321398031e-8 5.103152731852334e-11 3.269621053825039e-11 6.604591362702195e-7 5.586074935948204e-10 5.143374615101948e-10 -3.5423791780824187e-12 9507.350780127987 7.387780849071585e8
4250 98559.13981322049 23.252498476450086 7.879658715425772e-8 5.1431466413757555e-11 3.282175738044525e-11 6.724253580614459e-7 6.575284206000731e-10 6.035851818353422e-10 -3.641604859506225e-12 9507.350780127992 7.387780849071609e8
4300 99720.8209693465 23.216740791629984 7.89151903193254e-8 5.1762781743172454e-11 3.282681640526686e-11 6.735276656399947e-7 7.425062231725121e-10 6.792121309828758e-10 -3.725274643508008e-12 9507.350780127985 7.387780849071587e8
4350 100880.91075783772 23.188705900140686 7.91271506240051e-8 5.200791747869437e-11 3.266892553000913e-11 6.670002221653704e-7 7.659975986840095e-10 6.925579276728655e-10 -1.8723395362205154e-12 9507.35078012797 7.387780849071553e8
4400 102039.79751105308 23.16847328753889 7.919080282061666e-8 5.2170075064680216e-11 3.234738841214777e-11 6.69533164909808e-7 7.151297887197927e-10 6.382145922856353e-10 -3.685637784210047e-12 9507.350780127983 7.387780849071695e8
4450 103197.87254010625 23.156083762901147 7.919072463442297e-8 5.225888672413179e-11 3.189453814887901e-11 7.064888905006228e-7 6.038866351421035e-10 6.282933617818287e-10 -3.045745833673981e-12 9507.35078012796 7.387780849071617e8
4500 104355.52825507184 23.151541524775013 7.920677726440486e-8 5.2298867411512346e-11 3.13726087345653e-11 7.360590643656906e-7 6.055579648833742e-10 5.633940813876137e-10 -2.8798172183994826e-12 9507.350780128074 7.387780849071605e8
4550 105513.1563800706 23.15481589424341 7.936724411153066e-8 5.232289920150622e-11 3.085793637186355e-11 7.478383849957027e-7 6.22186080434517e-10 4.392212288317765e-10 -1.41111354321765e-12 9507.350780127983 7.387780849071637e8
4600 106671.1462462543 23.165842703704367 7.961107222497425e-8 5.235372545139073e-11 3.040783428707223e-11 7.555374850198859e-7 6.014348741256725e-10 3.1697974800515283e-10 -2.525692014080961e-12 9507.350780127943 7.387780849071593e8
4650 107829.87307268818 23.180765118737213 7.973966573662731e-8 5.2398593902325167e-11 3.0054326261916846e-11 7.695355179748731e-7 5.645980905022441e-10 3.0524685556976294e-10 -2.4220027827415248e-12 9507.35078012796 7.387780849071643e8
4700 108988.4366116614 23.163393272795965 7.982511918103141e-8 5.246146490157012e-11 2.981606618313954e-11 7.895910130173434e-7 5.02760610920916e-10 3.409087179218062e-10 -2.3431378001125717e-12 9507.350780127936 7.387780849071592e8
4750 110146.32682595195 23.153696451079952 7.984412339383442e-8 5.255739274511927e-11 2.966589446133297e-11 8.093443284451496e-7 4.660721530935774e-10 3.910229362524831e-10 -3.601882328383806e-12 9507.350780127967 7.387780849071627e8
4800 111303.92991947106 23.15176558393246 7.970731098397954e-8 5.270345677957742e-11 2.956081470519565e-11 8.127540240820963e-7 4.510365145607431e-10 4.3731948617953265e-10 -2.3758333271752357e-12 9507.35078012795 7.3877808490716e8
4850 112461.63581501751 23.157658994384875 7.951871040195208e-8 5.2910817933795664e-11 2.9466550297514495e-11 7.970597835083026e-7 4.741733498903056e-10 4.734677649942398e-10 -1.7992260525553323e-12 9507.35078012798 7.387780849071585e8
4900 113619.83649734074 23.17140129972562 7.926351873196629e-8 5.320109294938547e-11 2.935446545877327e-11 7.755861588520929e-7 4.968116890102792e-10 4.949535226117519e-10 -2.6170289477582133e-12 9507.350780128003 7.387780849071642e8
4950 114778.9242924549 23.19298196677871 7.902720630108931e-8 5.357442774820105e-11 2.9232211264208967e-11 7.517007816204568e-7 5.160373309220923e-10 5.096398858484008e-10 -1.1864652680140443e-12 9507.350780127961 7.387780849071603e8
5000 115939.29006594338 23.22235352443613 7.881121480707611e-8 5.4008408909130554e-11 2.913396479309835e-11 7.182222816481953e-7 5.293467955636011e-10 5.192585250668458e-10 -3.0024449483864104e-12 9507.350780127994 7.387780849071566e8
5050 117101.3213234076 23.259429446555398 7.865197308807568e-8 5.447671462253936e-11 2.9083636842317808e-11 6.776017471565865e-7 5.319787735325043e-10 5.181595152947693e-10 -2.1251173054459485e-12 9507.350780127954 7.387780849071614e8
5100 118265.40019714896 23.30408172960424 7.858521666559288e-8 5.4936580361307325e-11 2.909857708242e-11 6.73358044878114e-7 5.391782367802911e-10 5.106993161696494e-10 -1.5034433008661906e-12 9507.350780127927 7.387780849071631e8
5150 119430.27355973842 23.276563694111047 7.86179948881059e-8 5.532475428953178e-11 2.918780722190965e-11 6.731947905791458e-7 6.169719179993649e-10 4.989414992273566e-10 -2.4368490757571945e-12 9507.35078012789 7.387780849071624e8
5200 120593.04614946604 23.23640814530498 7.868176923099425e-8 5.557993079790203e-11 2.9338339168348435e-11 6.850805220892653e-7 7.494079801162457e-10 4.856768320848914e-10 -2.320868629809186e-12 9507.350780127974 7.3877808490716e8
5250 121754.00573905105 23.203911112529465 7.875619974665839e-8 5.5655682754410717e-11 2.9536919445304386e-11 6.932618816790637e-7 8.18462075891091e-10 4.716706886176425e-10 -3.0022694168689797e-12 9507.350780128016 7.387780849071623e8
5300 122913.53804821931 23.17917542721391 7.887313785224559e-8 5.553348941548339e-11 2.977053148577725e-11 6.838977242296096e-7 8.042530807994552e-10 4.560435917788652e-10 -2.0054295189825563e-12 9507.350780127923 7.387780849071636e8
5350 124072.03290801578 23.162263910908248 7.895730957076151e-8 5.5235527032218896e-11 3.002900374614327e-11 6.938130354683381e-7 7.224823794782509e-10 4.323445490506117e-10 -1.754267728563298e-12 9507.350780127988 7.387780849071561e8
5400 125229.88231893383 23.153201623740564 7.912898579721512e-8 5.481137401947538e-11 3.0289028422837404e-11 7.213614026113646e-7 6.418851283829241e-10 4.2573505831811076e-10 -2.9502705679845597e-12 9507.35078012793 7.387780849071592e8
5450 126387.47861336409 23.151977791318124 7.935867057490091e-8 5.432598594755173e-11 3.055782950086121e-11 7.479657142539509e-7 6.464500879044266e-10 4.2871112215792095e-10 -3.852238851514511e-12 9507.350780128005 7.387780849071631e8
5500 127545.21270579543 23.158547392694388 7.95113333322179e-8 5.384243878992898e-11 3.0846448301155413e-11 7.68424342822982e-7 6.424984710928783e-10 4.204871451030101e-10 -2.334148001906988e-12 9507.350780128061 7.387780849071604e8
5550 128703.47241359904 23.172832402209593 7.967538232135488e-8 5.340547740513038e-11 3.113420759901269e-11 7.856094725866569e-7 6.00697575015019e-10 3.9549796770899093e-10 -1.411658205431245e-12 9507.35078012799 7.387780849071611e8
5600 129854.91886259509 23.1725882272372 7.987003898035958e-8 5.304444790899943e-11 3.142358813091484e-11 8.016500032681506e-7 5.275969938711711e-10 3.6589997698399657e-10 -2.082273316613257e-12 9507.350780127916 7.387780849071673e8
5650 131013.15470955579 23.158406758279924 7.998543904197416e-8 5.276453759386684e-11 3.171518549200812e-11 8.112069735943805e-7 4.578168122382209e-10 3.84300460594747e-10 -1.9164571755217067e-12 9507.350780128 7.38778084907163e8
5700 132170.87787370698 23.151942175548314 7.996127038234306e-8 5.256699816853012e-11 3.199187058869468e-11 8.088395588856656e-7 4.314585633213852e-10 4.0472691344162204e-10 -2.3369373616440983e-12 9507.350780127948 7.387780849071653e8
5750 133328.47630928233 23.153271910809526 7.981479324111451e-8 5.245438041942584e-11 3.226009814087728e-11 8.023362170206383e-7 4.744686032953638e-10 4.277386483203527e-10 -2.2258377567957953e-12 9507.35078012805 7.387780849071664e8
5800 134486.34100445293 23.16244037206023 7.963401943141499e-8 5.243625546346608e-11 3.250494064806868e-11 7.908042789495084e-7 4.969486488981545e-10 4.521746067853716e-10 -1.7576752176930778e-12 9507.35078012801 7.387780849071628e8
5850 135644.8642998883 23.17945770061378 7.940323379072872e-8 5.251693024050887e-11 3.271420502238924e-11 7.653220563952345e-7 5.008772840930931e-10 4.756542278105957e-10 -2.811571234481453e-12 9507.350780128012 7.387780849071647e8
5900 136804.43813634172 23.204298182374515 7.914560900230161e-8 5.2691889365187464e-11 3.290084871988217e-11 7.301148343685782e-7 5.099797251162386e-10 5.187612561741162e-10 -1.3174263777303292e-12 9507.350780128023 7.387780849071589e8
5950 137965.4522141187 23.23689832065145 7.89443355466176e-8 5.295657234666694e-11 3.3076282422018633e-11 6.952450348762795e-7 5.004374692418878e-10 5.081814205554203e-10 -2.1333078788589776e-12 9507.350780127981 7.387780849071615e8
6000 139128.2920479015 23.27715458790311 7.883630908783676e-8 5.3290560788670655e-11 3.3239621609609675e-11 6.785589903302025e-7 4.827740984758577e-10 5.098225314137395e-10 -2.792669828383657e-12 9507.35078012795 7.387780849071627e8
6050 140293.21027208134 23.303433543910284 7.876654299847182e-8 5.365083216467519e-11 3.337848390142992e-11 6.718860277032945e-7 5.448558271226034e-10 5.0736734258372e-10 -2.465069386699083e-12 9507.350780127948 7.38778084907161e8
6100 141457.21459554267 23.258880259193475 7.873785581488652e-8 5.399494798284828e-11 3.345202942732519e-11 6.711979949614033e-7 6.517436035302637e-10 6.0517973965446e-10 -2.574293305066649e-12 9507.350780127988 7.38778084907164e8
6150 142619.18390344144 23.22190613727763 7.885566050189244e-8 5.4287188356381945e-11 3.33944835089365e-11 6.733830559824128e-7 7.527821699326864e-10 6.903842497685275e-10 -2.9329548085595582e-12 9507.350780127921 7.387780849071605e8
6200 143779.50057804203 23.192638473797015 7.895831772006979e-8 5.450124782473748e-11 3.31809632549958e-11 6.733771442668512e-7 7.858370343338805e-10 7.124493772714402e-10 -5.840257845590264e-13 9507.350780128016 7.387780849071585e8
6250 144938.55229855364 23.17116310743954 7.899629283768466e-8 5.4629402631484666e-11 3.281000910534534e-11 6.808593298046617e-7 7.401985968602531e-10 6.627265125569437e-10 -1.7132450437473544e-12 9507.35078012798 7.387780849071587e8
6300 146096.730031277 23.157526843009293 7.913354972188972e-8 5.468632573845395e-11 3.23041590383844e-11 7.113765150279505e-7 6.303323973888553e-10 6.632540489048822e-10 -1.1437829907326874e-12 9507.350780127948 7.387780849071625e8
6350 147254.42613323237 23.15173956856751 7.928317803113978e-8 5.470216259881709e-11 3.173931123250293e-11 7.496487341995817e-7 6.47511405604817e-10 5.898287275263314e-10 -2.4665052273324613e-12 9507.35078012801 7.387780849071641e8
6400 148412.03255329715 23.15377604227925 7.942971996173928e-8 5.4698678376251705e-11 3.118100022458346e-11 7.737151008768706e-7 6.573863675640723e-10 4.5335690757042357e-10 -1.509182415704498e-12 9507.350780127997 7.387780849071585e8
6450 149569.9391139709 23.163577336250185 7.962666845114783e-8 5.468754914831754e-11 3.068771755779931e-11 7.820488008292159e-7 6.26561302841111e-10 3.642107448964538e-10 -2.8596939119226814e-12 9507.350780127967 7.387780849071629e8
6500 150728.53185649385 23.181051933842745 7.978793522443751e-8 5.4678542324840635e-11 3.031677971754776e-11 7.971311788423918e-7 5.589621265844613e-10 3.239121193487904e-10 -2.1126327309654145e-12 9507.35078012796 7.38778084907158e8
6550 151887.23325493257 23.165642192710045 7.995354565970373e-8 5.467418950764277e-11 3.0066077264733936e-11 8.150354915414937e-7 4.757053917447962e-10 3.46362494241248e-10 -4.22339599742617e-13 9507.35078012792 7.387780849071602e8
6600 153045.20472047324 23.15471962097334 8.001296150948765e-8 5.469182864414323e-11 2.9912405566108416e-11 8.204576715797884e-7 4.384719531902448e-10 4.081828763879969e-10 -2.4937419276137923e-12 9507.350780127934 7.387780849071575e8
6650 154202.82744295255 23.151550717857532 7.990936141572835e-8 5.475392911499575e-11 2.980763773540121e-11 8.124554824462393e-7 4.359802241449273e-10 4.643615492128106e-10 -2.6885730576111137e-12 9507.35078012796 7.387780849071589e8
6700 155360.4908638536 23.15619904912503 7.97689572037335e-8 5.488069044986591e-11 2.969842299906821e-11 8.041372439038241e-7 4.3643616498556526e-10 5.007069203699643e-10 -2.4436322860427403e-12 9507.350780127903 7.387780849071577e8
6750 156518.58675355438 23.168694672338546 7.958475582911999e-8 5.508712245815702e-11 2.9576298281147664e-11 7.904195626906585e-7 4.573069423141618e-10 5.113515721966166e-10 -6.567872479622594e-13 9507.35078012795 7.387780849071599e8
6800 157677.50750192237 23.189032747097272 7.935753802247507e-8 5.5363772889199755e-11 2.944816073112102e-11 7.643238859600388e-7 4.837753253550403e-10 5.282150550289799e-10 -2.690644138071376e-12 9507.35078012803 7.387780849071615e8
6850 158837.64433062525 23.217171801413926 7.911281321533891e-8 5.569605403192676e-11 2.934088218795061e-11 7.303069651243277e-7 4.971201054970731e-10 5.253076307276672e-10 -2.43303566251502e-12 9507.350780127985 7.387780849071622e8
6900 159999.38541021352 23.253031665654973 7.897315056784818e-8 5.606341118689307e-11 2.9285843441012327e-11 6.949967428226955e-7 5.070985159560948e-10 5.095396327092772e-10 -3.390916118748972e-12 9507.350780128012 7.387780849071617e8
6950 161163.11386587756 23.29649109649442 7.892947669252091e-8 5.6431024628511736e-11 2.930960659868913e-11 6.832688086433336e-7 5.05477451562264e-10 4.911325235390507e-10 -1.270916433497177e-12 9507.350780127972 7.387780849071614e8
7000 162328.154899533 23.283636349574746 7.892910889180162e-8 5.673733194763083e-11 2.941622250151697e-11 6.919399311300367e-7 5.840310457472242e-10 4.753403226587238e-10 -2.012946294265026e-12 9507.35078012799 7.387780849071641e8
7050 163491.250518733 23.24227681690407 7.891104686505993e-8 5.691815028362533e-11 2.9596550957763013e-11 6.959808160900138e-7 6.833391630323149e-10 4.672502280922419e-10 -2.5213849109676765e-12 9507.350780127968 7.387780849071689e8
7100 164652.47239583224 23.208555623949838 7.894350295565644e-8 5.6928296398830066e-11 2.9826448185373954e-11 6.924533408891875e-7 7.515404409907944e-10 4.728939288767275e-10 -2.08017651067498e-12 9507.35078012794 7.38778084907161e8
7150 165812.2054112433 23.18258218272665 7.910804272690843e-8 5.675553949449232e-11 3.007998961424596e-11 6.870909601275343e-7 7.514326938462546e-10 4.667154024362574e-10 -3.478364616510956e-12 9507.350780128021 7.387780849071625e8
7200 166970.83887572103 23.164425510506845 7.927983026491568e-8 5.6424155815168036e-11 3.035305057493153e-11 7.074945642671082e-7 6.889334935866742e-10 4.4311109642647395e-10 -4.049520722166237e-12 9507.350780128005 7.387780849071615e8
7250 168128.76457046904 23.15411652693986 7.939360138346824e-8 5.597760684691755e-11 3.0636297995325104e-11 7.493963494198397e-7 6.301305310874028e-10 4.032099654160959e-10 -1.8046451544124754e-12 9507.35078012799 7.387780849071656e8
7300 169286.3748941072 23.15165003348683 7.945590627200063e-8 5.54806154919074e-11 3.092570731747729e-11 7.588855623907875e-7 6.658484874577653e-10 4.251771712482366e-10 -1.758758798757734e-12 9507.350780128021 7.387780849071623e8
7350 170444.06110007354 23.15698635591651 7.953859529529833e-8 5.499930665968472e-11 3.121688045023871e-11 7.539581474702572e-7 6.622654369348169e-10 4.334294589902754e-10 -3.113057563953226e-12 9507.350780127856 7.387780849071627e8
7400 171602.21160735658 23.170052641217218 7.973735473459277e-8 5.4573025713853754e-11 3.15009127595363e-11 7.757639650662895e-7 6.166199217894075e-10 4.194666836099259e-10 -2.0687644493208866e-12 9507.350780128001 7.387780849071652e8
7450 172761.06806828352 23.17542058233381 7.996054759132164e-8 5.422288787818879e-11 3.1784411003619477e-11 8.251240615209099e-7 5.369421296474997e-10 3.920651026056987e-10 -1.4401912304977447e-12 9507.350780127921 7.387780849071611e8
7500 173912.0027268723 23.160145784159155 8.008613995412716e-8 5.395271858342028e-11 3.2062038224658517e-11 8.591532605350949e-7 4.5358114486582224e-10 3.843083863294683e-10 -1.354250903841046e-12 9507.350780127965 7.38778084907163e8
7550 175069.7814936198 23.15244976326298 8.00319130864995e-8 5.37614570238043e-11 3.233256205125609e-11 8.471527053188765e-7 4.489235649884904e-10 4.0436559049089604e-10 -1.8834428918384322e-12 9507.350780127923 7.387780849071622e8
7600 176227.37368012153 23.152537942785358 7.984822126239771e-8 5.365000665329923e-11 3.2584397943721576e-11 8.013196293177316e-7 4.905649497732867e-10 4.2676028162713653e-10 -2.350112156682436e-13 9507.350780127941 7.387780849071585e8
7650 177385.16990347952 23.160460048900884 7.964780949831271e-8 5.3619472921126155e-11 3.281199137658885e-11 7.603043741255533e-7 5.161766847283644e-10 4.511744502305737e-10 -2.491087776202992e-13 9507.35078012794 7.38778084907163e8
7700 178543.56240459788 23.17623176164725 7.945518601375346e-8 5.3675607134335036e-11 3.301935504787382e-11 7.439170985890087e-7 5.309678252629624e-10 4.742134740443049e-10 -2.1393101713200445e-12 9507.350780127983 7.38778084907158e8
7750 179702.94330819295 23.19983318085069 7.925879169578623e-8 5.381906783786461e-11 3.3206888049296954e-11 7.402725259453291e-7 5.396529889623025e-10 5.070743686053092e-10 -1.414278614587161e-12 9507.350780128 7.387780849071546e8
7800 180863.70279737996 23.231206951771405 7.904148007389752e-8 5.404579213825389e-11 3.338187685986122e-11 7.276100859598955e-7 5.303276151558123e-10 5.063174324249076e-10 -2.0587561614926933e-12 9507.35078012798 7.387780849071639e8
7850 182026.22718617722 23.270256066243956 7.889998959650313e-8 5.4334492549188295e-11 3.354524201451054e-11 6.985187610553112e-7 5.143628301063075e-10 5.073236483688071e-10 -3.188775662527358e-12 9507.350780127957 7.38778084907155e8
7900 183190.88592134803 23.311195159535842 7.884751249551121e-8 5.465176039446637e-11 3.3687240741133225e-11 7.073726919770706e-7 5.018836457537645e-10 4.963403923974319e-10 -2.767757514780994e-12 9507.350780127961 7.387780849071609e8
7950 184355.2481226441 23.26545291224257 7.888331773029982e-8 5.4953131731760824e-11 3.377593837327415e-11 7.011694833636284e-7 6.083313297544635e-10 5.552175941225812e-10 -1.9125966786720957e-12 9507.35078012796 7.387780849071593e8
8000 185517.51521372498 23.22726562419064 7.895739980121924e-8 5.5205312764714005e-11 3.375523859799294e-11 6.924146873643622e-7 7.041023319942497e-10 6.434752730655191e-10 -3.535560370914504e-12 9507.35078012798 7.38778084907161e8
8050 186678.0685425004 23.19676741561887 7.902469470724522e-8 5.538828218185258e-11 3.3579736009828074e-11 6.806344572396483e-7 7.484217690034711e-10 6.76246003639136e-10 -3.0818170220657187e-12 9507.35078012799 7.387780849071577e8
8100 187837.29508440947 23.174050539248807 7.913121826176719e-8 5.549656906213817e-11 3.3243407271047e-11 6.758527888450772e-7 7.190508743981638e-10 6.416247533280739e-10 -2.9946136342651914e-12 9507.350780127954 7.387780849071527e8
8150 188995.58541317275 23.159167848775166 7.926005070182509e-8 5.554391278707931e-11 3.2770402756693515e-11 6.865200248284964e-7 6.373896133116119e-10 6.483246162147793e-10 -3.1121730861230648e-12 9507.350780127972 7.387780849071597e8
8200 190153.33178743257 23.152134966499943 7.933739998730889e-8 5.5555693792589504e-11 3.2212813115005725e-11 7.26396592654055e-7 6.59382715095802e-10 5.951373144297278e-10 -2.1613216082297387e-12 9507.350780127916 7.387780849071635e8
8250 191310.92633751628 23.1529321237806 7.947944822623679e-8 5.554764432503259e-11 3.164995980162298e-11 7.583805654576281e-7 6.747501168913317e-10 4.752029880705777e-10 -4.840405434401625e-13 9507.350780127983 7.387780849071649e8
8300 192468.75933554783 23.161505659804057 7.969243570311349e-8 5.552947431566453e-11 3.116364015053793e-11 7.751725661364617e-7 6.488991011188716e-10 3.765291967106066e-10 -1.9348770963937763e-12 9507.350780127963 7.387780849071629e8
8350 193627.21753166366 23.177769173834278 7.985632351267911e-8 5.550974483459298e-11 3.079382158245846e-11 7.805012955941493e-7 5.854412510331031e-10 3.4391112180287564e-10 -2.9494224647837774e-12 9507.350780127921 7.387780849071656e8
8400 194786.02141365063 23.1680841619873 7.998361182664215e-8 5.550102374072092e-11 3.053636573483028e-11 7.816704510332784e-7 4.958095878304647e-10 3.345857202408098e-10 -3.0035196751004943e-12 9507.350780127905 7.387780849071603e8
8450 195944.08384976428 23.155938330212837 8.001574675742784e-8 5.5517885464876144e-11 3.036963480919717e-11 7.876342351664789e-7 4.3804990190743354e-10 4.0245567989316555e-10 -3.723655015273557e-12 9507.350780127968 7.387780849071676e8
8500 197101.73602427752 23.151533063812394 7.992701622464423e-8 5.5579187153566507e-11 3.025749755206339e-11 7.913768058642745e-7 4.758949068150997e-10 4.670115127947128e-10 -9.066809517954723e-13 9507.350780127987 7.387780849071555e8
8550 198259.36685585018 23.154937144675326 7.980913236516972e-8 5.570928486027351e-11 3.015269453502878e-11 7.845630989322672e-7 4.831497979473909e-10 5.119401569331217e-10 -2.7795211177834923e-12 9507.35078012795 7.387780849071627e8
8600 199417.36785742932 23.166186035302278 7.962282883083496e-8 5.592190578394826e-11 3.002802836113936e-11 7.659925813641166e-7 4.873978703273663e-10 5.277882575427384e-10 -1.7994263523236885e-12 9507.350780128023 7.387780849071618e8
8650 200576.1314376869 23.18528054403037 7.936174953817392e-8 5.621388013067636e-11 2.9889433599913355e-11 7.429157449223567e-7 5.122283638914205e-10 5.434327432496389e-10 -2.7310011911003624e-12 9507.350780127972 7.387780849071622e8
8700 201736.04912690684 23.212185145520507 7.91067269370305e-8 5.6564591307116035e-11 2.977036395636035e-11 7.194171303126495e-7 5.332294397697446e-10 5.395411339925715e-10 -2.114280118785444e-12 9507.35078012799 7.387780849071577e8
8750 202897.5097102942 23.24682596631085 7.891574402055287e-8 5.694637885917045e-11 2.971143799127538e-11 6.932641554158181e-7 5.461621849223164e-10 5.19759069117498e-10 -2.1528291493235417e-12 9507.35078012792 7.387780849071649e8
8800 204060.89725243367 23.28908845596869 7.882546963986715e-8 5.7322568503737747e-11 2.973512846152702e-11 7.041094249871094e-7 5.461590971145291e-10 4.943500608867168e-10 -2.639289473104452e-12 9507.35078012795 7.387780849071635e8
8850 205225.98948822953 23.290897491271245 7.884948272003806e-8 5.7642454710720654e-11 2.9842194068511e-11 7.16623617336154e-7 5.454147133931997e-10 4.699679534425627e-10 -2.307367719466992e-12 9507.35078012799 7.387780849071618e8
8900 206389.41766537933 23.2483378772803 7.893137411828929e-8 5.784746510069152e-11 3.002166286083382e-11 7.097869456629269e-7 6.535832985932188e-10 4.4718467817617125e-10 -2.060121047668106e-12 9507.350780128007 7.387780849071636e8
8950 207550.91152571858 23.21339534453775 7.901949761007923e-8 5.7885234274831846e-11 3.025674344689874e-11 6.927648428245448e-7 7.345428154614808e-10 4.416912339350043e-10 -2.0032902360922082e-12 9507.35078012797 7.387780849071572e8
9000 208710.8550579217 23.186185950527104 7.907929154001777e-8 5.7735944406020366e-11 3.0527327249924465e-11 6.800578375987243e-7 7.451217975962265e-10 4.3402995780761344e-10 -2.7940317232244166e-12 9507.350780128 7.387780849071604e8
9050 209869.6370030911 23.166784965878854 7.913917780444163e-8 5.7424327101547455e-11 3.0812981671375344e-11 6.834752639406361e-7 6.925150175529637e-10 4.0974014459127517e-10 -1.8591393746643215e-12 9507.350780127968 7.38778084907167e8
9100 211027.64887645986 23.155229219392496 7.927434466920284e-8 5.699694464915039e-11 3.110059042292187e-11 7.094542979757534e-7 6.319011980338018e-10 4.011703191864058e-10 -2.655598259545257e-12 9507.35078012803 7.387780849071639e8
9150 212185.28309846006 23.15151912948103 7.941815632201382e-8 5.6507131455788665e-11 3.1392616306923446e-11 7.353796718234662e-7 6.625460180487153e-10 4.270629405667137e-10 -1.7360717988300353e-12 9507.350780128018 7.387780849071623e8
9200 213342.93121889612 23.155620401021473 7.961078573209134e-8 5.601420734974178e-11 3.168708915608494e-11 7.571279638796113e-7 6.56468379656161e-10 4.3975090235903735e-10 -2.7062111632583084e-12 9507.35078012797 7.387780849071604e8
9250 214500.9822171887 23.167465377337493 7.984872502688625e-8 5.5568828417195234e-11 3.1979429233773386e-11 7.771354830765631e-7 6.134310559513523e-10 4.310978241051089e-10 -2.6295296156191795e-12 9507.350780127941 7.387780849071602e8
9300 215659.7761913323 23.17855945570149 7.998765865663026e-8 5.5196160944710674e-11 3.2271688034235197e-11 7.928902050480247e-7 5.403270608717037e-10 4.0261904921123914e-10 -1.5668271096127487e-12 9507.350780127948 7.387780849071587e8
9350 216810.84590183586 23.1620789801773 8.005779742786341e-8 5.4901397611258825e-11 3.2554473879482225e-11 7.99299186837743e-7 4.502521411264837e-10 3.825183954309086e-10 8.257203597621028e-13 9507.350780127968 7.387780849071668e8
9400 217968.69003787095 23.1531536697471 8.005359734092555e-8 5.4685500651828114e-11 3.282273046843007e-11 7.982434908626601e-7 4.437871181650621e-10 4.03369324053493e-10 -1.3824058242074226e-12 9507.350780127916 7.38778084907159e8
9450 219126.2858284335 23.152001614869956 7.997350731565323e-8 5.455745587557432e-11 3.307447581735937e-11 7.886187631811481e-7 4.6241332984919836e-10 4.271315749010407e-10 -3.4185336159316137e-12 9507.350780128003 7.387780849071622e8
9500 220284.02347745773 23.158677829664054 7.980931469131781e-8 5.4518749481698e-11 3.330319972381917e-11 7.727212505415082e-7 4.917109497348804e-10 4.546313239067734e-10 -2.504931672976484e-12 9507.350780127914 7.387780849071589e8
9550 221442.29508224787 23.173203493901045 7.958043863400574e-8 5.456559820335524e-11 3.3508953479893e-11 7.520275175920688e-7 5.084835885682537e-10 4.834248591711887e-10 -1.8751858509694163e-12 9507.350780127957 7.387780849071578e8
9600 222601.49290547942 23.195564473739353 7.933100645178635e-8 5.46967633483062e-11 3.369437584647048e-11 7.2857937993831e-7 5.297667304837717e-10 5.165548544461274e-10 -2.048618648007496e-12 9507.350780127943 7.38778084907165e8
9650 223762.00756448237 23.225709500608858 7.913960084455458e-8 5.490755050371603e-11 3.386290439877686e-11 7.013795766397379e-7 5.297613459021022e-10 5.312708051263826e-10 -2.762579394843486e-12 9507.350780127954 7.387780849071689e8
9700 224924.22612103075 23.263548022349777 7.903436275357494e-8 5.517829737487583e-11 3.402646209172085e-11 6.992222552071325e-7 5.145046610977033e-10 5.437241976102847e-10 -3.1720347179692524e-12 9507.350780128001 7.387780849071598e8
9750 226088.5300558499 23.308947752215424 7.897071714998037e-8 5.547753205799726e-11 3.417505530373775e-11 7.218854989332613e-7 4.96918214909492e-10 5.428087493375422e-10 -2.5561600737077108e-12 9507.3507801279 7.387780849071599e8
9800 227253.23849461507 23.27221580937056 7.895106745133073e-8 5.5770881623828266e-11 3.4265846393386234e-11 7.132507562346291e-7 5.838023398041514e-10 5.331887154014225e-10 -2.502314135501835e-12 9507.350780127963 7.387780849071562e8
9850 228415.81297332738 23.23281879504015 7.900042637271198e-8 5.602314751055624e-11 3.424642574112282e-11 6.834088708274066e-7 6.860298995547964e-10 6.2813021450836e-10 -1.3719787495278272e-12 9507.350780127923 7.387780849071631e8
9900 229576.6127055649 23.20109242703547 7.908334162266138e-8 5.621030119414608e-11 3.407680370540111e-11 6.853911145299207e-7 7.388730183244263e-10 6.690252241092765e-10 -1.0325656469524471e-12 9507.35078012794 7.387780849071608e8
9950 230736.02391189698 23.177135434067207 7.922670391608115e-8 5.632695338049334e-11 3.374366491906436e-11 6.906884664203972e-7 7.273372459870586e-10 6.448594436214705e-10 -2.320117924464701e-12 9507.350780127943 7.387780849071583e8
10000 231894.43672527073 23.161006773097917 7.933197946268504e-8 5.6386206545826636e-11 3.3273296235612776e-11 6.941520496184239e-7 6.589838952297811e-10 6.134239782795703e-10 -1.4715155297555324e-12 9507.35078012799 7.387780849071604e8
10050 233052.24326026917 23.152727846807863 7.943491902479957e-8 5.640532637141798e-11 3.2711182179723225e-11 7.294825081771705e-7 6.334677504771236e-10 5.704021560637429e-10 -2.4465896391339557e-12 9507.350780127907 7.387780849071617e8
10100 234209.83578507692 23.152284397268758 7.959065438220222e-8 5.639843352925064e-11 3.212799454957624e-11 7.584606009913841e-7 6.458950041476896e-10 4.662081831696696e-10 -2.1909214628868384e-12 9507.35078012795 7.387780849071635e8
10150 235367.60497950163 23.159628059514237 7.975034867472609e-8 5.637943120080089e-11 3.161202499208274e-11 7.812836884113494e-7 6.238172756134475e-10 4.034277079068005e-10 -1.9084021095684524e-12 9507.350780127972 7.387780849071641e8
10200 236525.93826185117 23.17467756878286 7.991333883569655e-8 5.635643262124179e-11 3.1209058677318124e-11 7.98466089690919e-7 5.688907400713816e-10 3.697525063905971e-10 -2.6460839008949462e-12 9507.350780127985 7.387780849071524e8
10250 237684.7991682769 23.170718696176124 8.00526409391926e-8 5.6336711297104307e-11 3.0923947988540007e-11 8.066958798735868e-7 4.895777117042144e-10 3.289425676289426e-10 -1.712596522394612e-12 9507.35078012803 7.387780849071611e8
10300 238842.9622732409 23.15735221939794 8.010819940361234e-8 5.6335813123473524e-11 3.075205756823865e-11 8.082702152023558e-7 4.535676001449218e-10 3.5402017428687316e-10 -2.664656260180926e-12 9507.350780127965 7.387780849071616e8
10350 240000.6537081516 23.15171239092559 8.006928144713995e-8 5.637694401432737e-11 3.064940269828716e-11 8.030076514842222e-7 4.371206729913979e-10 4.0448144833504784e-10 -1.5154553641249568e-12 9507.35078012793 7.38778084907159e8
10400 241158.2618275484 23.153873183578217 7.995931187286434e-8 5.648314371015459e-11 3.055339282746756e-11 7.910975909908302e-7 4.6397383157703587e-10 4.5037795715074935e-10 -1.7721396369269615e-12 9507.350780127972 7.387780849071602e8
10450 242316.17784416676 23.163875430834878 7.972901177931941e-8 5.667112080789989e-11 3.044129145439676e-11 7.734108748991275e-7 4.680563315401232e-10 4.82017314951122e-10 -7.053715481671192e-13 9507.35078012798 7.387780849071648e8
10500 243474.7941407823 23.181725547109394 7.947467444615724e-8 5.693880978433142e-11 3.0309153726340115e-11 7.515329798479797e-7 4.957459547039189e-10 5.07339975586163e-10 -1.906336054550407e-12 9507.350780127914 7.387780849071637e8
10550 244634.50250924384 23.20739390256851 7.926739968092406e-8 5.7270093320987703e-11 3.017870476793518e-11 7.245278084155871e-7 5.209775943981754e-10 5.29647992131288e-10 -1.6665578479793463e-12 9507.350780127927 7.387780849071575e8
10600 245795.6922995956 23.24081286079391 7.909847965746334e-8 5.76369292421008e-11 3.009847741927684e-11 6.930526978976559e-7 5.401323277531844e-10 5.303520955735053e-10 -2.315529815374126e-12 9507.350780127947 7.387780849071652e8
10650 246958.74846286004 23.28187449799513 7.902015104860224e-8 5.800070339119474e-11 3.0095973797723793e-11 7.037401701381896e-7 5.474673769878535e-10 5.151640225520282e-10 -1.6388152531815216e-12 9507.35078012793 7.387780849071603e8
10700 248123.77540454664 23.298346392901053 7.903461412438407e-8 5.831433265920401e-11 3.017561965380062e-11 7.08776951796608e-7 5.38789970971898e-10 4.932484976016838e-10 -1.8529701208596044e-12 9507.350780127961 7.387780849071611e8
10750 249287.54563632037 23.254590775218304 7.906272176506507e-8 5.851679869915233e-11 3.033719135794368e-11 6.946229405002668e-7 6.297471433214241e-10 4.690768329318473e-10 -2.756785179620873e-12 9507.35078012795 7.387780849071567e8
10800 250449.321152295 23.218429887268737 7.911979407580376e-8 5.855287360844571e-11 3.056701404552621e-11 6.941809260752052e-7 7.198894258486632e-10 4.591445296880936e-10 -2.0679963942354155e-12 9507.350780127957 7.38778084907158e8
10850 251609.48499646224 23.189986497945668 7.919905584480165e-8 5.840338934227709e-11 3.0845991984408895e-11 7.008952707110438e-7 7.443393401640463e-10 4.5097282505568437e-10 -1.8742023001355517e-12 9507.350780127977 7.387780849071641e8
10900 252768.42529045025 23.169342190107212 7.931344772793878e-8 5.8086404380257004e-11 3.1150737226876464e-11 6.92019057169091e-7 7.039097638106284e-10 4.267873554564261e-10 -3.4950835448460162e-12 9507.35078012794 7.387780849071574e8
10950 253926.53323644234 23.15653975264733 7.948444035842057e-8 5.764551843526193e-11 3.1456641185117115e-11 7.196863407443743e-7 6.229643745303548e-10 3.887254407253238e-10 -3.8359750846602316e-12 9507.35078012797 7.387780849071611e8
11000 255084.20123193922 23.151585263467968 7.9635722253388e-8 5.7138216802747636e-11 3.176711022339287e-11 7.560788617411163e-7 6.537136110207342e-10 4.1204439860109687e-10 -2.8495355787483e-12 9507.350780127983 7.3877808490717e8
11050 256241.8210802729 23.154449840374323 7.977694342656639e-8 5.662159542892277e-11 3.2081606209969365e-11 7.782368811604101e-7 6.490449289131561e-10 4.2809006339794564e-10 -1.1549610100635398e-12 9507.350780127965 7.387780849071574e8
11100 257399.78227992472 23.165071048109464 7.992319638680137e-8 5.6145671904142657e-11 3.2392778558580746e-11 7.905828169896267e-7 6.068832936190205e-10 4.2388292875727984e-10 -2.1417003673610754e-12 9507.350780127936 7.387780849071615e8
11150 258558.46831833734 23.1818890256706 8.004385300678168e-8 5.574187751699372e-11 3.269568284298003e-11 8.0171639638138e-7 5.343353537412554e-10 3.9553688102600404e-10 9.753761145249772e-14 9507.350780127997 7.387780849071636e8
11200 259709.68230429047 23.16420591493383 8.015920598940247e-8 5.5422666898294165e-11 3.298243445297996e-11 8.14547775007668e-7 4.568070366417487e-10 3.91436469392506e-10 -3.872392310644613e-12 9507.350780127968 7.38778084907151e8
11250 260867.60155794167 23.154053589913737 8.021409878971558e-8 5.5188764538136096e-11 3.3262401794928705e-11 8.300603440147825e-7 4.4853185054982703e-10 4.1238602506779576e-10 -4.227954312823602e-12 9507.350780127972 7.387780849071647e8
11300 262025.21079374975 23.151662752336563 8.013187350537082e-8 5.504610247514956e-11 3.3530232629374125e-11 8.323788733832771e-7 4.447295309795152e-10 4.3615246917566575e-10 -3.51028096072324e-12 9507.350780127943 7.387780849071549e8
11350 263182.8997606212 23.157093675480947 7.993952058206088e-8 5.499560443238721e-11 3.3766969267483345e-11 8.114959655358689e-7 4.723374191772933e-10 4.629623281959816e-10 -3.2709454716808042e-12 9507.350780127932 7.387780849071562e8
11400 264341.06036873756 23.1703730012753 7.969731817131943e-8 5.503597371862268e-11 3.397326742347591e-11 7.731555342616048e-7 4.95535529276836e-10 4.907517829610963e-10 -1.9628448788642693e-12 9507.350780127954 7.387780849071593e8
11450 265500.0849731089 23.191492315950295 7.945221598295768e-8 5.5163782637337995e-11 3.41597273536729e-11 7.351195563387591e-7 5.217482834662945e-10 5.174496039983545e-10 -2.3789720747998016e-12 9507.350780127943 7.387780849071604e8
11500 266660.3645771298 23.22040638255224 7.925449057859364e-8 5.536961050424962e-11 3.433010078536475e-11 7.055703008518321e-7 5.285465398685574e-10 5.4010369440749e-10 -1.7895862971563727e-12 9507.35078012794 7.387780849071602e8
11550 267822.2869392525 23.25703104274134 7.911168186988749e-8 5.563912517605333e-11 3.4491120303208284e-11 6.903737812535837e-7 5.184013218695327e-10 5.543773842764388e-10 -1.8483452033961257e-12 9507.350780127967 7.387780849071589e8
11600 268986.2345667975 23.30124081151382 7.902505738808186e-8 5.59468312850493e-11 3.463364850867474e-11 7.080752766341902e-7 5.106141481858728e-10 5.560342186683442e-10 -3.721123628236911e-12 9507.35078012799 7.387780849071608e8
11650 270151.1838155085 23.27916829817549 7.903865050424565e-8 5.625152478881347e-11 3.4718494600826354e-11 6.980703801673371e-7 5.556130555639527e-10 5.407071249075024e-10 -2.2408394197333346e-12 9507.350780128003 7.387780849071621e8
11700 271314.07525807695 23.238565168014517 7.909634660479696e-8 5.651920936524265e-11 3.469909166183585e-11 6.830705387983471e-7 6.679496955541708e-10 6.133028529475837e-10 -1.368980235671788e-12 9507.350780127907 7.387780849071597e8
11750 272475.1311230987 23.205613186400736 7.920024357561502e-8 5.6722424912044344e-11 3.453351200988154e-11 6.80371613270836e-7 7.30908888968429e-10 6.636283189642711e-10 -2.820553374870325e-12 9507.350780127885 7.387780849071667e8
11800 273634.73682468024 23.180417621142787 7.933016453540953e-8 5.68524881005781e-11 3.420677298196808e-11 6.748300620529335e-7 7.243714794658018e-10 6.502104965555588e-10 -1.8312290258191636e-12 9507.350780128043 7.387780849071677e8
11850 274793.2820063714 23.16304358810946 7.939284482566574e-8 5.6920929295943e-11 3.374323630233197e-11 6.760319593013264e-7 6.580401779032741e-10 5.835065070014522e-10 -1.9661937378348525e-12 9507.35078012796 7.387780849071586e8
11900 275951.15859264863 23.153518317857646 7.947650910987571e-8 5.6938544474694266e-11 3.3186068150200027e-11 6.918251074239379e-7 6.39316183326244e-10 5.46110365262642e-10 -1.112407001212098e-12 9507.350780127967 7.387780849071622e8
11950 277108.7589456622 23.151833102072167 7.961676994547587e-8 5.692292369146146e-11 3.2613211543349034e-11 7.179501153586898e-7 6.517696105046156e-10 4.52774068238071e-10 -2.9949979609413923e-12 9507.350780127974 7.387780849071593e8
12000 278266.47411073564 23.15794490180106 7.983189877333434e-8 5.688743582103416e-11 3.209930619182788e-11 7.500514129787916e-7 6.27606688841098e-10 4.1195893918377635e-10 -1.8934918618179045e-12 9507.350780127943 7.387780849071578e8
12050 279424.6921334666 23.171777609741557 8.006253880853799e-8 5.684240779270411e-11 3.169608325034437e-11 7.81133167038206e-7 5.691468130120114e-10 3.866584830092279e-10 -1.7474151791404987e-12 9507.350780128007 7.387780849071621e8
12100 280583.56460232974 23.17354529243383 8.019481417340511e-8 5.6800496627877185e-11 3.141769912339507e-11 7.975977496244013e-7 4.870080450025682e-10 3.540319426509342e-10 -2.238370252457468e-12 9507.350780127997 7.387780849071579e8
12150 281741.8380524478 23.158960910354036 8.021161699737763e-8 5.6780311788784487e-11 3.1240668751014763e-11 7.995001851668349e-7 4.4083772743341854e-10 3.561136663332576e-10 -1.702740912287101e-12 9507.350780127928 7.387780849071583e8
12200 282899.5785404563 23.15208844894361 8.016668464035185e-8 5.6808271614967884e-11 3.1122382366486077e-11 7.953810836625053e-7 4.3382644698830575e-10 3.992996489010636e-10 -2.3180431347494692e-12 9507.350780127954 7.387780849071593e8
12250 284057.1738156748 23.153007048135322 8.007229144620982e-8 5.690626285372414e-11 3.1021049260537244e-11 7.888961590651888e-7 4.489569271903804e-10 4.413188980922911e-10 -2.3270547098713256e-12 9507.35078012794 7.387780849071742e8
12300 285215.0147481146 23.161762879843447 7.990361344700524e-8 5.708550344227117e-11 3.091020244996251e-11 7.747134986857418e-7 4.686454852659283e-10 4.717908008711191e-10 -2.20112167474636e-12 9507.350780127983 7.387780849071566e8
12350 286373.49365029257 23.17836792329447 7.968691698704598e-8 5.734542769986793e-11 3.078425502492833e-11 7.485716650990071e-7 4.924269568495898e-10 4.914671447586727e-10 -3.2197958028776415e-12 9507.350780127867 7.387780849071628e8
12400 287533.0025289774 23.202798394365896 7.944644303206024e-8 5.7671236386532365e-11 3.066145760032688e-11 7.142893991840538e-7 5.252648871412191e-10 5.128186209013563e-10 -2.30785177724052e-12 9507.350780127972 7.387780849071628e8
12450 288693.9312497102 23.234992835815333 7.921042158810023e-8 5.8041959677098966e-11 3.057726750947912e-11 6.798761660320451e-7 5.298620639471174e-10 5.156196025701831e-10 -1.6513268095006243e-12 9507.350780128 7.387780849071605e8
12500 289856.6655975244 23.27484988531804 7.912282119495821e-8 5.842392475738759e-11 3.055568435113847e-11 7.009189175732899e-7 5.347787629395029e-10 5.052762097612629e-10 -1.6115486993803549e-12 9507.350780127983 7.387780849071642e8
12550 291021.51085304853 23.30598229502043 7.912679264622944e-8 5.87705291521386e-11 3.06067804378673e-11 7.0707483246224e-7 5.262168339958961e-10 4.885128412901452e-10 -2.782009070640979e-12 9507.350780127965 7.387780849071622e8
12600 292185.632602724 23.261034928846755 7.914380648800164e-8 5.901779054383087e-11 3.072908824469568e-11 6.898389983689412e-7 5.900860355900761e-10 4.68878713633103e-10 -2.5234418125016845e-12 9507.350780127934 7.387780849071602e8
12650 293347.6994219281 23.223658836902874 7.920749021391666e-8 5.910614167205257e-11 3.0917293417575555e-11 6.955974640732165e-7 6.863372647991639e-10 4.4570802083809813e-10 -2.4604143913656696e-12 9507.350780127967 7.387780849071631e8
12700 294508.0933565045 23.19398356644173 7.927752414358184e-8 5.90110770305928e-11 3.1156766361156464e-11 6.931345524208155e-7 7.25004029034082e-10 4.396541880558047e-10 -1.0601263686033774e-12 9507.350780128045 7.387780849071642e8
12750 295667.2018583177 23.17209707261915 7.937290131252205e-8 5.874484079040283e-11 3.142141460469227e-11 6.841187314421404e-7 6.955511167028305e-10 4.1788796034669673e-10 -1.967088984469764e-12 9507.35078012799 7.387780849071664e8
12800 296825.4157690198 23.15804815670095 7.951785055107491e-8 5.834488677783114e-11 3.1698488785455804e-11 6.771647349523846e-7 6.194443014084783e-10 3.8875397345705665e-10 -2.57484394994955e-12 9507.350780127985 7.387780849071586e8
12850 297983.1274181002 23.15184859994334 7.96496438393542e-8 5.7862150459602016e-11 3.198373418994983e-11 7.18764340490452e-7 6.407488428727959e-10 4.1055792099342625e-10 -2.21570263637832e-12 9507.35078012794 7.387780849071585e8
12900 299140.7288193102 23.15347496826383 7.977340557291322e-8 5.735524875896036e-11 3.227453227737234e-11 7.495091267628595e-7 6.427197940528373e-10 4.262932784548923e-10 -1.4299364566941546e-12 9507.350780127965 7.387780849071584e8
12950 300298.6099486209 23.1628700742731 7.994024048162415e-8 5.6877089028687536e-11 3.256510557586531e-11 7.662752068426926e-7 6.092762960818732e-10 4.229416261658514e-10 -2.1714461991492357e-12 9507.350780127934 7.387780849071605e8
13000 301457.1570864421 23.179944092744805 8.013753966037277e-8 5.645852401415188e-11 3.285168214881919e-11 7.760245352983475e-7 5.444333039950067e-10 3.965652251025631e-10 -3.4737474316475545e-12 9507.350780127994 7.387780849071641e8
13050 302608.5100067327 23.166526138657375 8.031147496974108e-8 5.6113955948443574e-11 3.3134075784163175e-11 7.82499228080269e-7 4.5969636430776006e-10 3.748840755510817e-10 -2.629034250600664e-12 9507.350780127965 7.3877808490716e8
13100 303766.5141070341 23.155149199792618 8.034226606826688e-8 5.5850357347264476e-11 3.3410223828650445e-11 7.89910927778692e-7 4.481913729037501e-10 3.944690945417717e-10 -1.7116991219987502e-12 9507.35078012798 7.387780849071635e8
13150 304924.14661636105 23.151521160874392 8.023793253401561e-8 5.5676845235874846e-11 3.366816620044093e-11 7.913370154710719e-7 4.5425527228637463e-10 4.1635705213399765e-10 -2.2745855035260877e-12 9507.35078012796 7.387780849071615e8
13200 306081.79678695934 23.15570752689976 8.007098576366237e-8 5.5596976074247835e-11 3.390322917546417e-11 7.823771284165559e-7 4.661165620145624e-10 4.398650332859688e-10 -2.479105207503903e-12 9507.350780127992 7.387780849071589e8
13250 307239.8562986601 23.16774036577231 7.98597558130779e-8 5.561070473369967e-11 3.411103383758851e-11 7.623389137734193e-7 4.72978961552073e-10 4.63814670698115e-10 -1.6788691045300928e-12 9507.35078012796 7.387780849071555e8
13300 308398.71755354997 23.187616938946956 7.962715019224827e-8 5.571368261000892e-11 3.429511661684525e-11 7.358255516010104e-7 4.871469894141001e-10 5.054789364855594e-10 -1.911214442755697e-12 9507.350780127997 7.387780849071589e8
13350 309558.7718933712 23.215297987864023 7.941304886035592e-8 5.589604326025304e-11 3.4465957628168683e-11 7.052547061903169e-7 4.927275809585296e-10 5.170144173893831e-10 -1.4766969999878512e-12 9507.35078012795 7.387780849071621e8
13400 310720.40772267553 23.250705686980286 7.923027513468237e-8 5.614068796656592e-11 3.4636635374381795e-11 6.791224222979508e-7 4.857060864615903e-10 5.190462643023253e-10 -1.6051190648507784e-12 9507.350780127965 7.387780849071611e8
13450 311884.0085215683 23.293721285155183 7.91400321326478e-8 5.6420636423090485e-11 3.480263696705034e-11 7.078024282236584e-7 4.772400322150538e-10 5.210245151987536e-10 -1.706218518301144e-12 9507.350780128045 7.387780849071583e8
13500 313049.08216850495 23.286309700236615 7.91394535654194e-8 5.670109357069492e-11 3.493257031873257e-11 7.091825864335988e-7 5.284442883279894e-10 5.097157765310278e-10 1.3670351502271045e-13 9507.350780127954 7.387780849071668e8
13550 314212.30012167175 23.244504236927142 7.91574086474516e-8 5.6947049730909285e-11 3.4976998672826336e-11 6.867076081107371e-7 6.319523238040858e-10 5.80349268641811e-10 -1.6620606754622183e-12 9507.350780127997 7.387780849071565e8
13600 315373.6218276538 23.210329349142505 7.92293982588066e-8 5.713602847681553e-11 3.488350823072116e-11 6.868426680739503e-7 7.088041265035372e-10 6.438767852223748e-10 -1.771273585718262e-12 9507.350780127974 7.3877808490716e8
13650 316533.4318419992 23.183896908033375 7.932199121742193e-8 5.726416091224347e-11 3.461785730545907e-11 6.916257007105742e-7 7.214113750819706e-10 6.483789338762591e-10 -1.3721395636787655e-12 9507.350780127921 7.387780849071666e8
13700 317692.1192697947 23.16527824528849 7.94017266508963e-8 5.733645626325704e-11 3.41888529206928e-11 6.891145858389791e-7 6.740667191085237e-10 5.926683310786274e-10 -3.4864670652051113e-12 9507.350780127908 7.38778084907161e8
13750 318850.0757989843 23.15450646815385 7.951541615179861e-8 5.736210563530045e-11 3.365127248886395e-11 6.898883384565124e-7 6.204845526269764e-10 5.553333903840496e-10 -2.9054685113147916e-12 9507.350780127994 7.387780849071653e8
13800 320007.69384148496 23.151578458224346 7.964342718073525e-8 5.7356615881542335e-11 3.307682407777506e-11 7.234277745737927e-7 6.433583388254505e-10 4.631134781218904e-10 -1.2356873207668964e-12 9507.350780128001 7.387780849071662e8
13850 321165.3647657282 23.15645653412824 7.98257075551844e-8 5.733165964062827e-11 3.253652308114629e-11 7.512476258852985e-7 6.31223850966478e-10 4.079589721595056e-10 -1.9325874091970816e-12 9507.35078012797 7.387780849071631e8
13900 322323.4772035497 23.169069768874063 8.002345974909282e-8 5.729275311446227e-11 3.210069533684361e-11 7.737196483503794e-7 5.84423232030673e-10 4.0606254469999215e-10 -6.222287176777865e-13 9507.35078012799 7.387780849071574e8
13950 323482.3157775489 23.176563430057023 8.01681360109715e-8 5.725143069773341e-11 3.179566050236212e-11 7.903322511992883e-7 5.088826582344552e-10 3.774516255106164e-10 -2.7945751889041504e-12 9507.350780128032 7.387780849071635e8
14000 324640.7092262419 23.16076400637558 8.0254685837323e-8 5.72298362974465e-11 3.159439247227763e-11 8.002130016393494e-7 4.43326569898872e-10 3.871078180228693e-10 -1.2529556974509964e-12 9507.350780128 7.387780849071593e8
14050 325798.50854343694 23.152660968179667 8.023664020652209e-8 5.7252620207707284e-11 3.1458106832707975e-11 8.032745881791925e-7 4.413431287098035e-10 4.249924578925146e-10 -2.4149779324427202e-12 9507.350780127968 7.387780849071614e8
14100 326956.1008323211 23.152338600111896 8.010103677457385e-8 5.734000176970592e-11 3.1352751340676376e-11 7.982475835888181e-7 4.6240339335312797e-10 4.5527293046632167e-10 -3.7590068475079716e-13 9507.350780128003 7.387780849071621e8
14150 328113.87657792715 23.15984838140992 7.990864000225505e-8 5.750398133548712e-11 3.124324692555725e-11 7.862429356464418e-7 4.554705033271711e-10 4.713595069816279e-10 -2.5480779660891947e-12 9507.350780128016 7.387780849071681e8
14200 329272.2279784789 23.175207816231115 7.972109366662972e-8 5.774409745114949e-11 3.111936064776275e-11 7.684413958486402e-7 4.792325598856895e-10 4.799232400376496e-10 -2.0176494799996974e-12 9507.350780127947 7.387780849071615e8
14250 330431.54720941756 23.19839891768731 7.949797773521734e-8 5.804888294147336e-11 3.100634963979948e-11 7.450912562489975e-7 5.234992994651577e-10 4.916670404142565e-10 6.289211708699641e-13 9507.350780127903 7.387780849071614e8
14300 331592.22460289823 23.229366351071675 7.92718883208062e-8 5.839623352239113e-11 3.093615176191312e-11 7.143667062337045e-7 5.155046320370893e-10 4.893225824531555e-10 -2.693428831326428e-12 9507.350780127967 7.387780849071639e8
14350 332754.6467260573 23.26801525147558 7.914208764860806e-8 5.875479245303307e-11 3.0928774317171174e-11 6.920640771568287e-7 5.214981224632709e-10 4.795515651245807e-10 -2.830050922219887e-12 9507.350780127974 7.38778084907161e8
14400 333919.1939380785 23.313804415009827 7.907291377187962e-8 5.908422121775219e-11 3.1000533078265083e-11 7.01659701007884e-7 5.159294380607804e-10 4.681516840854272e-10 -1.1904974141895814e-12 9507.35078012802 7.387780849071668e8
14450 335083.6766344082 23.267669734285935 7.908484556438044e-8 5.932810456016147e-11 3.115188862289641e-11 6.951026989554521e-7 5.791364054985593e-10 4.56664761561143e-10 -1.1951891365689874e-12 9507.350780127885 7.387780849071599e8
14500 336246.04437856015 23.229081757138477 7.917197747405987e-8 5.943265582305134e-11 3.136444830473603e-11 6.916957318026107e-7 6.689284126615291e-10 4.4341780247592055e-10 -1.3811934960993067e-12 9507.350780127988 7.387780849071646e8
14550 337406.6781642304 23.198176877142316 7.927617790662342e-8 5.936945365844315e-11 3.161747780052468e-11 6.918112376297358e-7 7.126741974339268e-10 4.381622079052683e-10 -1.2421586545015337e-12 9507.350780127977 7.387780849071636e8
14600 338565.9647227523 23.175049483006585 7.937839292898463e-8 5.914008743804756e-11 3.1888764905519176e-11 6.967984518269077e-7 6.911748950955143e-10 4.2022400142949223e-10 -5.951305760175765e-13 9507.35078012792 7.387780849071571e8
14650 339724.2944873496 23.159754441913847 7.948552676334465e-8 5.877342304860715e-11 3.216873510634e-11 6.987393135204911e-7 6.223895565593551e-10 4.074219295269188e-10 -1.640625967873598e-12 9507.350780127967 7.387780849071532e8
14700 340882.05967407004 23.152309283716747 7.96058910832234e-8 5.831912316801571e-11 3.2455534056514037e-11 7.180790362326661e-7 6.289034570894358e-10 4.2919118259376887e-10 -1.4858136307827166e-12 9507.35078012793 7.387780849071685e8
14750 342039.6524636972 23.15269605905017 7.97724504733578e-8 5.78354054629279e-11 3.274055614165528e-11 7.480009571736446e-7 6.38179231682301e-10 4.4750858574360564e-10 -9.161673115534325e-13 9507.350780127974 7.387780849071628e8
14800 343197.46326791175 23.16086285626993 7.998870439717841e-8 5.737573368054747e-11 3.3022598603362263e-11 7.709927558607887e-7 6.112110262357362e-10 4.4678793997832145e-10 -1.4122469000909303e-12 9507.35078012797 7.387780849071639e8
14850 344355.8790624649 23.176724971850163 8.018330898849788e-8 5.697459123425688e-11 3.330806677268024e-11 7.861535777919926e-7 5.507612421684627e-10 4.2335551730943166e-10 -2.9339551108674784e-12 9507.350780127968 7.387780849071668e8
14900 345514.70688485395 23.1689346389169 8.02987447480584e-8 5.664822391824131e-11 3.3589467004769155e-11 7.92273795013898e-7 4.673111342334835e-10 3.973242290733481e-10 -1.7816317400474553e-12 9507.350780128008 7.387780849071538e8
14950 346665.4257402162 23.15644015640439 8.032993112794219e-8 5.640446843583028e-11 3.386030141823922e-11 7.953503882163204e-7 4.4388148712215525e-10 3.987571332159101e-10 9.626210635651306e-14 9507.350780127961 7.387780849071653e8
15000 347823.0913374555 23.151576626394956 8.026212805245913e-8 5.624412771933644e-11 3.412119853139733e-11 7.942428510432364e-7 4.438844292131705e-10 4.1989104120759846e-10 -2.374967036659764e-12 9507.350780127981 7.387780849071608e8
15050 348980.7125903468 23.15451930372888 8.011815150387631e-8 5.617376265828178e-11 3.436081070258838e-11 7.857427135604667e-7 4.680990872696356e-10 4.434158058091997e-10 -1.1218596187151738e-12 9507.350780127967 7.387780849071664e8
15100 350138.6809054297 23.16530564751679 7.987712561719789e-8 5.6197797228174184e-11 3.457371118726776e-11 7.661035397177329e-7 4.753440974170076e-10 4.675054111197285e-10 -1.310629108171915e-12 9507.350780127921 7.387780849071602e8
15150 351297.3886869647 23.183938550969437 7.957863087849987e-8 5.631205691191797e-11 3.47605168071329e-11 7.392591214738786e-7 4.825478072678635e-10 4.954157223346911e-10 -1.6503978206108283e-12 9507.350780128018 7.387780849071623e8
15200 352457.2275677496 23.210384682003223 7.928601285137712e-8 5.6509195916707444e-11 3.4927166246003574e-11 7.103062671376392e-7 4.859684321623092e-10 5.240577971576954e-10 -2.207742335906869e-12 9507.350780127967 7.387780849071615e8
15250 353618.5865483434 23.24457248805092 7.905196801029387e-8 5.677878597056583e-11 3.508093919713929e-11 6.831646714999806e-7 4.810744198835426e-10 5.185383927797105e-10 -2.3259091483526618e-12 9507.350780127957 7.387780849071689e8
15300 354781.8500283671 23.286389884960602 7.893218837575486e-8 5.709645863921101e-11 3.521824079551347e-11 6.953628144401591e-7 4.774165091037119e-10 5.207163936149506e-10 -1.572939004575497e-12 9507.35078012793 7.38778084907161e8
15350 355946.93159335956 23.29363931209905 7.887973565963307e-8 5.7425359055576526e-11 3.5323261328573416e-11 7.022954378044233e-7 5.25701260301048e-10 5.105878983502343e-10 -2.782503598085792e-12 9507.350780127967 7.38778084907161e8
15400 357110.4855731687 23.250635471972714 7.888579320760117e-8 5.772738513643476e-11 3.534935571162661e-11 7.075859684846364e-7 6.258885631993394e-10 5.748627129875672e-10 -2.179976528352138e-12 9507.350780128023 7.387780849071646e8
15450 358272.0828059936 23.215240548363145 7.897268972524812e-8 5.79748897676567e-11 3.524002326311383e-11 7.01050794305047e-7 7.026361714679297e-10 6.399053509298369e-10 -1.3571292856974257e-12 9507.350780127932 7.387780849071635e8
15500 359432.1069362174 23.18757308106626 7.908003666025329e-8 5.8159209492530186e-11 3.49682857195974e-11 6.9119778345339e-7 7.177752003872939e-10 6.462708146415252e-10 -1.893515313881583e-12 9507.35078012794 7.387780849071616e8
15550 360590.94648094376 23.167710675734543 7.920307768707558e-8 5.828383033883576e-11 3.453960171557999e-11 6.856053005321883e-7 6.809034447385898e-10 5.99984062432668e-10 -1.963540304344369e-12 9507.35078012803 7.387780849071627e8
15600 361748.9928447721 23.15569236647093 7.935567649590206e-8 5.835864498780712e-11 3.399175633411285e-11 6.835175554442685e-7 6.072436997683894e-10 5.463427488194839e-10 -3.5438384707794756e-12 9507.350780127945 7.387780849071614e8
15650 362906.6384448651 23.151520666439186 7.950617161251731e-8 5.840204158523173e-11 3.3388061636816794e-11 7.054300112940837e-7 6.370398097921282e-10 4.6252462970741703e-10 -4.033229435033152e-12 9507.350780127945 7.387780849071655e8
15700 364064.27493010374 23.155163284798228 7.97371181344133e-8 5.842672488246277e-11 3.279851361183702e-11 7.262256076501217e-7 6.333135682545787e-10 4.2181422243992017e-10 -3.074801983344575e-12 9507.350780128001 7.387780849071578e8
15750 365222.29147732747 23.166554499119854 8.001429602227808e-8 5.844111284611174e-11 3.229392177026242e-11 7.469848242180888e-7 5.933604996233299e-10 4.172290568593695e-10 -2.6536512596463957e-12 9507.350780128023 7.387780849071584e8
15800 366381.05071139446 23.179772571009536 8.022665681333574e-8 5.845251082123762e-11 3.191601666440991e-11 7.668236321478616e-7 5.227112354067032e-10 3.841936768722576e-10 -2.2457404224286003e-12 9507.35078012789 7.38778084907158e8
15850 367539.57378831785 23.162761092795016 8.034457815241823e-8 5.84684654250329e-11 3.16648666364868e-11 7.811981959093828e-7 4.387529228822018e-10 3.754228594665676e-10 -7.750988410052511e-13 9507.350780127988 7.387780849071624e8
15900 368697.44169325836 23.15342966016901 8.035290668481975e-8 5.85059957359098e-11 3.15121959610021e-11 7.915898549981648e-7 4.4086920225616666e-10 4.1536829531452213e-10 -3.2492800723637545e-12 9507.35078012795 7.387780849071598e8
15950 369855.0408425337 23.151867681436045 8.02242239060153e-8 5.858821192901507e-11 3.1414918293581004e-11 7.93775825513876e-7 4.6273845866195984e-10 4.4896253381665474e-10 -2.2219774992529565e-12 9507.350780127928 7.387780849071567e8
16000 371012.7612941884 23.158131913430996 8.001321998601794e-8 5.873548834201018e-11 3.132217734543717e-11 7.851151622162433e-7 4.596390767996894e-10 4.683507193181669e-10 -9.111473733923687e-13 9507.350780127983 7.387780849071592e8
16050 372170.995088434 23.17224534675256 7.978448335287145e-8 5.895657740839068e-11 3.121299438930995e-11 7.643986918992596e-7 4.6501729550341153e-10 4.729367730771372e-10 -2.768401489305064e-12 9507.350780127892 7.387780849071599e8
16100 373330.1345235194 23.194195744655136 7.953904302571427e-8 5.924547455793574e-11 3.110178471172773e-11 7.344640380324563e-7 5.132989588929604e-10 4.882072524026171e-10 -3.128199101699134e-12 9507.350780128007 7.387780849071631e8
16150 374490.5703497825 23.22393383964585 7.929787346411679e-8 5.958271621965168e-11 3.1015955136822385e-11 6.988491350057302e-7 5.015650880735301e-10 4.889029181498472e-10 -2.5431576991987646e-12 9507.35078012797 7.387780849071643e8
16200 375652.6898650689 23.261371201302026 7.90823084012819e-8 5.99391938351538e-11 3.09931737256939e-11 6.984237188589759e-7 5.074032513596727e-10 4.804980302530737e-10 -1.5952026708231212e-12 9507.350780127936 7.387780849071624e8
16250 376816.8748956641 23.30637780028689 7.896060066037208e-8 6.027315337030973e-11 3.1052698614817686e-11 7.116195774869993e-7 5.013499962402967e-10 4.698569311401002e-10 -2.5262891667393774e-12 9507.350780127987 7.387780849071596e8
16300 377981.6757572204 23.274494562928687 7.899134679139524e-8 6.052926943507513e-11 3.118975087101779e-11 6.993318493186962e-7 5.594140706222106e-10 4.5989700936388545e-10 -3.026635752070801e-12 9507.350780127997 7.387780849071558e8
16350 379144.35402096173 23.234698188354606 7.908649829033376e-8 6.065438734742773e-11 3.139377430507844e-11 6.939185368537437e-7 6.532773211276321e-10 4.4979370228404036e-10 -1.7647983034218828e-12 9507.350780127977 7.38778084907159e8
16400 380305.237399516 23.202566129102436 7.918202602045233e-8 6.061201516084441e-11 3.1645531650565784e-11 6.96508777764393e-7 7.081537578557118e-10 4.402332352826388e-10 -2.9226607884453225e-12 9507.35078012793 7.387780849071627e8
16450 381464.71185243037 23.17819926981042 7.927580630949921e-8 6.039919981163984e-11 3.192603757444499e-11 6.996442607487552e-7 6.972861177345635e-10 4.2691618989953994e-10 -2.6726438416244114e-12 9507.350780127881 7.387780849071665e8
16500 382623.16735617595 23.161658598418274 7.93832052076193e-8 6.004449967784923e-11 3.221897464934044e-11 6.942432264622767e-7 6.384706652262651e-10 4.1148245921718285e-10 -3.876465311907964e-12 9507.350780127945 7.387780849071643e8
16550 383780.9959675679 23.152967439985755 7.954582224074989e-8 5.959885575952437e-11 3.250672806828226e-11 6.81537130731158e-7 6.153753617788027e-10 4.3322101461740203e-10 -7.341754684997829e-13 9507.35078012799 7.387780849071677e8
16600 384938.58999074483 23.152113367886802 7.975238862625312e-8 5.912139392024732e-11 3.279101680722731e-11 7.1284853220277e-7 6.301160704325071e-10 4.541408360481114e-10 -2.1196702645231474e-12 9507.350780127945 7.387780849071611e8
16650 386096.34023109666 23.159049775467512 7.996712481509035e-8 5.866159982474462e-11 3.307617673095169e-11 7.433670816681115e-7 6.095098314951031e-10 4.5740822240958323e-10 -2.7211453416860797e-12 9507.35078012792 7.387780849071555e8
16700 387254.6343189562 23.173697101472168 8.014028679156512e-8 5.82578120648305e-11 3.336166633215807e-11 7.614273727085674e-7 5.553562887339325e-10 4.3769460278397787e-10 -1.5760069173954828e-12 9507.35078012791 7.387780849071647e8
16750 388413.5041388422 23.171632428397004 8.029472364222708e-8 5.793070761753463e-11 3.3638858121400736e-11 7.691833161516115e-7 4.761454841517576e-10 4.093047567543806e-10 -3.1277983825090353e-12 9507.350780127957 7.38778084907163e8
16800 389564.3345145933 23.157926098125085 8.036329857850857e-8 5.76880431902275e-11 3.390292374467337e-11 7.742773959762417e-7 4.431566502649531e-10 3.662289744469499e-10 -1.7774084541311443e-12 9507.350780127992 7.387780849071668e8
16850 390722.0429993098 23.151828915496086 8.0273065395789e-8 5.752804257008634e-11 3.415703380282032e-11 7.765834197925869e-7 4.5470027743022e-10 3.8796551908582e-10 -2.1142011475506082e-12 9507.350780128005 7.387780849071655e8
16900 391879.64520475856 23.153528905567125 8.009060357502836e-8 5.7449216491181126e-11 3.4392820537716444e-11 7.726944204478059e-7 4.829548982954179e-10 4.1242365078630883e-10 -1.687910592998478e-12 9507.350780127943 7.387780849071622e8
16950 393037.5322215211 23.163068885295246 7.981784956851978e-8 5.745433566210142e-11 3.4601230639297944e-11 7.605578957736725e-7 4.957459998067293e-10 4.3788282201584483e-10 -1.143741829967864e-12 9507.350780127954 7.387780849071631e8
17000 394196.0964114747 23.180457337548262 7.951273530919061e-8 5.754450652837083e-11 3.477705222081432e-11 7.433584414684447e-7 5.000614367034473e-10 4.639218176283322e-10 -2.063711247518483e-12 9507.350780128018 7.387780849071659e8
17050 395355.7296515916 23.20566680611029 7.923560120911742e-8 5.7715257559429096e-11 3.4928407243324154e-11 7.223002285172697e-7 5.044979989321519e-10 5.176200440493162e-10 -2.9448473979122887e-12 9507.350780127954 7.387780849071662e8
17100 396516.82148881984 23.23863195279948 7.901522725937353e-8 5.795704549096181e-11 3.506197794907758e-11 6.935813416930614e-7 4.965867717032779e-10 4.950646143031534e-10 -3.4580077466244585e-12 9507.350780127945 7.387780849071587e8
17150 397679.7571895624 23.27924729469823 7.888034911813492e-8 5.825149150539884e-11 3.5172624813008245e-11 6.959130587347317e-7 4.842130585380744e-10 4.990635474322325e-10 -2.0018279520604982e-12 9507.350780127977 7.387780849071612e8
17200 398844.73030439 23.3011563963193 7.879785173362468e-8 5.856644317903385e-11 3.524523476307299e-11 7.034391273919027e-7 5.068429564936139e-10 4.90072454839563e-10 -1.4958295764276213e-12 9507.35078012798 7.387780849071487e8
17250 400008.6297945626 23.256958312257236 7.878751349913759e-8 5.886113436021172e-11 3.5241468773762e-11 7.016496965661645e-7 6.116121498145333e-10 5.620542364859205e-10 -1.0604429714630373e-12 9507.35078012804 7.387780849071592e8
17300 401170.51221633545 23.220346388826894 7.887013970029442e-8 5.910344418587227e-11 3.511245017666678e-11 6.984687388467137e-7 7.002388668908566e-10 6.384931472425137e-10 -7.896003527888306e-13 9507.350780127988 7.387780849071604e8
17350 402330.7602498024 23.191445900810432 7.899167322029891e-8 5.928155501087523e-11 3.482639731355752e-11 6.978561941650696e-7 7.298744941763857e-10 6.584245926255505e-10 -2.622877844578281e-12 9507.350780127928 7.387780849071611e8
17400 403489.76177410077 23.170340787170485 7.915940478241189e-8 5.939641763168103e-11 3.438200380072207e-11 6.950535862415563e-7 6.965089338617503e-10 6.164031784994251e-10 -1.892913218042653e-12 9507.350780128016 7.387780849071596e8
17450 404647.9078632728 23.157076060330795 7.934767447008456e-8 5.945653366527579e-11 3.3821829957272615e-11 6.88766704115551e-7 6.121745887988084e-10 5.551043236184938e-10 -2.359952929770068e-12 9507.350780127981 7.387780849071605e8
17500 405805.59089487465 23.151659908092842 7.953408120962866e-8 5.947543082743423e-11 3.3213699301106736e-11 7.063695193210151e-7 6.270776953254398e-10 4.835536832059617e-10 -1.8633794120546886e-12 9507.350780127928 7.387780849071637e8
17550 406963.2027553163 23.154065464505216 7.973873687797831e-8 5.947215288196979e-11 3.2629359281774694e-11 7.34559307602467e-7 6.276842656749437e-10 4.095494221534324e-10 -5.146775536481063e-13 9507.350780127987 7.387780849071637e8
17600 408121.13312501635 23.164232237320093 7.995431654736877e-8 5.94632864598384e-11 3.212894025577269e-11 7.595851911901264e-7 5.916944434414262e-10 4.0728065364703525e-10 -1.0353372979884124e-12 9507.350780127963 7.387780849071587e8
17650 409279.76782609033 23.182067188933235 8.016278002964503e-8 5.945858561100608e-11 3.1751964755669514e-11 7.811622708686627e-7 5.239833844594699e-10 3.954934713057412e-10 -4.3392683365398233e-13 9507.35078012801 7.387780849071672e8
17700 410438.429903994 23.164951734843182 8.034139770643468e-8 5.946729735875005e-11 3.150733617956752e-11 7.948344773467397e-7 4.370009909493433e-10 3.8717271055865865e-10 -1.1360361519020653e-12 9507.350780127983 7.387780849071652e8
17750 411596.3761367189 23.15439421689796 8.04063878300745e-8 5.950414396766635e-11 3.136675214299152e-11 8.018896551220678e-7 4.395925568001502e-10 4.311660473099721e-10 -1.972801476429661e-12 9507.350780127988 7.387780849071567e8
17800 412753.99198102363 23.151594114814223 8.031120957384044e-8 5.958597489431628e-11 3.128781875770601e-11 7.987034678080818e-7 4.5585291097438585e-10 4.713189560856534e-10 -1.6169434517734235e-12 9507.350780128003 7.387780849071578e8
17850 413911.6670261892 23.156613434708742 8.009133549706997e-8 5.97268663545285e-11 3.12322001353391e-11 7.862206530262483e-7 4.6252734975382737e-10 4.980284240563293e-10 -1.8737947607024446e-12 9507.350780127963 7.387780849071612e8
17900 415069.7931110004 23.169480616546107 7.980251098810859e-8 5.993598080841554e-11 3.1176704488336795e-11 7.660034953005379e-7 4.5760255307225606e-10 5.067043173934138e-10 -1.9651977430488322e-12 9507.350780127967 7.387780849071603e8
17950 416228.76261102373 23.19018912798206 7.953134176697197e-8 6.02142087983103e-11 3.11142967757643e-11 7.414371339109493e-7 4.980744983118512e-10 5.165292360498341e-10 -2.1482055630039833e-12 9507.350780127972 7.387780849071635e8
18000 417388.96664678823 23.218695714665447 7.930394764295052e-8 6.054909002545596e-11 3.1062573597013445e-11 7.123358045646455e-7 5.063874874977614e-10 5.174814465824795e-10 -7.213321133409835e-13 9507.35078012794 7.387780849071625e8
18050 418550.79319595394 23.25491831890005 7.90899335742242e-8 6.09148891537707e-11 3.10564051607344e-11 6.952891453693155e-7 5.078204384778573e-10 5.07058783849601e-10 -2.092808318647128e-12 9507.350780127968 7.387780849071659e8
18100 419714.6250934218 23.298733689697897 7.895571742549319e-8 6.127356069834479e-11 3.111560858840812e-11 7.026787898212206e-7 5.055110496865467e-10 4.930340580244774e-10 -1.1083986875606157e-12 9507.350780128032 7.387780849071571e8
18150 420879.6281709587 23.28150875351802 7.894181072716989e-8 6.15710036227678e-11 3.1241588333782556e-11 7.076077963574789e-7 5.389697577129482e-10 4.798230701652528e-10 -1.9689448384017523e-12 9507.350780127961 7.387780849071593e8
18200 422042.62652029534 23.24050764110106 7.89649509524951e-8 6.174952608562641e-11 3.1428375599309454e-11 7.064768396958243e-7 6.399030194614852e-10 4.66047922476065e-10 -3.030044617214521e-12 9507.350780128016 7.387780849071617e8
18250 423203.76921320695 23.20715099420955 7.905037396339835e-8 6.176451943855098e-11 3.165981082451052e-11 7.017820280452725e-7 7.061535245433959e-10 4.49274173419667e-10 -1.889542701809183e-12 9507.350780127954 7.387780849071611e8
18300 424363.4413857043 23.181546256911165 7.917287445658888e-8 6.160890654375595e-11 3.191955717678682e-11 6.993386705289595e-7 7.074098806736373e-10 4.297615041615188e-10 -1.5612352282660558e-12 9507.350780127972 7.387780849071604e8
18350 425522.03250874527 23.163760593996514 7.930477470971726e-8 6.130784924592984e-11 3.219397010172313e-11 6.976297299843282e-7 6.496372606523693e-10 4.120469521140535e-10 -2.5624119631322133e-12 9507.350780127914 7.387780849071622e8
18400 426679.9344337525 23.153823173697216 7.945801164211347e-8 6.090685451636422e-11 3.2467091084812864e-11 6.923310138517991e-7 6.118321682624384e-10 4.2979281245081324e-10 -7.228131829543136e-13 9507.350780127957 7.387780849071616e8
18450 427837.53954423877 23.151727131485835 7.963737446608457e-8 6.046110913910724e-11 3.273640240156194e-11 7.211967840703437e-7 6.310559852451547e-10 4.5080111865658523e-10 -1.1007369671575413e-12 9507.350780127947 7.38778084907164e8
18500 428995.2389970686 23.157431196348554 7.984667119104697e-8 6.002646783057723e-11 3.300908145149124e-11 7.46241084925714e-7 6.151365528062058e-10 4.579858714492957e-10 -3.028975215076119e-12 9507.350780127983 7.387780849071605e8
18550 430153.4210362325 23.170860971269164 8.006346541717585e-8 5.964395348854773e-11 3.328198023176614e-11 7.661078598175664e-7 5.647958212229298e-10 4.420868671139999e-10 -2.97352544288276e-12 9507.350780127981 7.387780849071642e8
18600 431312.28740393755 23.174522077664022 8.024132711339284e-8 5.933537612363797e-11 3.354839812130344e-11 7.765224836475682e-7 4.879137371904818e-10 4.1187353527760706e-10 -1.7055005979844548e-12 9507.350780127952 7.387780849071665e8
18630 432000.0 15.80202916089911 8.029374021762906e-8 5.919069952429476e-11 3.370484773061767e-11 7.784210538375191e-7 4.4448206226732623e-10 3.9088698944311773e-10 -4.61815692750994e-12 9507.350780128001 7.387780849071611e8
