#timestep time dt l2_h l2_h_vcon1 l2_h_vcon2 linf_h linf_h_vcon1 linf_h_vcon2 dsdu_ut mass entropy 
0 0.0 100.0 0.0 0.0 0.0 0.0 0.0 0.0 4.530484857397773e-12 9507.350780128698 7.387780849070634e8
50 829.5204028914726 16.579256473875187 9.452469866210485e-6 1.999397272895117e-8 3.369154653989863e-8 8.080641759988794e-5 2.0593137506352832e-7 1.9565528663889609e-7 -2.242173387474653e-11 9507.35078012831 7.387780849071188e8
100 1657.9416632916764 16.558396374356388 9.261027550531951e-6 2.4903367481953074e-8 3.528522517012278e-8 7.305225221898581e-5 3.5011745236346314e-7 2.844172894977959e-7 -7.436915740898225e-12 9507.350780128567 7.387780849071492e8
150 2485.3667276774063 16.539092675518557 9.370353404161816e-6 2.906855895569145e-8 3.668602723699624e-8 7.048735415082774e-5 4.4587577807675416e-7 3.744559670115777e-7 -6.7161804586469e-12 9507.350780128203 7.387780849071782e8
200 3311.867622754529 16.521688940426852 9.275787116711358e-6 3.189067892930953e-8 3.754737601991017e-8 7.28347347376257e-5 4.791460019859528e-7 4.216063688167182e-7 -3.3600977738356865e-12 9507.35078012879 7.387780849071288e8
250 4137.559631922315 16.506696980425794 9.317645257237159e-6 3.371687848098293e-8 3.7814017851218884e-8 7.602946629958751e-5 4.784769007670775e-7 4.339077377402134e-7 -1.3138813350683863e-11 9507.35078012899 7.387780849071559e8
300 4962.564506816683 16.49416129488672 9.309514580881932e-6 3.526457271975093e-8 3.77559144841242e-8 7.373043922598299e-5 4.7373608413892043e-7 4.301843417042761e-7 -1.362092053471137e-11 9507.350780128607 7.387780849070848e8
350 5786.989913314024 16.48319958577436 9.31353639888197e-6 3.7005269060161775e-8 3.768509226697387e-8 7.722977170487866e-5 4.773687578563113e-7 4.286677302012265e-7 -1.3458897405959598e-11 9507.350780128681 7.387780849071342e8
400 6610.912928126551 16.47431831053229 9.326165720207544e-6 3.9015663062102754e-8 3.786158285750651e-8 7.667233444408339e-5 4.977516310233909e-7 4.464236207368799e-7 -1.3991837416623854e-11 9507.35078012887 7.387780849070941e8
450 7434.456331428752 16.4679684603017 9.329406158520497e-6 4.1097414971742555e-8 3.8262958671684524e-8 7.770826437081269e-5 5.220426606555861e-7 4.68332663983162e-7 -1.1503254225098046e-11 9507.350780128716 7.387780849071276e8
500 8257.747242844316 16.46417043109553 9.338402041062444e-6 4.304695221365817e-8 3.8720737869566305e-8 7.887518222560175e-5 5.790042454378863e-7 4.802265012315843e-7 -1.567914687101115e-11 9507.350780128301 7.387780849071678e8
550 9080.887756927226 16.46175697997226 9.340859824568236e-6 4.478151461851905e-8 3.904287454018273e-8 7.892264829933993e-5 5.901357509330296e-7 4.688100960770214e-7 -1.1861228678848022e-11 9507.350780128687 7.387780849071435e8
600 9903.963782621517 16.461712821974388 9.343317862962138e-6 4.6285641557647155e-8 3.914232126108302e-8 7.97167324435577e-5 5.590647900177714e-7 4.718097929012899e-7 -1.6953726567708103e-11 9507.350780128289 7.387780849071443e8
650 10727.103099661737 16.464237148018178 9.34333332847421e-6 4.752652936241753e-8 3.906450726854266e-8 7.968046065798262e-5 5.124122708366485e-7 4.789563345375392e-7 -1.2117353691723428e-11 9507.350780128545 7.387780849071168e8
700 11550.258692479567 16.46192105001011 9.34198482626721e-6 4.843859669760228e-8 3.893680407624314e-8 7.945322727209714e-5 5.508872731319059e-7 4.802010427351622e-7 -1.0714550794091224e-11 9507.35078012829 7.387780849071313e8
750 12373.33561831012 16.46159053948275 9.339090912355607e-6 4.896552764361397e-8 3.8899110501196587e-8 7.885910986260569e-5 5.856611471344308e-7 4.943520986455674e-7 -1.420681745892269e-11 9507.350780128045 7.387780849071889e8
800 13196.46148762596 16.463826592914085 9.33467440836869e-6 4.911560784614682e-8 3.9027330581289074e-8 7.814253626747814e-5 5.884118503551861e-7 5.063220943624103e-7 -1.2058795085252009e-11 9507.350780128452 7.387780849071084e8
850 14019.729669003449 16.46725500983773 9.32937096531112e-6 4.89978522402177e-8 3.928945821623507e-8 7.73572830894409e-5 5.747908957687287e-7 5.074279886274624e-7 -5.498054904666381e-12 9507.350780128543 7.387780849071321e8
900 14843.234272272379 16.473233664327463 9.323647929415482e-6 4.882558516121319e-8 3.9563413443844256e-8 7.665133603040886e-5 7.252101918986398e-7 5.083552963025539e-7 -1.946723020926684e-11 9507.350780128392 7.387780849071124e8
950 15667.102539613812 16.481747074465652 9.31819654147057e-6 4.887061547042499e-8 3.971773643008219e-8 7.587319691992889e-5 8.428847166896958e-7 4.948340989185951e-7 -7.1839610641413225e-12 9507.350780128982 7.38778084907115e8
1000 16491.45946903583 16.492539889132633 9.313466690981696e-6 4.934474660507719e-8 3.969852045150889e-8 7.508971430070233e-5 8.906511101969272e-7 4.635944446107487e-7 -7.893673397850195e-12 9507.35078012872 7.387780849071338e8
1050 17316.38655827948 16.50471365778601 9.309876165896429e-6 5.025577131584102e-8 3.955459912246298e-8 7.415113645947713e-5 9.181284896797592e-7 4.160299240663079e-7 -4.949156961202747e-12 9507.350780128598 7.387780849071263e8
1100 18141.9852862873 16.519349509156264 9.307516060835027e-6 5.1375661174435044e-8 3.9388458986552153e-8 7.297152728824585e-5 8.968870757186664e-7 4.0703952630671836e-7 -1.8401502387045464e-11 9507.350780128598 7.387780849071187e8
1150 18968.377675440617 16.536403918243746 9.30606310654815e-6 5.238610337907465e-8 3.9282726871461543e-8 7.149361158553802e-5 7.659446259467018e-7 4.2083425100258864e-7 -9.523975192956895e-12 9507.350780128263 7.387780849071003e8
1200 19795.681657997015 16.55554557530431 9.304796275262037e-6 5.307797502303965e-8 3.9265417834682385e-8 6.974608936616278e-5 6.590047165744295e-7 5.008010490747949e-7 -1.5971394762541108e-11 9507.350780128741 7.387780849071168e8
1250 20623.972564576987 16.576066947029457 9.303022920684812e-6 5.345868542932678e-8 3.931509342711897e-8 6.781184924875561e-5 6.207004541458616e-7 5.835994500991148e-7 -1.4673222529090335e-11 9507.350780129083 7.387780849071432e8
1300 21453.348188882257 16.598877838355094 9.300825626525545e-6 5.373853669555801e-8 3.937756790577986e-8 6.591751662199385e-5 6.162830374911721e-7 6.264444225578814e-7 -8.140693027349026e-12 9507.350780128778 7.387780849071298e8
1350 22282.975512585665 16.58160337009058 9.299369001831324e-6 5.417961313967115e-8 3.938759524372042e-8 6.714323853884707e-5 6.026857820584652e-7 6.267009609040031e-7 -1.518352746939646e-11 9507.350780128703 7.387780849070725e8
1400 23111.507901277342 16.560498414503552 9.29974739645946e-6 5.486608913264379e-8 3.9308372313936407e-8 6.871410596431815e-5 5.781437011354029e-7 6.102658973716757e-7 -8.97133341469511e-12 9507.350780128723 7.387780849071766e8
1450 23939.035568848667 16.541077563941325 9.302428126318737e-6 5.566387552763823e-8 3.914145047887259e-8 7.07485760358395e-5 5.447405841962905e-7 5.792560684447778e-7 -9.906311076119872e-12 9507.350780128398 7.387780849071643e8
1500 24765.62928353432 16.52342098289693 9.306256349349736e-6 5.6422311532170714e-8 3.8936576095533104e-8 7.277524969140359e-5 5.294139109324192e-7 5.456344656096235e-7 -6.830447168972323e-12 9507.35078012874 7.38778084907108e8
1550 25591.40133674785 16.50817106627317 9.309720495128604e-6 5.709687207578372e-8 3.876646159163436e-8 7.448334145010449e-5 5.28141265832005e-7 5.166634906572654e-7 -1.0924401415380697e-11 9507.350780128392 7.387780849071765e8
1600 26416.473242562795 16.495373017681636 9.31271464473186e-6 5.766142968170831e-8 3.8671010866939246e-8 7.567793932139466e-5 5.211450044839694e-7 4.871346894752548e-7 -1.80990593090982e-11 9507.35078012844 7.387780849071243e8
1650 27240.9570334885 16.484288780251855 9.316365764500473e-6 5.8029873634024966e-8 3.862925804994699e-8 7.675580468458065e-5 5.134392209171779e-7 4.605018402159544e-7 -1.8203566251678383e-11 9507.350780128998 7.387780849071468e8
1700 28064.9277121806 16.475140523817693 9.321495218575885e-6 5.813694514735064e-8 3.858685585341208e-8 7.722123405073944e-5 5.299821967952312e-7 4.76335625387847e-7 -1.2230724975933858e-11 9507.350780128545 7.387780849071592e8
1750 28888.505362068623 16.468521136530516 9.328118814136385e-6 5.80460745191936e-8 3.8514618321067146e-8 7.798429919603223e-5 6.318354719425656e-7 4.90099669514521e-7 -9.73785125328874e-12 9507.350780128243 7.387780849071122e8
1800 29711.816993653614 16.464451745164176 9.335591270270776e-6 5.794599860965199e-8 3.844076153793106e-8 7.874893913140113e-5 6.645785921577385e-7 4.74331744548806e-7 -1.1470578440844077e-12 9507.350780128772 7.38778084907082e8
1850 30534.970573331015 16.461912242741416 9.342665372513708e-6 5.808860830875114e-8 3.841588809395679e-8 7.93987785527861e-5 6.444867279853383e-7 4.4511355401510855e-7 -1.9769779778727747e-11 9507.35078012852 7.387780849071298e8
1900 31358.047419612685 16.461595771993068 9.34826366946572e-6 5.868878620834272e-8 3.84607360258528e-8 7.956512308737729e-5 6.061646660171505e-7 4.2878823558467616e-7 -1.185717239914538e-11 9507.350780128902 7.387780849071243e8
1950 32181.173939085736 16.463847805085887 9.35148118576255e-6 5.976520920197881e-8 3.855538351575726e-8 7.943636660456832e-5 5.478861018204384e-7 4.243278661775207e-7 -1.2530212273110185e-11 9507.350780128429 7.387780849071399e8
2000 33004.34058906716 16.462106736404404 9.35150453423792e-6 6.108982428269e-8 3.8669449313781676e-8 7.912999808468157e-5 5.643762372997685e-7 4.0910873877475495e-7 -1.0007517290304039e-11 9507.350780128902 7.387780849071333e8
2050 33827.41985312019 16.461503854331692 9.347851787268493e-6 6.226211721955034e-8 3.879412926562659e-8 7.842473519303894e-5 6.930792544324049e-7 4.320811672897662e-7 -1.5857641305415428e-11 9507.350780128714 7.387780849071602e8
2100 34650.534452025684 16.46346804288835 9.341294312921233e-6 6.284812076089956e-8 3.8946414684215007e-8 7.796290105943626e-5 7.085570432607824e-7 4.528124796787658e-7 -8.871299175514594e-12 9507.350780128778 7.387780849071331e8
2150 35473.78472532273 16.466770538413844 9.333465785804214e-6 6.258490426401422e-8 3.9150775877772205e-8 7.768574778310722e-5 6.312465048452509e-7 4.784417571568333e-7 -1.105436431672337e-11 9507.350780128621 7.387780849071065e8
2200 36297.25821004189 16.472479132064837 9.325905032568158e-6 6.154759193527858e-8 3.942097403096785e-8 7.718715005466947e-5 7.454151735863945e-7 4.968092132129343e-7 -1.4546352907085505e-11 9507.350780128581 7.387780849071338e8
2250 37121.08191365618 16.480724869601882 9.319622928731343e-6 6.016299882383103e-8 3.9754869188784045e-8 7.66082168865978e-5 8.659590267079409e-7 4.996812631441472e-7 -1.359638752234268e-11 9507.350780128603 7.387780849071058e8
2300 37945.38188280784 16.49139491726478 9.315093101669886e-6 5.90710529554243e-8 4.0141201477598544e-8 7.574097890028497e-5 9.206436928366202e-7 4.842190541864966e-7 -1.3381840864608355e-11 9507.350780128603 7.387780849070967e8
2350 38770.24499196259 16.503305336407383 9.312355430991896e-6 5.8799833945400406e-8 4.0564300962987504e-8 7.46575033190311e-5 9.584718290156502e-7 5.180619797595654e-7 -7.011589353331241e-12 9507.350780128632 7.38778084907122e8
2400 39595.76667695224 16.517682053995554 9.311214126258655e-6 5.936194185275266e-8 4.100346688094349e-8 7.317388303818007e-5 9.350331051649619e-7 5.950893798845058e-7 -6.88679637566913e-12 9507.350780128561 7.387780849071124e8
2450 40422.06918909949 16.534482258276366 9.311191755247053e-6 6.022111876913105e-8 4.143038538946815e-8 7.156356377890916e-5 7.740552012691637e-7 6.38215672088549e-7 -9.34532873892556e-12 9507.350780128758 7.387780849071256e8
2500 41249.27193619057 16.553506270986222 9.311207929547383e-6 6.075338499844734e-8 4.181329498852766e-8 6.98923552135966e-5 6.81989693163132e-7 6.411511453974228e-7 -2.2069618727661214e-11 9507.35078012833 7.387780849071661e8
2550 42077.454566226115 16.573781183115113 9.309931484541496e-6 6.068580929701319e-8 4.2130570402245356e-8 6.797238188482879e-5 6.101031049254857e-7 6.268164028933043e-7 -1.5982147533737713e-11 9507.350780128545 7.387780849071397e8
2600 42906.70976008513 16.596352362744 9.307120806640456e-6 6.018763223360666e-8 4.2382981741030176e-8 6.598463255613751e-5 6.551860556314182e-7 5.891128219692732e-7 -1.4805214093767894e-11 9507.350780128469 7.387780849071232e8
2650 43730.9199840966 16.584125046212982 9.30427198250827e-6 5.970026434686048e-8 4.25867973204729e-8 6.738338129252952e-5 6.478707463841715e-7 5.630064492390119e-7 -1.793288348992792e-11 9507.35078012876 7.387780849071406e8
2700 44559.57187160185 16.56276070255278 9.30302036300451e-6 5.9554369911594236e-8 4.2768536256689267e-8 6.847883582850045e-5 6.251420403557972e-7 5.66340995433734e-7 -1.2840927152293399e-11 9507.350780128765 7.387780849071413e8
2750 45387.20923433331 16.543215603051735 9.304573367978492e-6 5.973112200501163e-8 4.293317798463136e-8 7.014904576863046e-5 5.966570988391595e-7 5.587514615990052e-7 -1.5175486761849534e-11 9507.350780128574 7.387780849071177e8
2800 46213.90304069901 16.5252909892517 9.308149489157155e-6 6.00374576456796e-8 4.305980500418861e-8 7.211423212538648e-5 5.576709427579374e-7 5.369180955394626e-7 -4.7922827569622724e-12 9507.35078012837 7.387780849071437e8
2850 47039.761640150035 16.50976752505731 9.311748636692378e-6 6.036029971601889e-8 4.311499009080439e-8 7.387586333607032e-5 5.40143263449977e-7 5.043385712388826e-7 -1.7145630497267585e-11 9507.350780128536 7.387780849071518e8
2900 47864.90629043036 16.496691174523004 9.31474935897005e-6 6.063046110909145e-8 4.3076329993483915e-8 7.507362147407548e-5 5.343296107795936e-7 4.7359119537127015e-7 -1.0957695089720563e-11 9507.350780128765 7.387780849071292e8
2950 48689.45282694754 16.48547689425001 9.318280812665723e-6 6.07529197321231e-8 4.294639594005503e-8 7.612254466948798e-5 5.201032875490341e-7 5.138942515969802e-7 -1.4923731251328277e-11 9507.350780128498 7.387780849071268e8
3000 49513.475700182345 16.476045326130446 9.3232672075563e-6 6.066101176283597e-8 4.274276988841254e-8 7.677698113184306e-5 5.192415093446812e-7 5.403250700197759e-7 -1.4447807754295189e-11 9507.350780128569 7.387780849071265e8
3050 50337.091304242516 16.469139819678784 9.329799073917422e-6 6.039983542684915e-8 4.247416995166525e-8 7.722994769210345e-5 6.324581001138085e-7 5.205900572846645e-7 -1.1910093207283183e-11 9507.35078012854 7.387780849071072e8
3100 51160.42652883378 16.46478226971058 9.337285120321425e-6 6.015508272195862e-8 4.214469467832303e-8 7.811324780959694e-5 6.724144832048751e-7 4.6986678547966676e-7 -1.0909408965753883e-11 9507.350780128749 7.387780849071301e8
3150 51983.59472773504 16.462108818864795 9.344353456628472e-6 6.020391211939746e-8 4.1785290561661585e-8 7.870032027312845e-5 6.450361373921965e-7 4.5319295427503903e-7 -7.030395036720153e-12 9507.350780128489 7.387780849071039e8
3200 52806.674027252484 16.461503039105235 9.349868772539267e-6 6.076771613568575e-8 4.14698478171259e-8 7.901558933554043e-5 6.074522156396256e-7 4.3160914353634894e-7 -1.0150036647898958e-11 9507.350780128469 7.387780849071457e8
3250 53629.78853006032 16.463465714967597 9.353136604664007e-6 6.18372994160843e-8 4.130019191359448e-8 7.915894707366533e-5 6.207880001163346e-7 4.123722838755839e-7 -1.7277608182152353e-11 9507.35078012851 7.387780849071418e8
3300 54452.96355744491 16.462335692952692 9.353215837190084e-6 6.31481157624485e-8 4.134235906843044e-8 7.90736312410445e-5 6.748347427532053e-7 4.266180179679502e-7 -1.1606288952415473e-11 9507.350780128565 7.387780849071205e8
3350 55276.04688843749 16.461443376522162 9.349578670789756e-6 6.42903297367104e-8 4.155864909108201e-8 7.8836069405952e-5 7.004093740548001e-7 4.468495732323774e-7 -1.5451958115113467e-11 9507.350780128982 7.387780849071351e8
3400 56099.15109113469 16.463118593328 9.3429690387462e-6 6.486117563916859e-8 4.181398412431628e-8 7.852811540942639e-5 7.132564032730215e-7 4.584413767494411e-7 -1.361653428088317e-11 9507.350780128505 7.38778084907132e8
3450 56922.38307172683 16.466287266580096 9.335039505472637e-6 6.464759591911229e-8 4.195044190584493e-8 7.823528244443878e-5 7.353566928713917e-7 4.6757868010782744e-7 -2.0486621061181347e-11 9507.350780128972 7.387780849071279e8
3500 57745.825061649775 16.4717086988384 9.327455038759672e-6 6.375644081841295e-8 4.187299662018166e-8 7.760247035548673e-5 8.693344883958787e-7 4.839482037333198e-7 -1.453128274258441e-11 9507.350780129202 7.387780849071282e8
3550 58569.6029715372 16.47966971892924 9.321281849116538e-6 6.261683127033711e-8 4.157906008430489e-8 7.673890104342718e-5 9.880336957479585e-7 4.95264005917484e-7 -1.3340033971499797e-11 9507.350780128601 7.387780849071338e8
3600 59393.84317841881 16.49014559537404 9.31689390213438e-6 6.18333883950478e-8 4.1162198596456645e-8 7.567003467556788e-5 1.0471761875407992e-6 4.889135842844894e-7 -5.833290668225849e-12 9507.350780128734 7.38778084907126e8
3650 60218.639790950365 16.501839341125923 9.31416509691053e-6 6.185808116937052e-8 4.079981520499879e-8 7.431047538375424e-5 1.0132874703749906e-6 4.698733286900847e-7 -1.7849630817630103e-11 9507.350780128389 7.387780849071434e8
3700 61044.08112160137 16.51594018993996 9.312907698837358e-6 6.264297364998294e-8 4.0651723901323246e-8 7.294404554158973e-5 1.047499431638954e-6 4.2514095177637046e-7 -7.256557166564973e-12 9507.350780128694 7.387780849071498e8
3750 61870.28961445877 16.532469688346183 9.312775134638726e-6 6.366451733735177e-8 4.071431069807547e-8 7.164737462517223e-5 9.415155819425536e-7 4.025633635329484e-7 -1.2479725168106357e-11 9507.350780128372 7.387780849071189e8
3800 62697.38547500419 16.55136849358359 9.312858047213076e-6 6.434913241195608e-8 4.082774490056169e-8 7.04594494891353e-5 7.840407194592558e-7 5.072053985699654e-7 -1.668740876148311e-11 9507.350780128516 7.387780849071391e8
3850 63525.45449183576 16.5713808008454 9.311831401507884e-6 6.445089773804442e-8 4.083502937951579e-8 6.869812227705552e-5 6.694535796825107e-7 6.039360527232418e-7 -9.500197193454591e-12 9507.350780128687 7.387780849071523e8
3900 64354.58311966767 16.593696457869125 9.309302357375304e-6 6.41326081074825e-8 4.067738227185344e-8 6.666374201813596e-5 5.975931947066471e-7 6.523300823957356e-7 -1.2287359376476471e-11 9507.350780128574 7.387780849071738e8
3950 65184.34917941374 16.586524598386752 9.306580289659168e-6 6.380016517008175e-8 4.040797847433698e-8 6.745703808519465e-5 5.971305760965606e-7 6.452571454929057e-7 -3.825947293331599e-12 9507.350780128561 7.387780849071504e8
4000 66013.11486610044 16.564916866127785 9.305155443401001e-6 6.375940513668294e-8 4.015176930011796e-8 6.893306795063836e-5 5.897504861129832e-7 6.334767634896821e-7 -9.731001755027284e-12 9507.350780128856 7.387780849071437e8
4050 66840.85611156283 16.54525506695735 9.306180057846078e-6 6.399808379367875e-8 3.997123033848309e-8 7.052737555568456e-5 5.714249801114235e-7 6.043327016591604e-7 -2.062727337725268e-11 9507.350780128667 7.387780849071645e8
4100 67667.6454976975 16.527078810153277 9.309144186181832e-6 6.434720423361503e-8 3.9824712087880345e-8 7.235165617203165e-5 5.435040021928295e-7 5.658312387524234e-7 -1.3629303450942581e-11 9507.350780128327 7.38778084907147e8
4150 68493.58695723383 16.51129842669995 9.312306711317898e-6 6.468542163397808e-8 3.966471838977978e-8 7.415368168040004e-5 5.403839207218653e-7 5.309323158897428e-7 -9.123007602428416e-12 9507.350780128574 7.387780849071467e8
4200 69318.80150240067 16.497960598240365 9.314916537005034e-6 6.493007489291242e-8 3.9486476105806273e-8 7.539974376413738e-5 5.361724735308826e-7 4.963542581393199e-7 -1.2283868369283182e-11 9507.35078012844 7.387780849071441e8
4250 70143.40776198429 16.4866240451508 9.318029634574205e-6 6.49808131989214e-8 3.9324692762084924e-8 7.651718533452367e-5 5.228753909847228e-7 4.7274276493425305e-7 -1.1888499121384249e-11 9507.350780128845 7.387780849071316e8
4300 70967.48121484811 16.476926174320834 9.322887773484148e-6 6.475334932820835e-8 3.922323563944463e-8 7.724455872448743e-5 5.403777105783547e-7 4.7385400403499034e-7 -1.015573179011787e-11 9507.350780128629 7.387780849071287e8
4350 71791.1340111683 16.469751649473945 9.329729784346938e-6 6.427976698711012e-8 3.9176650932773045e-8 7.750686972940457e-5 6.251231550180592e-7 4.7065269237478446e-7 -1.1757240553350031e-11 9507.350780128716 7.387780849071419e8
4400 72614.49292311947 16.465123081094923 9.337697918000577e-6 6.375453957356422e-8 3.913692109988751e-8 7.795875831106969e-5 6.743285689836398e-7 4.638108999088786e-7 -2.0537709886237693e-11 9507.350780128403 7.38778084907127e8
4450 73437.67556610133 16.462323569541937 9.34517476722954e-6 6.347214612063532e-8 3.907558886979435e-8 7.857286891521653e-5 6.479368526157714e-7 4.5274730808841923e-7 1.5421434237182082e-12 9507.350780128763 7.387780849071312e8
4500 74260.75866302484 16.461445548694055 9.35093518732271e-6 6.36957716919999e-8 3.900756479599025e-8 7.910629619800602e-5 6.110048236251941e-7 4.366195724969657e-7 -6.150454777050201e-12 9507.350780128605 7.387780849071478e8
4550 75083.86334509598 16.46313586413632 9.354333050894876e-6 6.449379865680331e-8 3.897307095788465e-8 7.935105509204732e-5 6.069694564736494e-7 4.1562786368132265e-7 -1.552957684789937e-11 9507.350780128694 7.387780849071344e8
4600 75907.04313778103 16.46258095353286 9.354486246272546e-6 6.566339481460271e-8 3.901199413022384e-8 7.93380693266954e-5 6.611342455720148e-7 4.237901333192795e-7 -1.093717937996399e-11 9507.350780128414 7.387780849071246e8
4650 76730.13178589543 16.46141624675575 9.350899448956982e-6 6.679398784123713e-8 3.913877298059865e-8 7.911931811577233e-5 6.886396368699366e-7 4.447230763648946e-7 -1.6124912031207437e-11 9507.35078012878 7.387780849071137e8
4700 77553.22769208072 16.46281942143017 9.344207619778973e-6 6.741204718363287e-8 3.933960286291234e-8 7.878095607338764e-5 7.15626815583903e-7 4.569087800332383e-7 -1.7218384990861103e-11 9507.350780128678 7.387780849071237e8
4750 78376.44314100484 16.4658620949507 9.33597507901522e-6 6.718731772605745e-8 3.959094381415979e-8 7.82408210397989e-5 7.05556976843269e-7 4.713685434198922e-7 -1.3916079952085661e-11 9507.35078012892 7.387780849071238e8
4800 79199.85696728657 16.4710130464599 9.328030111157324e-6 6.6116702232423e-8 3.9868083033651666e-8 7.749256428724038e-5 8.41197775436342e-7 4.828819961666397e-7 -8.899779433437828e-12 9507.35078012842 7.387780849071381e8
4850 80023.59324346902 16.47870582032348 9.321611434983132e-6 6.456773576215909e-8 4.0152709401329285e-8 7.664537065465993e-5 9.65597355850889e-7 4.971321313496091e-7 -9.866319444532065e-12 9507.350780128645 7.387780849071089e8
4900 80847.7784766344 16.488916402320438 9.317051555935872e-6 6.317697655696732e-8 4.044582440685933e-8 7.552322790616017e-5 1.03121190520028e-6 4.93816885605014e-7 -2.8482028793348674e-12 9507.35078012847 7.387780849071307e8
4950 81672.51335064226 16.50048828924666 9.31417471039582e-6 6.25610611816658e-8 4.0768380192746894e-8 7.445762389579613e-5 1.0116323307940434e-6 5.152837291300116e-7 -9.783567402001751e-12 9507.350780128785 7.387780849071392e8
5000 82497.88047698072 16.51432900769212 9.31274242040143e-6 6.288249498856219e-8 4.114444885050826e-8 7.299338699340296e-5 1.0426344037028912e-6 6.107061283344706e-7 -1.4599730940725e-11 9507.350780128696 7.387780849071511e8
5050 83324.001877835 16.53060315387074 9.312468282359505e-6 6.36817087620564e-8 4.157287977743408e-8 7.165443548728945e-5 9.475234898914664e-7 6.7664933067757e-7 -1.1016121838160483e-11 9507.350780128614 7.387780849071395e8
5100 84150.9980265916 16.54926264112448 9.312611310351433e-6 6.42607199877025e-8 4.201100187198221e-8 7.05194568126899e-5 7.880255092906907e-7 6.853892146052587e-7 -1.7230880663193205e-11 9507.350780128661 7.38778084907139e8
5150 84978.96123278423 16.569148399073836 9.311875733157146e-6 6.420948928186237e-8 4.239515626577746e-8 6.889847350066702e-5 6.765903162175846e-7 6.669894457855818e-7 -2.416412373132427e-11 9507.350780128674 7.387780849071568e8
5200 85807.97205996476 16.591222814863993 9.309644137019582e-6 6.360075572510225e-8 4.268124952398441e-8 6.690947998322372e-5 6.527846934112347e-7 6.100684010190704e-7 -1.5803203142774954e-11 9507.35078012849 7.38778084907129e8
5250 86632.2896517664 16.58910137503091 9.30700804441299e-6 6.287025511354062e-8 4.286605077161193e-8 6.721136560372543e-5 6.513450880873961e-7 5.766581148147765e-7 -1.3363202695960003e-11 9507.350780128745 7.387780849071027e8
5300 87461.17763457468 16.56723588607452 9.305362226729307e-6 6.243797261406102e-8 4.298818527015931e-8 6.854147068224847e-5 6.342462337549648e-7 5.879268383246483e-7 -1.079475852701919e-11 9507.350780128467 7.387780849071342e8
5350 88289.02990375661 16.547450358982676 9.306001636870339e-6 6.239459731301273e-8 4.3090517280251584e-8 7.035669159449753e-5 6.049745975289511e-7 5.761106156021434e-7 -1.1569534303882234e-11 9507.350780128761 7.387780849070791e8
5400 89115.92228001286 16.529007445477617 9.308667540400004e-6 6.256521585076737e-8 4.318795117060812e-8 7.202149890872533e-5 5.709980261947578e-7 5.511465753227363e-7 -5.93309427550463e-12 9507.35078012862 7.387780849071388e8
5450 89941.95324872018 16.512954721832436 9.311774647004075e-6 6.27930499438114e-8 4.326014575665005e-8 7.378047962447454e-5 5.412188244235949e-7 5.105227184332151e-7 -1.073654547952687e-11 9507.350780128556 7.387780849071237e8
5500 90767.24355740707 16.499339632762737 9.314459368416633e-6 6.297889350685641e-8 4.326990963744023e-8 7.515663583035348e-5 5.38475553923945e-7 4.7206893594164967e-7 -8.423944659390544e-12 9507.35078012857 7.387780849071422e8
5550 91591.91396559204 16.487873347616496 9.317603917375574e-6 6.302428821766881e-8 4.318926709555741e-8 7.61572189276194e-5 5.252508561426339e-7 5.091962993475363e-7 -1.1424097527513713e-11 9507.350780129074 7.387780849071401e8
5600 92416.04269328293 16.477892956222117 9.322443425977613e-6 6.285564988584958e-8 4.301253929234566e-8 7.691496443840151e-5 5.127548936556536e-7 5.390414381523101e-7 -3.920895485855222e-12 9507.35078012876 7.387780849071192e8
5650 93239.7365593794 16.470432936700433 9.329228969801942e-6 6.249963780928423e-8 4.274621688535233e-8 7.739952206975431e-5 6.151144660293539e-7 5.336888406759499e-7 -4.749918757687965e-12 9507.350780128676 7.387780849071424e8
5700 94063.1222068517 16.46551666460952 9.33720391197164e-6 6.21303929715772e-8 4.2401319251875566e-8 7.790581776134786e-5 6.738004456607882e-7 4.658654213507418e-7 -1.2181700889708314e-11 9507.350780128612 7.38778084907128e8
5750 94886.32093026217 16.462583266285844 9.344804658959556e-6 6.201939898787797e-8 4.201364195944591e-8 7.849256917324965e-5 6.501742779718711e-7 4.53152889878794e-7 -4.988377187410271e-12 9507.350780128636 7.387780849071157e8
5800 95709.40964190073 16.461416122964106 9.350735976061948e-6 6.239848670047178e-8 4.165744404343123e-8 7.90509611761081e-5 6.139678685457284e-7 4.3780145331240305e-7 -8.728378769682764e-12 9507.35078012843 7.387780849071548e8
5850 96532.50547387454 16.462817101291055 9.354355038943251e-6 6.329400196696646e-8 4.143576645541326e-8 7.92465348240512e-5 6.009997775002773e-7 4.1772383463367646e-7 -9.778645459963913e-12 9507.350780128603 7.387780849071736e8
5900 97355.68696518525 16.462873116847707 9.354828607227946e-6 6.447876046302027e-8 4.142944138889276e-8 7.934875293358346e-5 6.561417880135423e-7 4.2111859516191785e-7 -9.713808640323043e-12 9507.350780128703 7.38778084907158e8
5950 98178.78284329965 16.46141905499354 9.351540080954843e-6 6.557168706122169e-8 4.1622789637318605e-8 7.913765807643358e-5 6.857515124636393e-7 4.424086093024471e-7 -1.4372362704748141e-11 9507.350780128769 7.387780849071246e8
6000 99001.87151599038 16.462533167672316 9.344990621959541e-6 6.617504487158025e-8 4.1890207983652794e-8 7.885966078902129e-5 7.150578014147868e-7 4.566881469658668e-7 -7.24244117799145e-12 9507.35078012827 7.387780849071586e8
6050 99825.07014110817 16.46544198585727 9.336694039388772e-6 6.603755128974473e-8 4.2062771281911306e-8 7.831284187886922e-5 6.844319679899513e-7 4.749993218755577e-7 -1.2207918861060274e-11 9507.350780128625 7.387780849071414e8
6100 100648.45562212211 16.470305411175936 9.328531033306317e-6 6.519691413746384e-8 4.202141880353514e-8 7.750600298095378e-5 8.330866658745606e-7 4.840333197586588e-7 -1.0386520078830052e-11 9507.350780128701 7.387780849071292e8
6150 101472.14923164742 16.477712937811994 9.321882927172451e-6 6.401190250963196e-8 4.1742454441639495e-8 7.667733211746963e-5 9.618418452816968e-7 4.81299186949613e-7 -1.220749241639216e-11 9507.350780128238 7.387780849071407e8
6200 102296.27761025747 16.487641317812788 9.317188277187792e-6 6.306002544227413e-8 4.1306747335779116e-8 7.566766339550668e-5 1.041346847419078e-6 4.752460402990266e-7 -1.1057227083812863e-11 9507.350780128638 7.387780849071505e8
6250 103120.94760937378 16.499083601781344 9.314281344784415e-6 6.285321311430443e-8 4.0895142061333936e-8 7.461347922799177e-5 1.0282501521352572e-6 4.646783204886873e-7 -1.161929575409971e-11 9507.350780129016 7.387780849071041e8
6300 103946.23742309048 16.512647495226034 9.312862728384595e-6 6.346818820081389e-8 4.0699418736953075e-8 7.320113672903972e-5 1.0525351648027481e-6 4.3013102546396453e-7 -6.372841528472957e-12 9507.350780128503 7.387780849071523e8
6350 104772.26779421163 16.528649808800008 9.312569734766267e-6 6.446239426409189e-8 4.0757308440977645e-8 7.17383484243328e-5 9.837941656876126e-7 4.031761751122076e-7 -4.9808533824913645e-12 9507.350780128765 7.387780849071004e8
6400 105599.15946517287 16.547043218480283 9.312668169350635e-6 6.523163981112566e-8 4.090967252509787e-8 7.068165768941981e-5 8.160415814195687e-7 4.827962922782092e-7 -1.1356609188836536e-11 9507.350780128736 7.387780849071063e8
6450 106427.0109551765 16.566805466574923 9.311924386028658e-6 6.5433720825674e-8 4.096073016768531e-8 6.9122446802794e-5 6.772434342217082e-7 5.854018332307476e-7 -7.320217314806788e-12 9507.350780128674 7.387780849071661e8
6500 107255.89805007371 16.58862281280744 9.309663663414135e-6 6.514360087462962e-8 4.0815709586929706e-8 6.716736584166938e-5 6.18372109184584e-7 6.427547636356223e-7 -6.8863608373436716e-12 9507.350780128514 7.38778084907133e8
6550 108085.6923688441 16.591553248551502 9.306927175470798e-6 6.474269028685303e-8 4.051392316209363e-8 6.712442223033577e-5 6.169487010154739e-7 6.460901476046388e-7 -1.22292932633423e-11 9507.350780128649 7.387780849071498e8
6600 108914.696805492 16.56944585749354 9.30512489337894e-6 6.45953756976477e-8 4.02002221256208e-8 6.834314513071149e-5 6.072875908813558e-7 6.4472205529853e-7 -8.815208838918646e-12 9507.350780128818 7.38778084907155e8
6650 109742.65423109612 16.549544071531923 9.30564591102573e-6 6.475755524317074e-8 3.998964042561944e-8 7.018249993961945e-5 5.961971058510152e-7 6.030869230677638e-7 -1.3847352602595266e-11 9507.350780128447 7.387780849071443e8
6700 110569.64493185138 16.530850757103263 9.308352456408304e-6 6.506637388631604e-8 3.986444524098055e-8 7.191528356997878e-5 5.662225737168569e-7 5.738050452563925e-7 -1.5779451706324367e-11 9507.35078012883 7.38778084907105e8
6750 111395.7615636867 16.514542208065347 9.311617649101438e-6 6.537971105861852e-8 3.9753735765567024e-8 7.373413109235116e-5 5.41485891680793e-7 5.453190010662468e-7 -1.027025144770154e-11 9507.350780128565 7.387780849070927e8
6800 112221.12462122709 16.50066658656055 9.314334769819399e-6 6.561406440870637e-8 3.9613934335972295e-8 7.513640343859151e-5 5.399782789794472e-7 5.053416916034337e-7 -1.2382344541896404e-11 9507.350780128416 7.38778084907125e8
6850 113045.85608951727 16.48907831607467 9.317326672289743e-6 6.568276141589981e-8 3.9449971011858064e-8 7.608043347318016e-5 5.274457803849941e-7 4.7534089619993836e-7 -1.3473601610579262e-11 9507.350780128345 7.387780849071298e8
6900 113870.03830583263 16.478832305316555 9.321918963053504e-6 6.550303139929096e-8 3.930684706328968e-8 7.683556782467349e-5 5.363256967427787e-7 4.7631859012575717e-7 -1.329386762692153e-11 9507.350780128816 7.387780849071432e8
6950 114693.77230317796 16.471103788384536 9.328487376529764e-6 6.50852365748244e-8 3.921092021499708e-8 7.726233548055461e-5 6.041210598439761e-7 4.7104546330167807e-7 -1.674946094769562e-11 9507.350780128567 7.387780849071851e8
7000 115517.1845990977 16.46591686539475 9.336378861322973e-6 6.45924061029879e-8 3.914277035999276e-8 7.776674624437874e-5 6.717211089579678e-7 4.6355085236982063e-7 -1.681571930939023e-11 9507.35078012847 7.387780849071063e8
7050 116340.39914380635 16.462857467067156 9.344050486608017e-6 6.428839214533974e-8 3.908102234235027e-8 7.84446315265086e-5 6.522341609027649e-7 4.543448053340171e-7 -7.407669880783934e-12 9507.350780128625 7.387780849071001e8
7100 117163.49462941696 16.46141821469597 9.350112035583563e-6 6.442603302044719e-8 3.903256671187592e-8 7.89867992807558e-5 6.168656438987341e-7 4.4080571282023584e-7 -1.4435443251987617e-11 9507.350780128942 7.387780849071537e8
7150 117986.58361952909 16.462546795714594 9.353977062142372e-6 6.510157602099868e-8 3.90216710426561e-8 7.916756158010685e-5 5.939174427815885e-7 4.208187882603909e-7 -1.1922907494147498e-11 9507.350780128347 7.387780849071674e8
7200 118809.7635848668 16.46317792579002 9.354891935906925e-6 6.616215317726468e-8 3.9071459652860415e-8 7.9387610185222e-5 6.501014486737233e-7 4.2072679484750353e-7 -8.894942340607418e-12 9507.350780128647 7.387780849071182e8
7250 119632.86775848403 16.46145148559068 9.352125074552962e-6 6.725098719601846e-8 3.918704506768196e-8 7.916460481283139e-5 6.821277307444973e-7 4.4522889097731166e-7 -1.2230977474491908e-11 9507.350780128565 7.387780849071687e8
7300 120455.95110968841 16.462293414024245 9.346010265026759e-6 6.792841277030746e-8 3.9353491679580684e-8 7.900255786807975e-5 7.162855109044131e-7 4.6060872838094014e-7 -1.0679392740515607e-11 9507.350780128529 7.387780849071308e8
7350 121279.13458035717 16.465076190514335 9.337938653462312e-6 6.78440095782497e-8 3.95571346319502e-8 7.815223784746195e-5 6.755578496608905e-7 4.713785797250125e-7 -2.00671051018708e-11 9507.35078012842 7.38778084907172e8
7400 122102.4948574186 16.469668750461935 9.32972692171791e-6 6.692448817821341e-8 3.9795329724342676e-8 7.764939437038265e-5 8.251092840083629e-7 4.831984542486012e-7 -1.2773183114330094e-11 9507.35078012858 7.387780849071473e8
7450 122926.14976949409 16.476807481207214 9.322839236483074e-6 6.545212248079666e-8 4.0071679773463884e-8 7.666386363780475e-5 9.59432326474996e-7 4.821067693949743e-7 -8.649448575958347e-12 9507.350780128605 7.387780849071461e8
7500 123750.22607899005 16.486469854542495 9.317884129523803e-6 6.400021631448451e-8 4.039343154829443e-8 7.575544236715359e-5 1.0474334093402149e-6 4.779993505454883e-7 -1.7695005618435045e-11 9507.350780128569 7.387780849071473e8
7550 124574.83567258231 16.497789993942554 9.314748486592316e-6 6.31987222138556e-8 4.076533713766489e-8 7.456736966560129e-5 1.0358913296037997e-6 5.052806664185283e-7 -9.74242279038534e-12 9507.350780128541 7.387780849071244e8
7600 125400.05413074367 16.51109281267166 9.313172528660614e-6 6.332303111014051e-8 4.1180686709623e-8 7.328918786697614e-5 1.0549780964375088e-6 5.98683311481274e-7 -1.7626220596012538e-11 9507.35078012834 7.387780849071025e8
7650 126226.00020745822 16.526838674065356 9.312834759871967e-6 6.40403641600131e-8 4.1613565356351315e-8 7.215363757495652e-5 1.0120440077088233e-6 6.56239417806681e-7 -1.0674491079726718e-11 9507.350780128563 7.387780849071448e8
7700 127052.79489461452 16.54498097315334 9.313027014168353e-6 6.468067091238555e-8 4.2019463099772824e-8 7.102835729710932e-5 8.388653385260625e-7 6.728697161673125e-7 -1.6187453001502226e-11 9507.35078012859 7.387780849071304e8
7750 127880.54185515404 16.564626723924384 9.312460746960284e-6 6.47659977041464e-8 4.2355888448447634e-8 6.931230041118397e-5 6.864753148150271e-7 6.681192932234126e-7 -8.653272219565036e-12 9507.350780128243 7.387780849071355e8
7800 128709.31379456431 16.58620132176371 9.31032111806268e-6 6.427228522953871e-8 4.260951201339089e-8 6.733678469572624e-5 6.387962883103171e-7 6.27436554045957e-7 -1.2343400475704033e-11 9507.350780128336 7.387780849071478e8
7850 129539.08198710227 16.594030354269673 9.307468232559582e-6 6.356252782809376e-8 4.280022601170369e-8 6.695994829897245e-5 6.489257153852179e-7 5.769260350563243e-7 -1.806654948409077e-11 9507.350780128514 7.387780849071814e8
7900 130362.75745781686 16.571821254260566 9.305394745477618e-6 6.308479552932258e-8 4.296064789401385e-8 6.824060710641788e-5 6.469944060505384e-7 5.956480303437317e-7 -9.777507795568732e-12 9507.350780128845 7.387780849071522e8
7950 131190.82724126792 16.551760000862 9.305544713660391e-6 6.298444922315132e-8 4.3116575581988697e-8 6.99879740295728e-5 6.073598428635307e-7 5.896211705547216e-7 -1.2105364183127939e-11 9507.35078012869 7.387780849071434e8
8000 132017.9238028308 16.532837713534686 9.308049761095363e-6 6.311188099184476e-8 4.3254911181721304e-8 7.186627476585272e-5 5.747657785271088e-7 5.603498874906521e-7 -1.67165115759743e-11 9507.350780128598 7.3877808490715e8
8050 132844.1328923656 16.51625807070295 9.311372275153812e-6 6.329429412119385e-8 4.3338506947834206e-8 7.360325344052399e-5 5.470838790877508e-7 5.158894663126468e-7 -1.8877322024939404e-11 9507.35078012889 7.387780849071149e8
8100 133669.5747200544 16.502106269554403 9.314191391259962e-6 6.344078973727359e-8 4.333326257002996e-8 7.49820487726538e-5 5.425308859940969e-7 4.7542774933573284e-7 -9.799390724741748e-12 9507.350780128392 7.387780849071444e8
8150 134494.37173629273 16.490388595555697 9.317101519222247e-6 6.347629899944516e-8 4.3230234617538415e-8 7.593092345814512e-5 5.30975870383088e-7 5.007638836929118e-7 -1.1357401054945844e-11 9507.350780129002 7.387780849071163e8
8200 135318.6122979399 16.479860886364047 9.321458456363936e-6 6.332976163231872e-8 4.304596037176661e-8 7.68302122651221e-5 5.147741903854808e-7 5.321662559509832e-7 -1.9466788688272078e-11 9507.350780128741 7.387780849071622e8
8250 136142.39047245312 16.471847531423954 9.327761907429807e-6 6.300121341598258e-8 4.279879890437245e-8 7.719169616393629e-5 5.896845483022162e-7 5.407039180838069e-7 -1.5401253078293087e-11 9507.350780128652 7.387780849071109e8
8300 136965.83263989355 16.466373395557557 9.335477172477383e-6 6.263033398861586e-8 4.2491329439236276e-8 7.771821560709213e-5 6.666471623617554e-7 4.856715243306553e-7 -2.0191111657652672e-11 9507.350780128578 7.387780849071188e8
8350 137789.06472358594 16.463180202137185 9.343167867076539e-6 6.246621753872109e-8 4.213368603798478e-8 7.83640791723883e-5 6.551808127142067e-7 4.565119327004652e-7 -9.239076173095345e-12 9507.350780128694 7.38778084907129e8
8400 138612.1689822079 16.461452049798993 9.349367110995e-6 6.27496173213591e-8 4.1776192391311584e-8 7.891026621109631e-5 6.196719875006806e-7 4.4232374118990947e-7 -1.9730125928648943e-11 9507.35078012884 7.387780849071414e8
8450 139435.25228731704 16.462291346438253 9.35346554102749e-6 6.3551640817155e-8 4.1513187727990215e-8 7.919299059722107e-5 5.965637028815252e-7 4.2234418540232355e-7 -3.2895013188007883e-13 9507.350780128469 7.387780849070867e8
8500 140258.42727683575 16.46353323525923 9.354772198802211e-6 6.468772736279831e-8 4.144199873153674e-8 7.931392929094727e-5 6.53949720597069e-7 4.185338738360578e-7 -7.1529112497512694e-12 9507.350780128347 7.387780849070896e8
8550 141081.54184130693 16.46151755138564 9.352482863989747e-6 6.579967681999013e-8 4.158224474205897e-8 7.919339805084746e-5 6.884571117637961e-7 4.4274753341344564e-7 -7.426575295270173e-12 9507.350780128632 7.38778084907129e8
8600 141904.62112114203 16.46207036100336 9.346782211217499e-6 6.649369819645417e-8 4.183756286185439e-8 7.888537516009819e-5 7.177885992248889e-7 4.6016459365194606e-7 -7.06465850175448e-12 9507.350780128727 7.387780849071295e8
8650 142727.78923485635 16.46471927398664 9.338931180158498e-6 6.64885120060118e-8 4.204377719112499e-8 7.841915180506476e-5 6.846407520910702e-7 4.655891950866575e-7 -7.460675074472295e-12 9507.350780128801 7.387780849071399e8
8700 143551.12431872147 16.469023983818936 9.330704311653182e-6 6.576189130040594e-8 4.206330246546702e-8 7.764382803543413e-5 8.186336546422979e-7 4.7595362628882754e-7 -1.3445737926554678e-11 9507.350780129178 7.387780849071524e8
8750 144374.73969571377 16.475876974807033 9.323641781806222e-6 6.460811448632106e-8 4.184564250470535e-8 7.689881567785051e-5 9.615667013740392e-7 4.82167456627991e-7 -2.5487532898014248e-12 9507.350780128967 7.387780849071246e8
8800 145198.7622533187 16.485256485783722 9.318439722850045e-6 6.356859437008355e-8 4.144137021996843e-8 7.583797491861333e-5 1.0437405557617296e-6 4.801161057610415e-7 -1.1534014238986927e-11 9507.350780128687 7.38778084907164e8
8850 146023.3084071284 16.49644677006492 9.315075037287358e-6 6.319244863579872e-8 4.100833030731441e-8 7.484543289137946e-5 1.0489431288007722e-6 4.6709935097588584e-7 -1.4178760175719373e-11 9507.350780128734 7.387780849071418e8
8900 146848.45260308444 16.509471843704244 9.3133205868842e-6 6.366420217661047e-8 4.074828027086912e-8 7.35109640572773e-5 1.0647355583870421e-6 4.4229984585975046e-7 -4.3143395107715654e-12 9507.350780128607 7.387780849071294e8
8950 147674.31065019127 16.524944784172188 9.312885246780431e-6 6.463002796888324e-8 4.0747431039466305e-8 7.208265128610947e-5 1.0215875665409158e-6 3.9889903380441183e-7 -1.1391876067166823e-11 9507.35078012824 7.387780849070944e8
9000 148501.00380095458 16.542819748377262 9.313102658879744e-6 6.548108124814511e-8 4.08864041428912e-8 7.105988674993569e-5 8.64276099576955e-7 4.5606811571730077e-7 -1.5783632993902153e-11 9507.35078012864 7.387780849071369e8
9050 149328.64042650873 16.562341527578315 9.312729748340772e-6 6.580326229367239e-8 4.0967366484646044e-8 6.95590108534816e-5 6.94810662338341e-7 5.658055233226378e-7 -1.2261555645147241e-11 9507.350780128794 7.387780849071348e8
9100 150157.29148261287 16.58365754489997 9.310743366362378e-6 6.559075645060564e-8 4.0870579303074004e-8 6.759698271707748e-5 6.325731652934152e-7 6.348474625994527e-7 -1.3322214710626018e-11 9507.35078012854 7.387780849071525e8
9150 150987.00362212016 16.59668856038769 9.307824971223788e-6 6.518115185288594e-8 4.0603792661706047e-8 6.690973623335594e-5 6.22254900051189e-7 6.507312155790146e-7 -1.9380509263919094e-11 9507.350780128481 7.387780849071474e8
9200 151816.25222434348 16.574084694789455 9.305530303314489e-6 6.497090277341089e-8 4.028875070301314e-8 6.805100656492868e-5 6.03280706945597e-7 6.494165085690895e-7 -1.4238050223340112e-11 9507.350780128669 7.387780849071732e8
9250 152644.42890615258 16.553776382978352 9.305341478657434e-6 6.508409658262275e-8 4.005602656031945e-8 6.977871248636802e-5 5.952377654105945e-7 6.080315038126116e-7 -1.3638869858815856e-11 9507.350780128801 7.387780849071339e8
9300 153471.6260496405 16.534736270561883 9.30764385845749e-6 6.537687107623097e-8 3.9912518001225994e-8 7.154669197007024e-5 5.647957766474754e-7 5.78374158788364e-7 -4.48719031373965e-12 9507.35078012865 7.387780849071199e8
9350 154297.9235938873 16.517901925782365 9.310999430329566e-6 6.568741494690102e-8 3.979414525208615e-8 7.34942088911339e-5 5.409379779663936e-7 5.547499579705573e-7 -1.3667713504072722e-11 9507.350780129083 7.38778084907124e8
9400 155123.44101412594 16.50349055683404 9.313928344229295e-6 6.592495993141044e-8 3.96561492407463e-8 7.494329611290595e-5 5.430783689419627e-7 5.167606782485734e-7 -1.3928509785142052e-11 9507.350780128872 7.387780849071549e8
9450 155948.30058065662 16.491545041935733 9.316812082152997e-6 6.600936763305337e-8 3.9495910027895094e-8 7.590782479383051e-5 5.324544396501096e-7 4.797862964700528e-7 -7.462810887414445e-12 9507.350780128492 7.38778084907129e8
9500 156772.59737336816 16.480858584591445 9.32098625127832e-6 6.585585533803402e-8 3.934991480057521e-8 7.675213942093251e-5 5.276958390254549e-7 4.750306417111716e-7 -1.639768735120097e-11 9507.350780128694 7.387780849071155e8
9550 157596.4186118338 16.47257730415633 9.327066589480705e-6 6.545133691528102e-8 3.924664278806183e-8 7.715654987805465e-5 5.771315656488696e-7 4.7244814949110037e-7 -1.6828696975474947e-11 9507.350780128554 7.387780849071076e8
9600 158419.89038493484 16.4668329286346 9.334657699159434e-6 6.492972079931534e-8 3.917125297318955e-8 7.765041209495394e-5 6.626247861518664e-7 4.665769961498256e-7 -4.194515139967876e-12 9507.350780128436 7.387780849071163e8
9650 159243.13966806952 16.463513788882427 9.342406047667665e-6 6.454356274269455e-8 3.910283267384784e-8 7.832898882043082e-5 6.60816061426317e-7 4.5739607301698015e-7 -8.264530931683167e-12 9507.350780128803 7.387780849071376e8
9700 160066.25367461416 16.46151368468292 9.34881258717897e-6 6.456322603522005e-8 3.904920299048927e-8 7.887302786002692e-5 6.221470494338632e-7 4.4356382788990345e-7 -1.6084758538501562e-11 9507.350780128741 7.387780849071149e8
9750 160889.3331157251 16.46208058624403 9.353185317538489e-6 6.513019729383729e-8 3.903424890786731e-8 7.918423057162727e-5 5.893800687495343e-7 4.245712101891286e-7 -1.8958614984166086e-11 9507.350780128374 7.387780849071519e8
9800 161712.5002884952 16.463897559665174 9.354853862056795e-6 6.613758466368484e-8 3.907728890284565e-8 7.930189462967974e-5 6.48476807807441e-7 4.154756235719148e-7 -1.7108873190185672e-11 9507.35078012825 7.387780849071375e8
9850 162535.62612619862 16.46160954789112 9.352937801369483e-6 6.725609617591814e-8 3.918116571478171e-8 7.921656242615427e-5 6.864499018099934e-7 4.4020452427684376e-7 -1.074496517421764e-11 9507.350780128823 7.387780849071192e8
9900 163358.70306074116 16.461890065347948 9.347514230717958e-6 6.805045417389062e-8 3.933200098996388e-8 7.891395625847508e-5 7.162988806541648e-7 4.587288718882476e-7 -1.4099048226596773e-11 9507.350780129018 7.387780849071304e8
9950 164181.85739896636 16.46441291154853 9.33976766070672e-6 6.813675601066207e-8 3.95184605886322e-8 7.848297013879346e-5 6.831048735556067e-7 4.654901957223956e-7 -1.3346142037554192e-11 9507.3507801284 7.387780849071407e8
10000 165005.17024217904 16.46844640249443 9.331458482287239e-6 6.73740460182715e-8 3.9742256437100806e-8 7.771244509058306e-5 7.977915217338705e-7 4.760170551065812e-7 -6.909135244069936e-12 9507.350780128245 7.387780849071472e8
10050 165828.749863243 16.475030083195787 9.324200820532296e-6 6.597371055886327e-8 4.000961105150665e-8 7.698805029576761e-5 9.483697742673769e-7 4.802718830410058e-7 -2.3780669388134585e-11 9507.350780128723 7.38778084907149e8
10100 166652.7232634489 16.484142913126508 9.31881320586903e-6 6.446268151156346e-8 4.032656686367035e-8 7.595386614411836e-5 1.032225355412919e-6 4.801141599841685e-7 -8.59255363016747e-12 9507.350780128725 7.387780849071107e8
10150 167477.21034778265 16.49521078964608 9.315302740290896e-6 6.34896229584702e-8 4.0695635552950085e-8 7.497492924812832e-5 1.0527607550159246e-6 4.81160900234201e-7 -6.865591522235228e-12 9507.35078012845 7.387780849071556e8
10200 168302.2860469424 16.50797387651563 9.313417189190236e-6 6.343649823346235e-8 4.1108987232491565e-8 7.368434580712346e-5 1.0591459584929908e-6 5.7363286831702e-7 -1.7302568955376402e-11 9507.350780128774 7.387780849071175e8
10250 169128.06260881745 16.523189296105503 9.312877922385355e-6 6.409079618227851e-8 4.1542160088074996e-8 7.219715985229413e-5 1.0297511767731748e-6 6.439565852778273e-7 -9.495979291940653e-12 9507.350780128509 7.387780849071342e8
10300 169954.66152746542 16.540811921888544 9.313083394787638e-6 6.480516559440303e-8 4.195336965979859e-8 7.107235364856024e-5 8.708752190500491e-7 6.761277780986674e-7 -1.4059279688747378e-11 9507.350780128627 7.387780849071208e8
10350 170782.19489906056 16.560216743957834 9.312826116707358e-6 6.502428200606464e-8 4.229979628242895e-8 6.967026001802878e-5 7.070347498583374e-7 6.74451960391842e-7 -4.521690333518326e-12 9507.350780128627 7.387780849071124e8
10400 171610.7334608233 16.581288544132857 9.311009707350027e-6 6.462453432546254e-8 4.2564629438422085e-8 6.782367859159422e-5 6.294061023481845e-7 6.348316065052373e-7 -1.4429950084684466e-11 9507.350780128607 7.387780849071386e8
10450 172440.3659015733 16.599217450907112 9.3080791358622e-6 6.390524311856617e-8 4.2764952666739255e-8 6.669293111372099e-5 6.510019114891463e-7 5.768072122158685e-7 -7.393779139709773e-12 9507.350780128854 7.387780849071028e8
10500 173264.30985022176 16.57651610540313 9.305664013603115e-6 6.333538286569348e-8 4.2931988243349925e-8 6.791601322220231e-5 6.507295400304258e-7 5.979727518701239e-7 -1.9804160743387242e-11 9507.35078012862 7.387780849071474e8
10550 174092.60146079917 16.555946223039623 9.305186615191365e-6 6.314514060400209e-8 4.3094454416349755e-8 6.959260235817055e-5 6.122228137783736e-7 5.96262795471425e-7 -8.563157305920139e-12 9507.350780128574 7.387780849071137e8
10600 174919.9060765208 16.536781237095763 9.30725556588091e-6 6.32302815460719e-8 4.3243678020379576e-8 7.132487235139706e-5 5.817829267229513e-7 5.74221454885393e-7 -2.3181365122529008e-11 9507.350780128587 7.387780849071758e8
10650 175746.29901233246 16.51967707979504 9.310608625258812e-6 6.340239955213445e-8 4.3343756210226215e-8 7.318205280171242e-5 5.573853147922136e-7 5.285236236995949e-7 -1.1295304776460551e-11 9507.350780128678 7.387780849071257e8
10700 176571.89819643967 16.504990647461 9.31363143650293e-6 6.355719802689493e-8 4.335773253469779e-8 7.468629951290495e-5 5.435176317902801e-7 4.859018156166961e-7 -9.681241381690281e-12 9507.350780128749 7.387780849071066e8
10750 177396.82565599537 16.492765578383484 9.316469548419891e-6 6.361855136834976e-8 4.327213065634851e-8 7.576998700642434e-5 5.339327806552774e-7 4.897402305914511e-7 -1.7665572321291405e-11 9507.350780128452 7.387780849071364e8
10800 178221.18290568967 16.481948780204217 9.32047442242592e-6 6.350816616860688e-8 4.310141165328787e-8 7.669817046007665e-5 5.178502870961665e-7 5.242845064756807e-7 -1.5760458765386187e-11 9507.350780128409 7.38778084907117e8
10850 179045.05142036764 16.473383352941244 9.326343028743892e-6 6.320328159327172e-8 4.286700813627851e-8 7.707604095230636e-5 5.627556376452958e-7 5.440395121070196e-7 -6.352687590729302e-12 9507.350780128743 7.387780849071339e8
10900 179868.55619436078 16.46735228971401 9.333823272210231e-6 6.281282066222373e-8 4.257416881824214e-8 7.7556225051012e-5 6.571677069189263e-7 5.016133601820627e-7 -1.7468769542797604e-11 9507.350780128636 7.38778084907101e8
10950 180691.82447283188 16.46387514466552 9.34162382923997e-6 6.256927523077433e-8 4.2226804854874807e-8 7.825935676919471e-5 6.657026903056362e-7 4.585259887335269e-7 -1.6884316834956693e-11 9507.350780128705 7.387780849071416e8
11000 181514.95040688396 16.46161072228323 9.348207589720305e-6 6.273056352064565e-8 4.1863824116722444e-8 7.880830571593833e-5 6.260114595590949e-7 4.452607988980617e-7 -1.1216614248468523e-11 9507.35078012856 7.387780849071783e8
11050 182338.0273260977 16.461888428703514 9.352808530390034e-6 6.342087947551193e-8 4.1570973566152564e-8 7.916469189694908e-5 5.813122090359002e-7 4.2692014279310797e-7 -1.4871680353220875e-11 9507.35078012871 7.387780849071647e8
11100 183161.18285327408 16.46431594761288 9.354804474992834e-6 6.450747718204388e-8 4.145136217155787e-8 7.929575144771661e-5 6.413069084665324e-7 4.149091847871489e-7 -1.5436035360409607e-11 9507.350780128567 7.387780849071422e8
11150 183984.32224027487 16.461738841310645 9.353292697418787e-6 6.565446747982422e-8 4.154827736215364e-8 7.924997044028714e-5 6.824095635238336e-7 4.3743917343963545e-7 -1.5491409033049422e-11 9507.350780128796 7.387780849071285e8
11200 184807.39826497433 16.46173021780694 9.348215949561385e-6 6.646394358986519e-8 4.178996340009066e-8 7.894055215729168e-5 7.118771447878203e-7 4.5725595754220194e-7 -3.838840543952414e-12 9507.35078012872 7.387780849071375e8
11250 185630.5387120811 16.46411920726466 9.34065163623757e-6 6.661726681680978e-8 4.2019921661155875e-8 7.854702539589198e-5 6.872540962987728e-7 4.654718793739576e-7 -1.0329362134896493e-11 9507.350780128523 7.387780849071298e8
11300 186453.82951610722 16.467864562020917 9.332327499666295e-6 6.602709658004025e-8 4.208795757606228e-8 7.780294117765152e-5 7.780019974923391e-7 4.765786492111346e-7 -7.620981177133317e-12 9507.350780128547 7.387780849071803e8
11350 187277.37273753746 16.474162049656673 9.324911940554053e-6 6.492150867236863e-8 4.192297070577883e-8 7.708008365625574e-5 9.352521495031851e-7 4.798549539941632e-7 -4.403681104582001e-12 9507.3507801286 7.387780849071424e8
11400 188101.29549433212 16.48299139485785 9.319312834763906e-6 6.380366099349787e-8 4.155181779293196e-8 7.606796361869783e-5 1.0238413823415726e-6 4.81343740088569e-7 -1.906857097186329e-11 9507.350780128478 7.387780849071277e8
11450 188925.72057602252 16.493929178773822 9.31560845729781e-6 6.325169036457365e-8 4.110934280230741e-8 7.509326246690762e-5 1.0604185041174219e-6 4.6567403633179794e-7 -1.946155193817537e-11 9507.350780128656 7.387780849071172e8
11500 189750.7250717257 16.506413634659125 9.31355935312159e-6 6.35567074841949e-8 4.0797401192030744e-8 7.384509058283584e-5 1.0563495069781936e-6 4.500777619487195e-7 -1.7289988478706893e-11 9507.350780128514 7.3877808490713e8
11550 190576.416614228 16.521355081891713 9.312886657217736e-6 6.447079808097524e-8 4.074121172180464e-8 7.234557733681868e-5 1.04191142380472e-6 3.9490680636689035e-7 -6.796250590180834e-12 9507.350780128541 7.387780849071182e8
11600 191402.91694990027 16.538709154502964 9.31306242024574e-6 6.539755975032254e-8 4.086369941735311e-8 7.11957213752612e-5 8.796250110520987e-7 4.2987057469190404e-7 -1.2778560696462256e-11 9507.35078012856 7.387780849071231e8
11650 192230.3413719288 16.557989566484036 9.312936047191633e-6 6.58495107401571e-8 4.096958902616784e-8 6.98557262239774e-5 7.269758763861489e-7 5.460008294377872e-7 -1.2887716651706553e-11 9507.350780128292 7.38778084907133e8
11700 193058.76191437984 16.578801309557814 9.311302877707636e-6 6.572875135945462e-8 4.091630435985916e-8 6.805304383306066e-5 6.437271897752339e-7 6.248769848227198e-7 -1.5708259018466458e-11 9507.350780128623 7.387780849071442e8
11750 193888.2814908716 16.60189450189338 9.308386170565699e-6 6.531597645748922e-8 4.0682677333918514e-8 6.653921423094289e-5 5.971874337262761e-7 6.52253672850378e-7 -1.6131630030397554e-11 9507.350780128461 7.387780849071503e8
11800 194717.7796384048 16.578832693440507 9.305826998971968e-6 6.502866135726354e-8 4.036813705047507e-8 6.780455146326858e-5 5.957408282242227e-7 6.517117414617246e-7 -1.1707763160271191e-11 9507.350780128487 7.387780849071093e8
11850 195546.1808410413 16.558017151703535 9.305083318108994e-6 6.506752048442018e-8 4.011414288767196e-8 6.940547177691769e-5 5.958663424343591e-7 6.20544944318624e-7 -1.5109221520085225e-11 9507.350780128489 7.38778084907095e8
11900 196373.58732411638 16.53873476096339 9.306924203552603e-6 6.53290298871147e-8 3.9954872320062267e-8 7.115892822184833e-5 5.75193790874895e-7 5.853113260734233e-7 -1.5859209901480702e-11 9507.350780128361 7.387780849071313e8
11950 197200.07149320783 16.521377061224225 9.310252101637055e-6 6.564023468996231e-8 3.9832562300934014e-8 7.299695766960212e-5 5.385728742979268e-7 5.599511290199644e-7 -1.270075464630039e-11 9507.350780128396 7.387780849071124e8
12000 198025.74910238912 16.506432063220753 9.313356639935719e-6 6.589812633764914e-8 3.969691697581223e-8 7.45343090784445e-5 5.440160268932459e-7 5.254743156157815e-7 -2.0375345206895254e-11 9507.350780128476 7.38778084907106e8
12050 198850.74194593064 16.49394412141859 9.316153795551573e-6 6.602294952602675e-8 3.953798700115744e-8 7.569125773443375e-5 5.355637151538417e-7 4.902106764959058e-7 -1.032617863690552e-11 9507.350780128734 7.387780849070914e8
12100 199675.15681310365 16.48300467455108 9.319955436425431e-6 6.592550567062565e-8 3.938702307307795e-8 7.661889071641781e-5 5.225719048596034e-7 4.7495211918935354e-7 -9.239783324607283e-12 9507.350780128641 7.387780849071279e8
12150 200499.07131756758 16.474171924554543 9.325603771543124e-6 6.556731454705497e-8 3.927842341409691e-8 7.707131339884654e-5 5.48638476871588e-7 4.734736487321811e-7 -1.6188142384486326e-11 9507.350780128292 7.387780849071159e8
12200 201322.60864916796 16.467871066555414 9.332938299084907e-6 6.504812790288231e-8 3.920321575584787e-8 7.752421129225695e-5 6.510291035155547e-7 4.682799561450679e-7 -1.842958563503357e-11 9507.3507801289 7.387780849071676e8
12250 202145.89594786885 16.46412237649268 9.340798424164857e-6 6.460210584489499e-8 3.913482027516004e-8 7.81996161549614e-5 6.691597524977055e-7 4.597928557892317e-7 -1.442660726820988e-11 9507.350780128414 7.387780849071375e8
12300 202969.03415864176 16.461731876112836 9.347593814277925e-6 6.450882339222107e-8 3.9073830157500425e-8 7.875543838054e-5 6.316026839314759e-7 4.470492949160132e-7 -1.2462064418055832e-11 9507.350780128678 7.387780849071134e8
12350 203792.1101913583 16.46173722243881 9.352466283340777e-6 6.495330645580813e-8 3.90441663551267e-8 7.914292655186728e-5 5.88698018333389e-7 4.2900029617598534e-7 -8.732093050094542e-12 9507.350780128763 7.387780849071592e8
12400 204615.25199037092 16.46431102079415 9.354811390094211e-6 6.588588935068803e-8 3.9069692054675434e-8 7.92833591276576e-5 6.362059221665106e-7 4.1036636344582433e-7 -1.0239340809830173e-11 9507.350780128574 7.387780849071302e8
12450 205438.40524902867 16.461890398324524 9.35370531791065e-6 6.701559777624376e-8 3.91595485768442e-8 7.92731223100418e-5 6.802615493128883e-7 4.356234200586506e-7 -1.3828456999686688e-11 9507.350780128438 7.38778084907146e8
12500 206261.48190534877 16.46160941307391 9.34895472406334e-6 6.791762304125561e-8 3.9303106995784247e-8 7.896329475443054e-5 7.053267498946525e-7 4.562631005233797e-7 -1.5744546749573732e-11 9507.35078012847 7.387780849071805e8
