N   M   resolution_km            l2_height_error          linf_height_error        l2_height_norm           linf_height_norm         l2_order linf_order
2   4   1.25098612165027248e+03  1.15789092163456733e+01  3.19361123289013449e+01  1.01973775142386385e+04  1.36320722154290870e+04  missing  missing
3   4   8.33990747766848358e+02  9.48695677295079642e-01  9.32564597791065353e+00  1.01981652548979109e+04  1.36323308799803981e+04  missing  missing
4   4   6.25493060825136240e+02  1.02065173975194365e-01  6.43890464029254872e-01  1.01981470620729997e+04  1.36323362383779295e+04  missing  missing
5   4   5.00394448660108992e+02  7.41064965802638604e-03  6.50526705367155955e-02  1.01981473936426828e+04  1.36323494599037749e+04  missing  missing
6   4   4.16995373883424179e+02  7.64850879073297957e-04  5.35031030312893563e-03  1.01981473883751933e+04  1.36323380117785673e+04  missing  missing
7   4   3.57424606185792129e+02  6.20999106966472472e-05  6.87161633322830312e-04  1.01981473884517509e+04  1.36323479432456134e+04  missing  missing
8   4   3.12746530412568120e+02  7.63728137173830356e-06  6.08060288413980743e-05  1.01981473884506213e+04  1.36323494373008598e+04  missing  missing
9   4   2.77996915922282767e+02  6.41748636194454903e-07  7.08059451426379383e-06  1.01981473884507377e+04  1.36323487412471877e+04  missing  missing
10  4   2.50197224330054496e+02  8.02937402176290626e-08  7.78421053837519139e-07  1.01981473884507050e+04  1.36323494137811176e+04  missing  missing
