#timestep time dt l2_h l2_h_vcon1 l2_h_vcon2 linf_h linf_h_vcon1 linf_h_vcon2 dsdu_ut entropy h_squared 
0 0.0 100.0 0.0 0.0 0.0 0.0 0.0 0.0 2.1519805105400106e-13 7.387780845871602e8 1.0400221023860301e8
200 3298.410810726036 16.461349001109276 0.015572483575793265 9.47264782260542e-6 1.7589409678867423e-5 0.06967194994467718 0.0001176843359891877 9.570268192593545e-5 1.6923353774641593e-12 7.387780845871775e8 1.0400221023692699e8
400 6587.132817674847 16.43279843467938 0.025947177706437473 1.7952173208010746e-5 2.2722463201626934e-5 0.11367112634434307 0.0003545262440451946 0.0002660594669974259 -1.6088690041079417e-13 7.387780845871713e8 1.0400221023278865e8
600 9872.265843691806 16.42394376281633 0.029110495412496024 2.319501401739248e-5 2.4186113340400415e-5 0.11633390074348426 0.0005066927484393968 0.0004951726061953252 -6.839770450244465e-13 7.387780845871699e8 1.0400221022781841e8
800 13157.19011322813 16.42350920019505 0.02575015631325623 2.6892892469602045e-5 2.7666853321066913e-5 0.11131077176059989 0.0006587525623875448 0.0006862614625650632 1.1179302029995952e-12 7.387780845871743e8 1.040022102233351e8
1000 16443.474155675547 16.440394368030336 0.022953268318428248 2.8906196396221088e-5 3.183725470981583e-5 0.11520568490323058 0.0008040027000163485 0.0008667311732835081 -7.842829573512886e-13 7.387780845871818e8 1.0400221022020777e8
1200 19735.551013860324 16.48678479651388 0.02691252883699068 2.973530550868028e-5 3.534495531973576e-5 0.13480968253725223 0.0009318418282882601 0.0010656143481549973 -2.7145811605283505e-13 7.387780845871679e8 1.0400221021881056e8
1400 23037.291907818748 16.493836898807086 0.03312541006708241 3.0598432424442995e-5 3.807112006951951e-5 0.1882164046814978 0.0010382756069286514 0.0012771899314398816 -1.693315578004514e-13 7.387780845871696e8 1.0400221021911728e8
1600 26330.320749354083 16.443307140968113 0.03782336026721949 3.398820835240173e-5 4.0360565051277733e-5 0.23409612838804605 0.001121629097054544 0.001468192783797062 4.877799517107193e-13 7.387780845871708e8 1.0400221022109424e8
1800 29616.94982235934 16.424524876426982 0.03762243985006358 3.8688990999911926e-5 4.273453199653839e-5 0.24641781526315754 0.001127619315890338 0.001580866806627279 -1.098988593338913e-12 7.387780845871699e8 1.0400221022425446e8
2000 32901.85743542303 16.425239992876207 0.03579075066583523 4.074007473473201e-5 4.3921527869092155e-5 0.21139760474306968 0.0010601528626198453 0.0016875380340803936 -1.1187969721297623e-12 7.387780845871723e8 1.0400221022792e8
2200 36186.8420294098 16.431371803110515 0.035618295449443754 4.1599025815962004e-5 4.464907649363235e-5 0.18871055438717121 0.0009511935618535805 0.0018602483909682666 -9.040473819675152e-13 7.387780845871736e8 1.0400221023096617e8
2400 39475.03966153063 16.456488292079765 0.03923020102725628 4.296095220992622e-5 4.492757956374333e-5 0.1918358305711081 0.0009148151437169405 0.0019156168336593726 -3.00479326973219e-13 7.387780845871723e8 1.0400221023260371e8
2600 42772.141580621894 16.520651485161775 0.04558990889418823 4.514404953795966e-5 4.5354326852552686e-5 0.20490650096144236 0.0010181158688866154 0.0019853854501957757 -2.295545429526724e-13 7.387780845871708e8 1.0400221023278998e8
2800 46071.708172592196 16.46609915935674 0.05037904251658844 4.791259949523597e-5 4.521656139550807e-5 0.2643747813651771 0.0010968254177655679 0.002050183800409222 -6.647252937865429e-13 7.387780845871754e8 1.040022102318642e8
3000 49360.995352066406 16.433699784358875 0.04969368506689962 5.2903271172670146e-5 4.4721068112543106e-5 0.26517271975671974 0.0011356027103719968 0.0020538477112712616 9.986558786535456e-13 7.387780845871704e8 1.0400221023008502e8
3200 52646.299837232385 16.423124088953564 0.044672281766902036 5.896394557516649e-5 4.4650332499967515e-5 0.25229643639249844 0.001093853881554252 0.0019911055063726035 1.195733620890248e-12 7.387780845871704e8 1.0400221022783743e8
3400 55931.24145154691 16.4230601481687 0.04178150959232811 6.312506856583246e-5 4.5130366126006774e-5 0.24612784756573092 0.0014750294080276838 0.0021520801378173138 1.41169171025386e-12 7.387780845871676e8 1.0400221022572063e8
3600 59217.25107168721 16.4382468064232 0.04280880240086913 6.482836418823275e-5 4.826579042150633e-5 0.23866439679932228 0.0014767580952955717 0.0024535249923360314 1.7000736012612563e-12 7.387780845871731e8 1.0400221022400917e8
3800 62508.51621871351 16.48087047499389 0.04377002132784776 6.574956744408426e-5 5.290624582514704e-5 0.20329110200327705 0.001628622470396579 0.002381393912726404 2.9914878131785476e-13 7.387780845871754e8 1.0400221022286262e8
4000 65810.02998446542 16.500636616301676 0.04364127565295282 6.80241081099857e-5 5.669323240545979e-5 0.2034201122514787 0.001777123892176824 0.00257735258335684 1.6763152248827374e-12 7.387780845871735e8 1.0400221022265533e8
4200 69104.05139765481 16.446407652827954 0.04397774576887593 7.103415227683965e-5 5.9366243802880445e-5 0.20481936522492106 0.0017922899217676647 0.002733691229594659 1.277063463381161e-12 7.387780845871702e8 1.040022102236237e8
4400 72391.05586309223 16.4258772758685 0.04335846083136454 7.460205888019529e-5 6.180102423912153e-5 0.2581058107643912 0.0017660717806930112 0.002813465920576484 -1.133367404283091e-12 7.387780845871751e8 1.0400221022518165e8
4600 75675.94927907878 16.42685284542804 0.04270761989638224 7.877684174213874e-5 6.271677857406035e-5 0.23722679994443752 0.0017235587925587825 0.0030162778906041854 1.404778317075041e-12 7.387780845871758e8 1.040022102265634e8
4800 78960.87157117896 16.42915166017411 0.04383724408079989 8.191263070846199e-5 6.333766176775974e-5 0.24148366517147224 0.0014900685084060505 0.003305387400219295 -1.1375227270816064e-12 7.387780845871803e8 1.0400221022723831e8
5000 82248.62801839718 16.452552523728706 0.048010996548796654 8.252972691105192e-5 6.49587050509932e-5 0.2488105823940714 0.0019901752513845627 0.00345103060267149 1.0647370935977302e-12 7.387780845871732e8 1.0400221022730234e8
5200 85544.57343407795 16.51308781195685 0.0485507166492671 8.311802957786941e-5 6.685578925442944e-5 0.2389028321576916 0.0021296623866438047 0.002897152833856942 -1.2447168455494565e-12 7.387780845871735e8 1.0400221022644341e8
5400 88845.05274820815 16.471193699521002 0.045346495221898764 8.535264663806153e-5 6.85197427991851e-5 0.21243373330617032 0.002368202641060857 0.00272849925377483 1.4393364286185504e-12 7.387780845871822e8 1.0400221022465505e8
5600 92134.98254365093 16.435026080049315 0.0414222909112505 8.754346601827604e-5 7.028186505714957e-5 0.19029692465574044 0.002046584310355093 0.0029618997381373746 -5.078893784214333e-13 7.387780845871807e8 1.0400221022176538e8
5800 95420.51013100141 16.422793946748268 0.04078108307679628 8.841327538785658e-5 7.153307871031666e-5 0.20024715737054066 0.001978264825800158 0.0029621109952858646 3.93696015470113e-13 7.387780845871702e8 1.0400221021781738e8
6000 98705.4499834088 16.422749600012192 0.04190378883571403 8.788028503291923e-5 7.436472749128753e-5 0.26260889615696215 0.0023928436100006945 0.0031438998687475517 -3.3841232210327297e-12 7.387780845871633e8 1.0400221021357843e8
6200 101991.17008575617 16.436227965695053 0.042064910317677146 8.678724264000789e-5 7.794395311932364e-5 0.28290396549164143 0.002198881491929039 0.0033604063923432514 3.201311991348221e-13 7.387780845871805e8 1.0400221021070093e8
6400 105281.65084441486 16.475102679181486 0.04226567416483149 8.691202016839436e-5 7.867765547383364e-5 0.2589079360859614 0.002611693855322228 0.0031465386138996854 -8.171235043615311e-13 7.387780845871751e8 1.040022102106887e8
6600 108582.67328716698 16.507760531278695 0.04204866579055973 8.835650036711888e-5 7.811894671035436e-5 0.25454394903499633 0.002665839196191344 0.0026001299778555254 8.679292894004618e-13 7.387780845871754e8 1.0400221021343665e8
6800 111877.75030491405 16.449821582501574 0.04207985336519344 9.041311063674082e-5 7.831598329334833e-5 0.1941805125029532 0.0025993550449706637 0.0028774875993230475 6.014659843042388e-13 7.387780845871694e8 1.0400221021761797e8
7000 115165.15913229669 16.427623471817835 0.04455513717734645 9.221027372269626e-5 7.688215805135102e-5 0.19266787175547506 0.0019737213758721367 0.0029947191714048693 4.4032446148745404e-16 7.387780845871831e8 1.0400221022169214e8
7200 118450.04838389721 16.428071905256992 0.04633196958218126 9.388333033106188e-5 7.586006760058613e-5 0.237804572980167 0.001848836900204931 0.0030867780787030147 -3.5387109764014784e-12 7.387780845871654e8 1.0400221022437511e8
7400 121734.93827708994 16.427099132755085 0.04572507883292724 9.532199021547993e-5 7.543506974961766e-5 0.3231426203110459 0.0020437101115696743 0.0032775200802437343 -2.574534051098085e-12 7.387780845871762e8 1.0400221022517817e8
7600 125022.24878932838 16.448780271262073 0.043720434478803874 9.647412816531062e-5 7.458462121871676e-5 0.2710376091545186 0.001943595016566435 0.0032690524722170933 -3.228401518000601e-13 7.387780845871803e8 1.0400221022390965e8
7800 128317.06635949096 16.505659369479243 0.04016134187093314 9.779221496639405e-5 7.441673047755963e-5 0.23253594336529204 0.002015542326199271 0.002683060422404071 -7.597185957628297e-13 7.387780845871805e8 1.0400221022000813e8
8000 131612.66021705404 16.476724763467477 0.037365481666915855 9.909607989612971e-5 7.662729619455248e-5 0.18545107299723895 0.0023412893367984466 0.0018556447312929603 -1.271500059532976e-12 7.38778084587163e8 1.0400221021357866e8
8200 134903.31657812823 16.43674022548214 0.03803538169065076 9.919352491399568e-5 7.801385614660528e-5 0.18872047234981437 0.002183089214013334 0.0019625128988936535 -1.471487772123856e-13 7.387780845871699e8 1.0400221020610094e8
8400 138189.10122780112 16.422793908930252 0.04395241523950582 9.711938153965399e-5 7.828156405700617e-5 0.21837475637403259 0.002131920541083243 0.002002118028021563 2.0396709705021845e-12 7.387780845871792e8 1.0400221019994408e8
8600 141474.03710147514 16.422845151379317 0.04881907554070382 9.507136057378128e-5 7.862302636947516e-5 0.23879876944943135 0.0022454930289739217 0.0024416618150815417 3.0702101690757824e-13 7.387780845871754e8 1.0400221019653702e8
8800 144759.50539227424 16.434563439728958 0.04870883443395822 9.494766898033755e-5 7.950389257095585e-5 0.2732247660514986 0.0017377927398045667 0.002342309121424191 -5.948055982106959e-13 7.387780845871704e8 1.0400221019613217e8
9000 148049.26279232564 16.469585523992205 0.04635347788602628 9.526249362127356e-5 7.931981563210193e-5 0.2480136431149731 0.0018111606654374612 0.002168825176388861 -2.1116429609593992e-14 7.387780845871701e8 1.040022101982425e8
9200 151349.52924212426 16.515219933948018 0.04509979108516952 9.530210607743295e-5 7.842575277029341e-5 0.21752807596931234 0.002095672323058295 0.001741963072229069 -7.495968765111595e-13 7.387780845871677e8 1.0400221020178148e8
9400 154645.73568527403 16.453631915954936 0.04519852981985261 9.433443947607415e-5 7.83519104168991e-5 0.24072879985305917 0.0021438445160152364 0.0019422808225422195 -7.672175127873791e-13 7.387780845871688e8 1.0400221020551486e8
9600 157933.58507281903 16.429737201610028 0.045732778588588006 9.252581193165415e-5 7.811673591960682e-5 0.24351787843261263 0.0022323361249765306 0.0025035200409446734 4.573353441072226e-13 7.38778084587173e8 1.0400221020855275e8
9800 161218.50458350632 16.42628122512512 0.04630390006064116 9.167032854092624e-5 7.689406050799442e-5 0.2290397492088232 0.0011473922022597893 0.002565760299165387 -3.789935517877004e-12 7.38778084587177e8 1.0400221021017663e8
10000 164503.4013924474 16.425414522725493 0.04643264438095349 9.100832210862151e-5 7.655930578641635e-5 0.25429667756543495 0.001825024302699374 0.0024913590586428946 6.391194691239572e-13 7.38778084587174e8 1.0400221020982273e8
10200 167790.29744311346 16.44534569821451 0.04459079124415467 9.222073913417003e-5 7.642312409842672e-5 0.2305859949101432 0.001711744047049546 0.002126416703627121 -8.013656320028213e-13 7.38778084587171e8 1.040022102073098e8
10400 171084.04732697463 16.49847557237294 0.04305951181393476 9.402218018447368e-5 7.63256690403158e-5 0.20396898288345255 0.0017564738270978708 0.001932917701437789 1.1907464677503574e-12 7.387780845871726e8 1.0400221020328721e8
10600 174385.63163116112 16.482603002943662 0.04463652566372117 9.426139507251054e-5 7.525020771220865e-5 0.21890564077057206 0.0017262828993913626 0.0015095615408411422 -1.3016565417823255e-12 7.387780845871729e8 1.0400221019880632e8
10800 177677.08740934584 16.438837511363033 0.04812587387288525 9.297851591777061e-5 7.408081913198657e-5 0.2740106563851441 0.0015387490589606756 0.0017018982294889629 -1.7709505239272933e-12 7.387780845871774e8 1.0400221019473161e8
11000 180963.15782024758 16.423150115781695 0.050712191803546094 9.180012081617009e-5 7.37990362452911e-5 0.28763357546722546 0.0018974201058787887 0.001441407065326028 -6.090989131214148e-13 7.387780845871726e8 1.0400221019182464e8
11200 184248.09381609398 16.423321686553763 0.04923989129620124 9.18585295630776e-5 7.482459094175683e-5 0.25024119183399307 0.001290603160482462 0.001383697091351721 6.593456775396744e-13 7.387780845871769e8 1.0400221019037567e8
11400 187533.34550386763 16.43326659329473 0.04546955864775581 9.247048263342104e-5 7.577838457979228e-5 0.2122297717623951 0.0010261509394716933 0.001391304122113135 -9.979398727900836e-13 7.387780845871745e8 1.0400221019038324e8
11600 190822.45384008973 16.464445530576473 0.041992859072400246 9.374221503119089e-5 7.571070522059582e-5 0.19213906484310428 0.001396282683134853 0.0012818176335180897 2.0166860336125394e-14 7.387780845871764e8 1.040022101911922e8
11800 194121.724468246 16.523113497515123 0.041527882361137594 9.42945230153207e-5 7.466759960502882e-5 0.18368895995990897 0.0012889233380073417 0.0011743532511945716 8.958879782507348e-13 7.387780845871781e8 1.0400221019236207e8
12000 197419.14409918143 16.457840143552186 0.04221944666557339 9.267809313120267e-5 7.596768652372551e-5 0.2217657438968672 0.001295308578715737 0.0011369464359156922 -3.478161210373007e-13 7.387780845871736e8 1.040022101937673e8
12200 200707.4708906225 16.432175602346135 0.042673703685827506 9.082221293814325e-5 7.674196414572803e-5 0.1924674314841468 0.0013019477806612834 0.0010503791752716762 8.134534956977422e-13 7.387780845871694e8 1.0400221019584435e8
12400 203992.49232578333 16.424878762040116 0.04300713122650348 8.990587420958718e-5 7.702327166084047e-5 0.21476655401147582 0.0012012948112414268 0.001205532498027212 1.1331616004587002e-12 7.38778084587174e8 1.0400221019856754e8
12600 207277.40370375337 16.42416865643591 0.04231589048641582 8.953540394049763e-5 7.771247407840135e-5 0.20328668358706636 0.0012713526643011175 0.0014762646708079141 3.241690701693711e-12 7.387780845871657e8 1.0400221020082876e8
12800 210563.93793342533 16.442415441243668 0.04151456588231827 8.93997745540151e-5 7.734730483142448e-5 0.1829629092221694 0.0011125722866290322 0.0014406899161170106 -3.4525458134395193e-13 7.387780845871688e8 1.0400221020131575e8
13000 213856.72641548264 16.491844802248504 0.0413362877776561 8.861288844505267e-5 7.66844948265874e-5 0.20606018649959879 0.0009808529833195134 0.0016645835760757122 -1.0795262521411675e-12 7.387780845871619e8 1.0400221019951706e8
13200 217158.50037973232 16.488775453397377 0.041248331592004174 8.698693317594026e-5 7.841512111787316e-5 0.1993050640412548 0.0011045187640965626 0.0016298115188195794 -3.391601079061295e-12 7.387780845871772e8 1.0400221019629276e8
13400 220450.81793705781 16.441256535139058 0.040675150525486516 8.57167251775596e-5 7.946943312470655e-5 0.19888777121559542 0.001555807608125015 0.0011360138171651601 -1.4785444502327377e-12 7.387780845871693e8 1.0400221019315402e8
13600 223737.1963638835 16.423807756669213 0.03759948453291766 8.511179566578794e-5 8.014845116244015e-5 0.21037725707014943 0.0011076559273686115 0.0012878172025198031 1.349330279782154e-12 7.387780845871744e8 1.0400221019070558e8
13800 227022.12908671956 16.424296298394093 0.03309540606274454 8.704666552447734e-5 7.915119684160873e-5 0.1811449135550447 0.0010054576642875013 0.0015716827149727108 -2.1927162665901414e-12 7.387780845871664e8 1.0400221018884063e8
14000 230307.22917809867 16.432612519580815 0.02955724155003727 8.932227663977956e-5 7.716666145976976e-5 0.14613648968179405 0.0015508137118176446 0.001785247167815418 1.12283886351809e-12 7.38778084587172e8 1.0400221018781199e8
14200 233595.82257109656 16.459990139607548 0.030922285640844892 8.981611655457213e-5 7.662668085681255e-5 0.18637212637008815 0.0011657261058550805 0.001818376016703982 -8.002188739487737e-13 7.387780845871685e8 1.0400221018866245e8
14400 236893.9272185664 16.52713090462067 0.03366285149593096 9.075917750426781e-5 7.669216339729151e-5 0.20154318736240384 0.0009582144158000183 0.0015900513293487517 1.1409878891480947e-12 7.387780845871719e8 1.0400221019202657e8
14600 240192.6124471248 16.462386397128636 0.034371618545646805 9.194840941547665e-5 7.805465635186409e-5 0.20701316420399962 0.0013672323607738512 0.001423457716867249 -4.688919467670879e-13 7.38778084587177e8 1.0400221019712107e8
14800 243481.46500606032 16.433067633158853 0.03305728604332875 9.310428732627532e-5 8.018116347319614e-5 0.20149802786863802 0.0016100660288285162 0.001611909200679662 -1.4142159180906913e-12 7.387780845871753e8 1.0400221020184658e8
15000 246766.6555204857 16.423908611100533 0.030683587720849365 9.330326605414003e-5 8.204312393590424e-5 0.1816364087230795 0.0012760197132777318 0.0014346836402649998 -9.941509286603385e-13 7.387780845871702e8 1.040022102039981e8
15200 250051.58474011035 16.423333509664634 0.03039298979692793 9.214257583999258e-5 8.284643186941614e-5 0.1826018830299745 0.0013156190395864353 0.0016045052363162782 -7.820037996495459e-13 7.387780845871716e8 1.040022102027223e8
15400 253337.80575684784 16.439938808197294 0.032277902770417595 9.042902060925313e-5 8.479941900801118e-5 0.20219302053351385 0.0018310694570640162 0.0018618518336978584 -1.961316189807582e-12 7.387780845871792e8 1.0400221019878016e8
15600 256629.72028472778 16.485629564657714 0.03247134858593681 9.00184483788924e-5 8.667523971599147e-5 0.21922772902689758 0.0015858120398830056 0.0019614401747871657 8.716797051398266e-13 7.387780845871769e8 1.0400221019368628e8
15800 259926.1429090754 16.49533324148617 0.029767348498479933 9.098655162044637e-5 8.751060183045023e-5 0.17863950312039378 0.001114678638073685 0.0015051097640246258 5.173084929889041e-13 7.387780845871676e8 1.0400221018896043e8
16000 263219.39559468965 16.44403548612181 0.025681452524499944 9.266769025948996e-5 8.701554768346429e-5 0.20782224990352915 0.0018496213275929207 0.0013993592869769866 -1.0777994144704647e-13 7.387780845871743e8 1.0400221018555675e8
16200 266506.1211790621 16.42488853765604 0.02499961107157152 9.398950548135747e-5 8.559574116213877e-5 0.19391110010428747 0.001753031926256865 0.0018689104845355242 -2.3576771254967846e-12 7.387780845871704e8 1.040022101841103e8
16400 269791.04243537184 16.4254698066508 0.029632074393589183 9.50212739727711e-5 8.333530980016663e-5 0.2602580360078264 0.0014600235952932916 0.001573605877891654 2.6995335506705614e-13 7.387780845871743e8 1.040022101850403e8
16600 273075.9903621969 16.430797198286083 0.03678304272029726 9.466685724145567e-5 8.241845163771533e-5 0.26438900180528435 0.0022172298493126075 0.001967269222067247 -2.717223107297275e-13 7.387780845871768e8 1.0400221018852158e8
16800 276364.0816019501 16.455591889630703 0.04175669496524253 9.388312077660768e-5 8.328073199582763e-5 0.26164143609003077 0.002261732240660841 0.002504911945711341 -1.9046904640602956e-13 7.38778084587177e8 1.0400221019379596e8
17000 279660.9314532363 16.519061067715487 0.039543308427842934 9.494339569480088e-5 8.377939945231435e-5 0.2920172461963375 0.001164882641870868 0.002093424656405718 1.1125391000276444e-12 7.387780845871804e8 1.0400221019905609e8
17200 282960.7121727568 16.46718060388842 0.033216378024370385 9.694055308292439e-5 8.535640193021062e-5 0.22595514704903508 0.0016300310381713867 0.0013314188509832015 -5.264748996045646e-16 7.387780845871745e8 1.0400221020275818e8
17400 286250.1395407054 16.43400444053719 0.029612039062044394 9.816294473905173e-5 8.750242516745868e-5 0.2614599643807196 0.002224943981930405 0.001166381396041194 9.673957135692071e-13 7.387780845871726e8 1.0400221020397577e8
17600 289535.50019123795 16.42308964397527 0.03312290763349736 9.714334306086012e-5 8.903361420624247e-5 0.3161371661076373 0.00209111617323543 0.001469916000833349 -1.0300711145264953e-12 7.387780845871677e8 1.0400221020250279e8
17800 292820.43584126886 16.42288039847214 0.03595022247891614 9.60849020552434e-5 9.028773700744539e-5 0.32919891822984937 0.0014497734688392327 0.0019887858148852633 -6.35559062961995e-13 7.387780845871754e8 1.0400221019873267e8
18000 296106.36664434447 16.437717155545272 0.03720632155866876 9.575307452203187e-5 9.18566849706345e-5 0.2611370669301323 0.0026695945754813266 0.002259672079740427 -8.335648368626365e-13 7.387780845871832e8 1.0400221019432141e8
18200 299397.4426801774 16.47953263397339 0.038676622943147235 9.604254793972562e-5 9.20618990674762e-5 0.28962942089810895 0.002325270611785224 0.0026692091112030525 1.0597537693662004e-12 7.387780845871674e8 1.0400221019081144e8
18400 302698.8564776444 16.502015966785763 0.03711753987039513 9.912359664603815e-5 9.109580670178589e-5 0.25325696315530877 0.0012669220970319417 0.001918251147414507 -2.32331650186732e-12 7.387780845871717e8 1.0400221018819778e8
18600 305993.08381941204 16.44708804910552 0.03659643644047224 0.00010185613347196035 9.16266527798088e-5 0.22475002579585635 0.0019267943555389966 0.0018955731130085862 -1.3978272330795461e-12 7.38778084587174e8 1.0400221018607926e8
18800 309280.1682562991 16.42618162689434 0.04055920491587498 0.0001031004021880238 9.295915389060766e-5 0.26713341394520285 0.0019564922520545203 0.0021033337359933624 -5.293657254169388e-13 7.387780845871863e8 1.0400221018430623e8
19000 312565.056502091 16.427154926222556 0.045606094667100285 0.0001032038661602599 9.286149434013482e-5 0.29732236540485246 0.002191463090140733 0.0019510872910104005 -1.7101589458834992e-12 7.387780845871711e8 1.0400221018345961e8
19200 315849.9608315054 16.42867126215037 0.04511549810223379 0.00010334848909197722 9.248634117106355e-5 0.28812487850336765 0.00221387708465004 0.002455328731123585 6.77303257751641e-13 7.387780845871767e8 1.0400221018418188e8
19400 319137.612263076 16.451656790201778 0.04172239907649248 0.00010344909779422186 9.315118631593179e-5 0.30571500443693367 0.0021010313243972067 0.0026879442991290525 9.001610399813434e-13 7.38778084587161e8 1.0400221018678714e8
19600 322433.29931400024 16.51143637646479 0.0390697244076922 0.00010462918445327866 9.223669506356006e-5 0.3393801529018674 0.0018353437829471408 0.0025191425413099156 -3.2577692451276345e-13 7.387780845871753e8 1.0400221019016425e8
19800 325733.9097533578 16.472179409925413 0.039915738272618184 0.00010569990791582122 9.227867146654769e-5 0.24031743587011078 0.0019318907805057073 0.001696304401240134 5.35635562857684e-13 7.387780845871767e8 1.040022101927177e8
20000 329023.9669886784 16.435291716519487 0.04095556169793046 0.00010639564276242441 9.429857467184826e-5 0.21178944594248605 0.0027007703529591254 0.0018678026391419356 1.9658141999043856e-12 7.387780845871797e8 1.0400221019367868e8
20200 332309.5293186242 16.422668529465486 0.04274516437453525 0.00010693092635363287 9.671424668810813e-5 0.2855087507496137 0.0026405447215593902 0.002625740772759455 -8.071769576673656e-14 7.387780845871758e8 1.0400221019396093e8
20400 335594.46792357654 16.422828228698776 0.04369947076653913 0.00010792255378313438 9.68829590768283e-5 0.30383245410348536 0.001847247987980083 0.0028455725019849165 1.3532477316487572e-12 7.387780845871781e8 1.0400221019412634e8
20600 338880.1451961845 16.435867218189617 0.04311342411753431 0.00010832382699169168 9.685562153427378e-5 0.3596347149759822 0.002738772298980674 0.003135064252251296 -1.2336580009764902e-12 7.387780845871754e8 1.0400221019344382e8
20800 342170.46528810676 16.473876483037373 0.04357975882684568 0.00010838860077267601 9.743698881563616e-5 0.3730677767925954 0.0022381466814107576 0.00301842970557073 -1.5095088321462076e-13 7.387780845871817e8 1.0400221019061169e8
21000 345471.3353435721 16.509085830186986 0.045571446270939564 0.00011009696469227979 9.742349743746408e-5 0.30012283474206924 0.001966260094949268 0.0022999372818974795 -4.1642441549958715e-13 7.38778084587173e8 1.040022101853068e8
21200 348766.61094747233 16.450490454772716 0.047231565426942526 0.00011261351144230524 9.858525429054024e-5 0.27393456026766216 0.002438610398900254 0.0022290134241256254 7.395038740721948e-13 7.387780845871803e8 1.040022101793127e8
21400 352054.09273505106 16.427909355057448 0.04581023557071498 0.00011417331672505947 0.00010095819442276529 0.25585801983834244 0.0021848074798946904 0.0029673705828958674 3.731041463059432e-13 7.387780845871769e8 1.0400221017540926e8
21600 355338.9574819903 16.42752978268288 0.04336086679525973 0.00011561328491107957 0.00010146913067177729 0.3550304305347254 0.002221512260420777 0.0022742965928244097 7.904053818201446e-13 7.387780845871785e8 1.0400221017541385e8
21800 358623.8631606084 16.426770156414843 0.03953810401874135 0.0001168815297752771 0.0001010671528758689 0.25427452009898843 0.0027001625055971257 0.0024103457967981634 -2.109422194110158e-13 7.387780845871663e8 1.0400221017845139e8
22000 361911.0842947814 16.448006970001256 0.04076431046297852 0.00011607145768432307 0.00010231080616870905 0.3350433306841296 0.002124314765521218 0.002818134018716223 7.505196434261028e-13 7.38778084587171e8 1.040022101828461e8
22200 365205.6666534616 16.50409683050016 0.04600098278943915 0.00011683218099448646 0.0001021554806238786 0.32303371287889604 0.0027033559679564 0.002344179518679934 2.059117996066487e-12 7.387780845871782e8 1.0400221018713325e8
22400 368506.88835721987 16.47764680223579 0.04922088308498068 0.00011862990752815194 0.00010275242730745372 0.27464771518884845 0.002180904013214191 0.002368232545927773 6.220444522891459e-13 7.387780845871758e8 1.040022101905443e8
22600 371797.6656987725 16.437005309666564 0.04979901881569649 0.00012031749264890612 0.00010360353470641415 0.24717359893475077 0.002453233878167982 0.002696534441468612 -9.255486168673656e-13 7.387780845871704e8 1.0400221019284754e8
22800 375083.4677548951 16.42262938584645 0.049115445600815474 0.0001201742639898875 0.00010503543999846117 0.3254541220815099 0.00269450932466464 0.002718215932188295 1.3048675600563682e-12 7.387780845871764e8 1.0400221019333532e8
23000 378368.39389792015 16.423064803532466 0.04799796784397112 0.00011961094953889253 0.0001054437982344885 0.29315484055541674 0.0020411624929377314 0.002636948627756014 1.7702862083267013e-13 7.387780845871782e8 1.0400221019109209e8
23200 381653.8416646017 16.4343657322274 0.04917893748107618 0.00011831660820356912 0.00010685973120487605 0.30147153246616654 0.002832421092600068 0.002715568025693227 1.942791931158223e-12 7.387780845871629e8 1.0400221018668802e8
23400 384943.477185952 16.468571179588764 0.05249005048542414 0.00011776984253764839 0.00010816220279307648 0.31742402424606553 0.002504703823484472 0.0028515983080594776 -2.576840011158353e-12 7.387780845871704e8 1.0400221018188538e8
23600 388243.5611697676 16.516443989782942 0.053550968368927546 0.0001180146427792029 0.00010842863875509673 0.336369971084423 0.0019985248178111537 0.0023049036865159245 -2.0461111943649835e-12 7.387780845871716e8 1.040022101783781e8
23800 391535.0805829853 16.454296560676998 0.05158044807186551 0.00011993757413480133 0.00010801802438196709 0.29104568364209626 0.002679309163490906 0.0023638965589677374 3.713466773683542e-13 7.387780845871749e8 1.0400221017734936e8
24000 394822.99455508566 16.43001204791907 0.048902588498401185 0.0001209431378414976 0.00010885487550965624 0.2927359804170919 0.002618445255441415 0.0034211679171975984 4.954301106155187e-13 7.387780845871701e8 1.0400221017903005e8
24200 398107.89248319 16.42579144537227 0.047754865253663036 0.00012160484704362056 0.00010993204473236418 0.41161469276062235 0.002264592277977595 0.0028968291772776267 -9.920701562730377e-14 7.38778084587178e8 1.0400221018259925e8
24400 401392.83024542284 16.425340883954696 0.04756504180158395 0.00012297843551345168 0.00011023552776381905 0.2660543154051993 0.002979507039471807 0.002617740641535915 -2.2365228071456016e-12 7.387780845871701e8 1.0400221018649708e8
24600 404679.6864547589 16.444865286395643 0.05177509499783679 0.00012443063873172948 0.00011133596255919792 0.3124143622299016 0.0026066210014867863 0.002903669349229865 1.0763827183769832e-13 7.38778084587166e8 1.040022101899044e8
24800 407973.25501486677 16.4971676577898 0.05457879252200114 0.0001270708345866267 0.00011038370429213786 0.29222880212364544 0.0014841431708211839 0.0023387722353373913 -3.818417151851986e-13 7.38778084587172e8 1.0400221019192368e8
25000 411274.8800747281 16.48364101846149 0.05226864293284265 0.000128453021650084 0.00011031544324155963 0.24694366126095701 0.0016920815677698986 0.002147240335016898 6.009567394922577e-13 7.387780845871756e8 1.0400221019233093e8
25200 414566.4713008016 16.439148630296746 0.048849345509123315 0.0001290451997300748 0.00011129476827133103 0.28480621147923557 0.0021988742285610208 0.0023126643472224373 -2.341096037840511e-12 7.387780845871766e8 1.0400221019178583e8
25400 417852.56514161616 16.423056242774773 0.04899090276218313 0.00012842240087049175 0.00011294359751006606 0.29361189512883357 0.002785082843140829 0.002378950514313048 2.1136110198568298e-12 7.38778084587177e8 1.0400221019070385e8
25600 421137.4905095071 16.423687540668315 0.05101350536433699 0.00012790528204233837 0.0001134039736697632 0.2670892025089415 0.001844776930023606 0.002499207209033738 -7.392095267419614e-13 7.387780845871658e8 1.0400221018868712e8
25800 424422.73963061004 16.433254132144636 0.051864827579823275 0.00012792766070137378 0.00011448715031736435 0.2750673970922435 0.00289937790129291 0.002561543832933555 3.6764986634603995e-13 7.387780845871768e8 1.0400221018583018e8
26000 427711.758225617 16.46357045646937 0.051972377745526044 0.00012826723313904512 0.00011626795532644401 0.29229480266985775 0.002951124552741907 0.002633065151783298 8.94988184785956e-13 7.387780845871737e8 1.0400221018330576e8
26200 431010.8146100832 16.52455014020553 0.05029043959942517 0.00012899952519345055 0.00011657044543346685 0.2858451390075061 0.0017996810866879789 0.0021227365491589545 -5.227436284070035e-13 7.387780845871751e8 1.0400221018230683e8
26400 434308.4547869831 16.458610074777305 0.04799554121825544 0.00013044990977478902 0.00011601310733441457 0.23673704255088523 0.002022197266857262 0.00204033683397431 -1.9021633845421938e-13 7.387780845871667e8 1.0400221018317698e8
26600 437596.86646730686 16.432424765522697 0.047789656047601985 0.00013076417809089518 0.00011680546349889422 0.21496841454154492 0.002237417736836056 0.002767577784624109 1.0012518785221414e-12 7.387780845871782e8 1.0400221018512101e8
26800 440881.9010201553 16.424585892876248 0.051099459704981594 0.00013083027431981536 0.0001169558202066675 0.2827904342157126 0.0016863522611513249 0.0024368052729505374 7.607696311078585e-13 7.387780845871794e8 1.0400221018711294e8
27000 444166.83128645114 16.424071912743248 0.053561774093107264 0.00013155491293673587 0.00011567538811649201 0.2790352376705414 0.002566991903006466 0.0025066214583027158 -1.1645241888416894e-13 7.387780845871729e8 1.0400221018868075e8
27200 447453.3184473887 16.441948291395843 0.05359774736000298 0.0001312225337102625 0.00011622036420172719 0.3200765313217744 0.0030991438740428645 0.002968254897824707 1.3005959341663949e-12 7.387780845871758e8 1.0400221019069652e8
27400 450745.928759837 16.49056524509327 0.05090465399141255 0.00013149393670840374 0.00011661243369370125 0.30824856962499325 0.0017697183379699055 0.002862378384561187 -5.764804427960963e-13 7.387780845871654e8 1.0400221019380662e8
27600 454047.70126959746 16.489948215066402 0.04728514970115216 0.00013334009903753698 0.00011558488820359482 0.26477908138622297 0.0015251732321843736 0.002215682132402641 1.1861441199007233e-12 7.387780845871753e8 1.0400221019726233e8
27800 457340.18694833724 16.441749861222878 0.04892693943935202 0.0001337054271535218 0.00011578534327830223 0.242306099000416 0.002428262114329227 0.001793448619887561 -1.4760996922443921e-12 7.38778084587177e8 1.0400221019944224e8
28000 460626.6265638872 16.423953433476996 0.05138196561617894 0.00013309236638029732 0.00011733326262588443 0.23583234584566526 0.002988363603231403 0.002141128536538566 -1.151974941689297e-13 7.387780845871744e8 1.0400221019869785e8
28200 463911.55561651883 16.424551431369963 0.051805450513964214 0.00013227339670237933 0.00011949639240460074 0.2888845158631739 0.001910491014437049 0.0026940022620819404 -1.0137130607822364e-12 7.387780845871698e8 1.0400221019525565e8
28400 467196.6268542725 16.432465178160196 0.05071147950840204 0.00013249159223538935 0.000120638881087882 0.26755964694757495 0.003120070540821862 0.002444735848200874 7.775211051861856e-13 7.38778084587169e8 1.0400221019084768e8
28600 470485.10223440896 16.458975461430995 0.04992515636060008 0.00013240746351829714 0.00012221970762845701 0.278861436250736 0.0031538182051332464 0.0023778949329765764 1.401763350874408e-13 7.387780845871707e8 1.04002210186992e8
28800 473782.9321782813 16.525428946042634 0.046744300188073074 0.00013398422125098316 0.00012235015452630052 0.2846036671908223 0.002077873804506204 0.0022182633157507015 -9.56227745107959e-13 7.387780845871755e8 1.040022101837981e8
29000 477081.83859213034 16.4632719388237 0.047178886801562694 0.00013483464231969208 0.00012192398647589777 0.22155466197909846 0.001952366374120551 0.0018003156560129074 -5.659164846287582e-13 7.38778084587176e8 1.0400221018187179e8
29200 480370.79642765253 16.433213792766892 0.05014850776911615 0.0001339801708595476 0.00012279540708344153 0.25065970403102256 0.0025435591900944132 0.0028493453387774537 -8.501057209811217e-13 7.387780845871707e8 1.0400221018191648e8
29400 483656.00280811894 16.423624656750544 0.05122204678412973 0.0001342078133282464 0.0001228672284868008 0.289380335374517 0.00197690916687554 0.002687954076141197 6.474990350714815e-13 7.387780845871744e8 1.0400221018445024e8
29600 486940.9475245402 16.423335682791183 0.048816501372254156 0.00013517272970274183 0.0001225668574345407 0.26626427033806976 0.002654492777630413 0.0024093161042223477 -1.2963688193361152e-12 7.387780845871782e8 1.0400221018911743e8
29800 490227.1190352671 16.439453985401624 0.046474092800584246 0.00013582787343080624 0.0001230788792100037 0.28984755515193683 0.003229256950291859 0.002737291178579293 -1.0641608428894358e-12 7.387780845871718e8 1.0400221019470942e8
30000 493518.8517967818 16.484328353682077 0.04548091092929302 0.00013632795368597958 0.00012351435483448953 0.3593774433247745 0.0019579794608239887 0.0027862632270683196 -6.95479085740171e-13 7.387780845871686e8 1.0400221019915332e8
30200 496820.5365616401 16.496638368909807 0.04372531732115569 0.00013785578713622844 0.0001229918724166607 0.30363240178485285 0.0019001277848018638 0.002213935298685743 1.291575026068443e-12 7.387780845871753e8 1.0400221020066793e8
30400 500113.98618334817 16.444688683830854 0.04558404335937769 0.00013760336900159334 0.00012408483228428866 0.23044197365561558 0.002810865506503335 0.0017833892405191287 -8.858753828873461e-13 7.387780845871689e8 1.0400221019922732e8
30600 503400.7960500574 16.425179512746357 0.04710467527359076 0.00013630033276740836 0.00012603674537451444 0.24856982480196166 0.0034355968407614457 0.0017830011632988807 -1.0087708973155847e-12 7.387780845871755e8 1.0400221019527271e8
30800 506685.72844985325 16.425884318106693 0.046074166455021215 0.00013514048744324246 0.0001283336671185056 0.32097528685699217 0.002255433004816565 0.002765952938815208 -3.2370607139118474e-12 7.387780845871743e8 1.0400221018983726e8
31000 509970.68315482954 16.430442272501892 0.04142074361457352 0.000136022241775394 0.00012978800865304335 0.2599314483059061 0.003363278368184286 0.0024119369760912668 -1.4372755186933712e-12 7.387780845871668e8 1.040022101844511e8
31200 513258.6868361208 16.45478291039467 0.04213678408836441 0.000135595233818772 0.00012997224998512573 0.38574473853987 0.0032094972263198573 0.003271167341315079 -1.1259670816488313e-12 7.387780845871705e8 1.0400221018140396e8
31400 516555.30320723 16.51755194391969 0.042860435047852564 0.0001360201512698294 0.0001290854876173549 0.41845412508882873 0.0020102011213090354 0.0028138103097723466 -1.4463758766398086e-12 7.387780845871729e8 1.040022101808574e8
31600 519850.3582788424 16.468374954757888 0.04200604450001784 0.0001376402287876308 0.00012915922013197377 0.22545551393886853 0.002207614317097484 0.0024005760872032322 1.7823415263005556e-12 7.387780845871829e8 1.0400221018218093e8
31800 523139.9485916283 16.434419721087217 0.041895795095770856 0.00013770228523629622 0.0001307934192326473 0.20940364652869903 0.002897311929042967 0.0029363866334670696 -1.2669857765756393e-13 7.387780845871824e8 1.0400221018478827e8
32000 526425.3761006513 16.423078460840753 0.04066868745029041 0.00013867153893325543 0.0001315448559712987 0.26191441307128116 0.0019280997216086782 0.0029820040296903993 1.0724810607573682e-12 7.387780845871768e8 1.0400221018793537e8
32200 529710.3005767618 16.422654965030976 0.036830920288487855 0.0001420878728920182 0.0001306839210532231 0.2997392631425555 0.0022298355830505656 0.0026431902034012578 -1.3967895989137801e-12 7.387780845871708e8 1.04002210191024e8
32400 532996.1365973796 16.43709858412618 0.03533390931353857 0.00014381439086988797 0.00013014405110758963 0.33660518389478966 0.003298589051799805 0.003212354772713366 3.894267826478651e-13 7.387780845871774e8 1.0400221019375896e8
32600 536287.0091346477 16.47812684930565 0.04001827117468011 0.00014342825758974621 0.00012916606619574773 0.4064479536973522 0.0023185733470914016 0.00367530695389251 1.1005929059420716e-12 7.387780845871642e8 1.0400221019537911e8
32800 539588.3038581499 16.50345966614784 0.042599302779165946 0.00014335627335751908 0.00012874040660405874 0.33254413227950863 0.0024724584305715336 0.003166315234996775 -9.471723768347604e-13 7.387780845871742e8 1.0400221019457647e8
33000 542882.7447597096 16.447756391814803 0.043163682881807594 0.00014293876933324498 0.00013048739078164498 0.24450754167446576 0.0031350148130393496 0.002193186473016917 4.185437162772681e-13 7.38778084587173e8 1.0400221019167222e8
33200 546169.9052962482 16.426495304034344 0.040898869432979275 0.0001426071219650178 0.00013241987146631919 0.24761688200669596 0.003989324984186915 0.0026887008777600196 2.822403219967365e-13 7.387780845871711e8 1.040022101881405e8
33400 549454.7780522589 16.427470778626585 0.039462325039124245 0.00014254516953538229 0.00013375902227881497 0.3363760591096252 0.002616341574083192 0.003073185970307396 -9.111630491958299e-13 7.387780845871714e8 1.0400221018559389e8
33600 552739.6576601984 16.428125676278395 0.03688033917765472 0.0001430659371120945 0.00013405700576648376 0.3107750203416799 0.003519766494973764 0.003589439978597009 -1.6808649252424112e-12 7.387780845871692e8 1.0400221018393987e8
33800 556027.2084212095 16.450849626247418 0.03885476514800658 0.0001420898708843222 0.00013517633071460127 0.4253160414555168 0.0034188489831337154 0.0041939369389000225 8.65614714296382e-13 7.38778084587178e8 1.040022101828838e8
34000 559322.6592523562 16.509905743561625 0.041337100538417125 0.00014126272565830646 0.0001361936457809144 0.4380569023069256 0.0022320262163479584 0.004386153229680612 7.316373818450125e-13 7.387780845871781e8 1.0400221018193346e8
34200 562623.409670407 16.473231742074635 0.04266782059785507 0.00014192623165087362 0.00013647194259188347 0.2734886517027917 0.0024667955533961283 0.0029867490823913823 -5.780502952240081e-14 7.387780845871717e8 1.0400221018159094e8
34400 565913.5997219221 16.435534622052845 0.040093640827513384 0.00014239369809475653 0.0001390436141711649 0.23757104319702194 0.003534310880576541 0.003424377266406653 -1.0067157307529466e-12 7.387780845871695e8 1.0400221018244718e8
34600 569199.1948529249 16.422552113835916 0.03758283373494943 0.00014401240954143294 0.00014083448352271064 0.35415721081926677 0.002888074018243869 0.004059839968093781 1.1557291863370225e-12 7.387780845871663e8 1.0400221018468711e8
34800 572484.1122394298 16.422735087212704 0.03858686013202476 0.00014616871010497307 0.000139176078137967 0.3153247271748114 0.0028528392475359876 0.0034594353439315606 -1.4982748150157363e-12 7.387780845871719e8 1.0400221018732898e8
35000 575769.7275090902 16.43561231173028 0.03992769428682357 0.0001462153840016793 0.00013901271962812154 0.39543064461031463 0.003738452071383236 0.004140602458076292 -1.0946849003414183e-14 7.387780845871702e8 1.0400221018924673e8
35200 579059.9191044396 16.472859791344945 0.04254161038695462 0.00014616689645970203 0.0001392240737523237 0.41083786734816385 0.0023868791113303978 0.004753461318076191 -1.6556582642764346e-12 7.387780845871717e8 1.0400221019080834e8
35400 582360.6614927615 16.51053204418326 0.040261366935145364 0.00014814683892754095 0.00013881059705361996 0.362764012761545 0.002470455556101925 0.003995671037475446 4.969099836969527e-13 7.387780845871693e8 1.0400221019182481e8
35600 585656.1569280488 16.45123461332477 0.036875928797575536 0.000150474318108832 0.00013957274620358172 0.19079066950143897 0.0030843498517709733 0.002126498907457419 -1.2538296474480665e-12 7.387780845871737e8 1.0400221019197911e8
35800 588943.7239081594 16.42836655498185 0.03342209330239718 0.00015103131065395093 0.0001411508320143694 0.2469010005479504 0.0039082495823037355 0.002445812839122097 2.2295551511561078e-12 7.387780845871735e8 1.0400221019020246e8
36000 592228.58984853 16.427079925312466 0.03727635592643859 0.00015054836725345534 0.00014260498242308142 0.38650084802929996 0.002861221451087692 0.0029793539732793917 -5.989816210450366e-13 7.387780845871757e8 1.0400221018645447e8
36200 595513.4632705693 16.426261185521707 0.03878849640192526 0.00015072744357567307 0.00014289666471823526 0.2880523901790184 0.00305994285163802 0.003681373507767649 2.5653015958132013e-13 7.387780845871648e8 1.0400221018124664e8
36400 598800.6090240441 16.447395416461433 0.04298086496166328 0.000149001058680616 0.00014449271301240254 0.3623421522679564 0.00300543187388147 0.004290543034347727 4.283380638640934e-13 7.387780845871681e8 1.0400221017719826e8
36600 602094.9912817827 16.50273127539217 0.045500275283514455 0.00014939728329979422 0.00014430377032401844 0.3772027617687854 0.0020345318241710153 0.004312143899823706 -7.104271439805798e-13 7.38778084587172e8 1.0400221017576137e8
36800 605396.3032624924 16.478743546193396 0.04430618878252759 0.00015234388876100532 0.00014286965785159772 0.3046021450754779 0.0021751986973272963 0.002728040180604796 2.2746395898769725e-13 7.387780845871757e8 1.0400221017705458e8
37000 608687.2266070107 16.437334971946353 0.042309659580618976 0.00015293942689981606 0.00014445233936389445 0.302588255775845 0.0036107124121660394 0.002995814047863865 -7.638863625135175e-13 7.387780845871744e8 1.0400221018063939e8
37200 611973.0717046787 16.422593800971644 0.04369990819108935 0.00015303304687264878 0.00014542449004627 0.30013564580281127 0.0026244635401785343 0.004309180683187752 7.26026116642318e-13 7.387780845871793e8 1.0400221018570787e8
37400 615257.9677646558 16.42297042942365 0.046753291611211216 0.0001540238729518847 0.00014463198135856778 0.382843485605008 0.002786803473135979 0.003345124184420206 1.0099128692341815e-12 7.387780845871809e8 1.0400221019081958e8
37600 618543.3459623769 16.434112632019858 0.047223933646581416 0.00015444616504397895 0.00014551932336932824 0.3327219191505719 0.003540616569106314 0.0037382576395330047 -1.0380170566021634e-14 7.387780845871769e8 1.0400221019429784e8
37800 621832.8496442855 16.46752761608594 0.04777807997334814 0.00015479000762869222 0.00014665286535676847 0.3462909774320906 0.00202013994344008 0.004074915235106946 5.58151458473136e-13 7.387780845871668e8 1.0400221019539802e8
38000 625132.7414687504 16.51793811231656 0.044415201592988514 0.0001567773635342301 0.00014584017018878128 0.35260831632513145 0.0019259283277588413 0.0034744715757601963 -8.76525188670369e-13 7.387780845871668e8 1.0400221019333011e8
38200 628429.3578563427 16.455015056698937 0.04429472861931347 0.00015811675540069913 0.00014639177768646945 0.27928520492537245 0.0030344657108174466 0.002654519974405578 -9.922807462328795e-14 7.387780845871648e8 1.0400221018918103e8
38400 631717.3454929163 16.430338619455163 0.04450970497907833 0.00015864543926896821 0.0001489908426361823 0.31407863996196284 0.004067452765301294 0.0028581657524364146 -5.807353172119914e-13 7.38778084587172e8 1.0400221018388182e8
38600 635002.2265232814 16.425293572421708 0.04883213135592784 0.00015878399755837218 0.00015097232960806667 0.4377498386950265 0.0033789820214045196 0.003195528926838137 -4.817315926879668e-13 7.387780845871731e8 1.0400221017935221e8
38800 638287.1476413546 16.425029848486137 0.04911892228189954 0.00015987276997793748 0.00015194757405853884 0.34481183182992936 0.0028528952546092445 0.0036545388250787125 4.5205240779646333e-13 7.387780845871722e8 1.0400221017614019e8
39000 641573.9248381744 16.444217762377946 0.04883297340290372 0.00016008834123809807 0.0001527126419961566 0.3938496495366053 0.0029571756097487856 0.00399905209857343 1.8098101148806512e-13 7.38778084587168e8 1.0400221017527331e8
39200 644867.2883581766 16.49579130302164 0.04791433323435102 0.00015990406220798395 0.00015347603017996534 0.31598118488818727 0.0021280582396705494 0.0038549892988245515 1.50337874986063e-12 7.387780845871673e8 1.0400221017683907e8
39400 648164.8621152549 16.484738519900215 0.04650256768626701 0.00016105936657389807 0.00015310336095278565 0.2650865591024285 0.0019812424788792082 0.0024416063809670208 1.3443680145466085e-13 7.387780845871887e8 1.0400221018004745e8
39600 651456.6103761308 16.43958819055597 0.04805915506543395 0.0001618272032804371 0.0001539503137300745 0.26503762605352676 0.003215290207874588 0.002876316084036157 -7.951570570958483e-13 7.387780845871857e8 1.0400221018371128e8
39800 654742.7482557223 16.42300902761514 0.04843397794247947 0.0001621815314594331 0.00015536432324931288 0.3036749343352767 0.0028519522362798755 0.0039035674198328874 9.840371065321622e-13 7.387780845871779e8 1.0400221018606271e8
40000 658027.641374983 16.423852281775613 0.05028540034900241 0.00016346489118383088 0.00015534085056534704 0.3486954294730822 0.002643521799814197 0.0026203248060976403 -1.1777339226863128e-13 7.387780845871702e8 1.0400221018681021e8
40200 661312.858057192 16.43304260516845 0.04892879078214371 0.00016440742020407787 0.00015531489672334134 0.3148362703486782 0.0031874414161741083 0.0027856133121098026 -1.3529217958245474e-12 7.387780845871705e8 1.0400221018607183e8
40400 664601.7418977872 16.462448181205644 0.05049458144920427 0.00016314049183069275 0.0001558663209939736 0.3938230558351279 0.0022891913714331302 0.0029306089627385845 1.0204806563098804e-12 7.387780845871793e8 1.0400221018513602e8
40600 667900.5289203825 16.52600718567686 0.05104610517977746 0.00016359713626288422 0.0001555509732168599 0.3720125353684125 0.0017251945185978723 0.0023549673139461325 6.621694974557352e-13 7.38778084587174e8 1.0400221018353455e8
40800 671198.4057408168 16.459500031921376 0.05469725435209516 0.0001652665637443387 0.0001548196692100188 0.27026937409573293 0.0026741538858867653 0.0022309514033184152 1.435578355062464e-12 7.387780845871835e8 1.0400221018144342e8
41000 674486.9251914425 16.43259195234846 0.055106009001966605 0.00016597651358052728 0.0001561328805443157 0.328460776439897 0.003606921711611033 0.0022651100596746687 -1.2068623430407982e-12 7.387780845871766e8 1.0400221017856763e8
41200 677771.948001712 16.424117939625187 0.05362204721725232 0.00016637184437279495 0.0001581075528620979 0.3549073095257427 0.003244708045199607 0.0026172084630693426 -5.152832397728343e-13 7.387780845871791e8 1.0400221017585842e8
41400 681056.8932905237 16.424039299858226 0.04967094959125353 0.00016756959016144248 0.00015886663490901777 0.39543555132422625 0.002481689151673905 0.0027309160260629017 -9.492969423614374e-13 7.38778084587169e8 1.0400221017368661e8
41600 684343.3171164591 16.441295668772156 0.04871892553801292 0.00016725394473281828 0.00016042509210370648 0.3363372525873274 0.0031054941469581543 0.0026883754155189177 1.1956264114561465e-12 7.387780845871822e8 1.0400221017223231e8
41800 687635.7100140306 16.48906855691696 0.05087769947948154 0.00016702289939492173 0.00016146308412372934 0.3564953645764035 0.0021820137210911 0.002668859720896699 9.026651460492808e-14 7.387780845871837e8 1.0400221017117204e8
42000 690937.4545620561 16.49120146266274 0.05282828166502895 0.00016861455266888403 0.00016045386048824085 0.32860233958854224 0.0020397355026305353 0.002556734875515776 8.498759864794761e-13 7.387780845871729e8 1.040022101707811e8
42200 694230.1195836634 16.442291111742207 0.054995601678497846 0.00016949170739348623 0.00016090361450075117 0.2707406596164219 0.0028939602606519177 0.0029750245972722245 -8.54099272401395e-13 7.387780845871731e8 1.0400221017214032e8
42400 697516.6101445666 16.42394022215644 0.053365587198995916 0.00017150974231743284 0.00016183821997412995 0.27022169879160174 0.00274252083833762 0.003548473608634306 -1.6065754879998463e-12 7.387780845871658e8 1.0400221017508979e8
42600 700801.50885729 16.42498659057939 0.05224955024725791 0.00017303129631789544 0.00016220470870333137 0.3206243821971384 0.002818836281875209 0.003688918311812006 -2.9767694894397843e-12 7.387780845871772e8 1.0400221017876144e8
42800 704086.5841460146 16.4323748953809 0.050980578087591606 0.00017437659448032506 0.00016297653962706794 0.32391360629389965 0.003105745867966414 0.003600218876118222 -1.169754477662488e-12 7.387780845871847e8 1.0400221018110763e8
43000 707374.9449441577 16.457942786073136 0.0550211089930275 0.00017423682115232501 0.00016420509257965792 0.3383801188047073 0.0027185294977258856 0.00357037445116537 -5.407567277902011e-13 7.387780845871745e8 1.040022101815656e8
43200 710672.4843536501 16.52360892650479 0.05716221812038398 0.00017455927467198922 0.00016433886127127369 0.37128345447308675 0.002031765366290461 0.0031169458062155764 8.839456130735228e-13 7.387780845871767e8 1.0400221017959456e8
43400 713971.5804525155 16.46405131545471 0.05679287741641934 0.000174825263965059 0.00016425758721034438 0.2643296625883522 0.002531705454806854 0.002866518326502976 -3.546066900151094e-13 7.387780845871717e8 1.0400221017585227e8
43600 717260.6269330358 16.43331010469901 0.05529576898501344 0.0001749676367142711 0.00016474532457035385 0.3321834724197288 0.0035100527514033697 0.0028567061188011778 5.672977633199025e-13 7.387780845871723e8 1.0400221017096886e8
43800 720545.8110363517 16.42312311740747 0.053618561395194914 0.0001742206064593447 0.00016723424830117817 0.34078879145999963 0.003681823125749606 0.0031425716446918106 -3.3429636526884176e-12 7.387780845871733e8 1.0400221016532296e8
44000 723830.7531274464 16.423344732671378 0.05440217632963281 0.00017476443815883907 0.00016818701678659044 0.3510410320814117 0.00294079162988492 0.0033140969100670103 -2.2563230495061844e-12 7.387780845871739e8 1.0400221016024812e8
44200 727116.8724343596 16.438923398764132 0.05600107209389546 0.00017524820376630217 0.00016973869230866892 0.4063726825879712 0.004209391155124864 0.003178075418599713 -7.768012704143626e-13 7.387780845871714e8 1.0400221015767482e8
44400 730408.4091893795 16.48293652108074 0.059962437999219534 0.00017526524269018365 0.00016973876973766663 0.4319071689442353 0.003634335706904107 0.0032203490454421335 4.3215357104559116e-13 7.38778084587176e8 1.0400221015949428e8
44600 733709.9954399933 16.497665813383115 0.05859384627782986 0.00017715305984146936 0.00016813934204189962 0.37341192744861473 0.0029409648621001594 0.002927427359094237 -1.2952431202780518e-13 7.387780845871819e8 1.0400221016443628e8
44800 737003.588094764 16.445096622066192 0.05584008555126283 0.00017801580207381167 0.00016869239241050499 0.2683554093728162 0.0032455342867183656 0.0024181300373100623 3.6015860713821205e-13 7.387780845871714e8 1.0400221017034827e8
45000 740290.424156738 16.425091207815957 0.053884642120180896 0.00017859043270859127 0.00016929153082729978 0.29752533935243264 0.0030109618980496133 0.004121384161950514 -1.7275804789249594e-12 7.387780845871835e8 1.0400221017471547e8
45200 743575.2883512316 16.426315068174556 0.05468932765583447 0.00017930808805062778 0.000170474392770601 0.3699962304217479 0.002362326343228416 0.0031513992263594304 -7.609802210677003e-13 7.387780845871781e8 1.0400221017624824e8
45400 746860.2468990241 16.43003284305068 0.05421309897866411 0.0001815920934461078 0.000170547771451827 0.30012461854494177 0.003911520907400323 0.0030621695661850468 -4.329844441598762e-13 7.387780845871743e8 1.0400221017475706e8
45600 750148.156523374 16.453879101524226 0.05529214133827876 0.00018221382442369627 0.00017077992121544944 0.3727997324294847 0.003550610534541754 0.004352478355845735 -1.09293126031219e-12 7.387780845871708e8 1.0400221017148836e8
45800 753444.513602607 16.51590903999938 0.053345792559950374 0.00018285855554292548 0.00017058598175972775 0.38123786110918445 0.0024048134634873097 0.0031180193380851984 1.0161195296869742e-12 7.387780845871755e8 1.040022101668276e8
46000 756744.6321852985 16.469075647957265 0.05080947435215355 0.00018392038812006892 0.0001706236547376305 0.33077371107719955 0.00286904746680694 0.002702788854723831 -3.500522035199848e-13 7.387780845871774e8 1.040022101617652e8
46200 760034.3021912717 16.434489268740045 0.05162443126707932 0.0001840503397427006 0.000171076502516906 0.26089633901756315 0.003188596757581763 0.0022270478293660023 -2.242314988268342e-12 7.387780845871719e8 1.040022101576336e8
46400 763319.721751743 16.422734848588316 0.053374741135881414 0.0001841955172903039 0.00017277313333052355 0.26684516456953133 0.0032213760384615098 0.002776206048141848 3.7699814610883663e-13 7.387780845871688e8 1.0400221015517798e8
46600 766604.6464812851 16.422794849904662 0.054375206355512296 0.00018492984877016994 0.00017401783983750433 0.30703853013801563 0.0021427088924066973 0.003239839927894783 -1.3555498628006643e-12 7.387780845871699e8 1.0400221015470149e8
46800 769890.4536554669 16.43677447401715 0.05428765262320087 0.00018550561578052437 0.00017503710017951397 0.3746702480748354 0.004102498431643564 0.0036036603204905315 -2.0303360919186505e-13 7.387780845871766e8 1.0400221015608098e8
47000 773181.1801353303 16.477027341187565 0.05397833475592167 0.00018461360398936083 0.00017642224584654072 0.3175707647587842 0.003893575366049229 0.0038096606130354482 -2.1256471932888805e-12 7.387780845871794e8 1.0400221015872066e8
47200 776482.3726832509 16.50468520036825 0.04976572312246155 0.00018554928965417212 0.0001756393445235269 0.2728068670298853 0.0026898766319547462 0.0028933500501173715 8.833942502695733e-13 7.387780845871767e8 1.0400221016127068e8
47400 779773.1502263148 16.448413298606308 0.05058518645645658 0.00018586428311410995 0.00017523342450917896 0.2795510869964346 0.002948315982111982 0.0025040561545941475 -1.184909296954378e-12 7.387780845871681e8 1.0400221016350196e8
47600 783060.3843869515 16.426743902788143 0.05284968398017511 0.00018628919230130646 0.00017540582855535492 0.2546692796208845 0.002963878860037239 0.0034321524664951975 -2.1115740406089054e-12 7.387780845871717e8 1.0400221016440801e8
47800 786345.230842957 16.427751896070927 0.05519740085273594 0.00018753964588143448 0.00017581401837867954 0.3391994887660985 0.0028092148723050103 0.003221029607534634 -7.736347632000136e-13 7.387780845871816e8 1.0400221016400708e8
48000 789630.0909750893 16.427649841189933 0.052426574995100665 0.0001899898952065204 0.00017545671288651606 0.3216355921667855 0.0037612696449651484 0.0038060202243355157 1.8705366014823122e-13 7.38778084587167e8 1.0400221016264728e8
48200 792917.5282369561 16.449902825500036 0.050592400084174635 0.00019110307805872133 0.0001757702446953395 0.4221307843690738 0.0041191441177828025 0.004302050313556627 -1.1796866659503008e-13 7.387780845871818e8 1.0400221016164024e8
48400 796212.7103853322 16.508200895378664 0.04938207960103939 0.00019180960782525224 0.0001758560485374585 0.3615646312391618 0.002327139019679514 0.003917030780157704 -7.158641938528597e-13 7.387780845871751e8 1.040022101607456e8
48600 799513.5767145811 16.474320127500814 0.04992716200363557 0.00019346749524577046 0.00017479041552916446 0.3226941743178031 0.0027659576362053517 0.002674407544163926 -1.022084968913039e-12 7.387780845871758e8 1.0400221015923204e8
48800 802803.919762802 16.435955955033034 0.051747456206279116 0.00019356312266774887 0.00017597144533632714 0.26938472721485596 0.0033262123240984653 0.0020598973690111877 -1.420794939881568e-12 7.387780845871723e8 1.040022101566492e8
49000 806089.5744078092 16.422543901626295 0.05231070005327011 0.00019306017188721754 0.00017831038668079515 0.29262258575613487 0.0032772559545412028 0.0025925886257343114 -1.1897748822538144e-12 7.387780845871713e8 1.0400221015349914e8
49200 809374.4696267506 16.422589392399342 0.050536663490007926 0.00019319588335147694 0.00018011049590392956 0.3345010802906927 0.002840956263667538 0.003431274436092868 -3.7385556957174245e-13 7.387780845871701e8 1.0400221015102349e8
49400 812659.9977074756 16.435010470537776 0.04597454434632419 0.00019326908600029915 0.00018203242817455923 0.3553305432524212 0.004233283759145667 0.0038875994040967754 6.069930135229965e-13 7.387780845871717e8 1.0400221014992526e8
49600 815949.9824697862 16.471406396450867 0.045141507380020034 0.0001932532566051797 0.0001830702944612586 0.31085987322330766 0.003535319609600601 0.004115053162199067 -1.5446218362685615e-12 7.387780845871785e8 1.0400221015047681e8
49800 819250.517976718 16.51201217933452 0.04614438636023571 0.00019493707915408182 0.0001817820369631525 0.3169155092564324 0.0022095907768111545 0.003252922476891018 -1.1627399175455748e-12 7.387780845871612e8 1.0400221015188415e8
50000 822546.2417135318 16.452030397615196 0.04955558104377071 0.00019597388651597982 0.00018133895247787117 0.2629544049341348 0.0029345203179802493 0.0021661157918461127 6.569602676309207e-13 7.387780845871764e8 1.0400221015407602e8
50200 825833.9032990562 16.42878265570999 0.050065731066545105 0.00019558145335272804 0.00018269050671626826 0.25232393983969814 0.003356085909928197 0.003412564316305433 6.470816840601586e-13 7.387780845871707e8 1.0400221015673998e8
50400 829118.7653489206 16.42663729389598 0.05028553303121484 0.0001966523801228611 0.00018390206824871546 0.3627380966122473 0.003155110795421967 0.002909352881657279 1.1301329339453388e-12 7.387780845871729e8 1.0400221015957241e8
50600 832403.6098364744 16.42579248587784 0.04664868488678726 0.00019850373442411632 0.00018374311665333122 0.3410742700220908 0.002882255275460377 0.0029663339446654446 1.3020968662438129e-12 7.387780845871805e8 1.0400221016049604e8
50800 835690.6274385708 16.446431695670086 0.04541119266543252 0.00019864386905768275 0.00018498986054953057 0.4111947391083959 0.0036144340672057407 0.0034745279356849235 -3.739311905118675e-14 7.387780845871757e8 1.0400221015814319e8
51000 838984.72950042 16.500931670755563 0.04717766997139482 0.00019905190479699967 0.0001853183417748837 0.3537204043241218 0.0024507608110460044 0.003703644575192233 -4.399071104761311e-13 7.387780845871795e8 1.0400221015225202e8
51200 842286.1437191773 16.48021474556912 0.05102517522882013 0.00019920527081567182 0.00018377244658983406 0.3034530445274868 0.0022024145134276196 0.002655563563372376 1.16986551600495e-12 7.387780845871633e8 1.0400221014479545e8
51400 845577.2793088433 16.437982082581154 0.0508765393677914 0.00019912959373123444 0.0001848404294068049 0.2701222638024774 0.004013971329867694 0.002057342724704314 1.247614371951462e-12 7.387780845871733e8 1.0400221013817477e8
51600 848863.2202030724 16.422823997755188 0.04813695628501589 0.000198533444132525 0.00018783079519477114 0.3031145781615123 0.004027834645965678 0.002671093556616322 -6.432235802731474e-13 7.387780845871747e8 1.0400221013452445e8
51800 852148.1171347904 16.42286539796038 0.046242151956636786 0.00019965317336262357 0.0001885024173072969 0.37058176868595183 0.0031016794441491857 0.0031165222667185466 5.334624180561799e-13 7.387780845871686e8 1.0400221013438112e8
52000 855433.406535541 16.433543483764286 0.043786036188960174 0.00020149756719738961 0.00018835276823139067 0.3741794292764098 0.0038029717726890677 0.0032918332854544596 -4.0511094852063016e-13 7.387780845871768e8 1.0400221013663843e8
52200 858722.706944299 16.466083304710455 0.04582546865984233 0.00020151422204015866 0.0001893495094662037 0.33706707251258194 0.0033134152093063363 0.003723491020623193 -1.9457937953130594e-12 7.387780845871694e8 1.0400221014067766e8
52400 862022.3378260431 16.51977407821259 0.04932757629668124 0.0002021687417304713 0.0001884394955750787 0.3352714721331722 0.002492390228878927 0.0034821638875901506 1.9273346281058333e-12 7.38778084587166e8 1.0400221014531666e8
52600 865319.247327966 16.45607197275679 0.05250798313079774 0.00020303461571237501 0.00018820211995724224 0.30586958778053486 0.0031006313494987836 0.0026646461711458125 8.878166394262516e-13 7.387780845871724e8 1.0400221014921784e8
52800 868607.364061709 16.430988105599393 0.04924503364496677 0.00020326839959041438 0.00018983085347543872 0.3214649691476552 0.0032399188094447418 0.0031182552651936035 -2.4891733253303815e-13 7.38778084587179e8 1.0400221015042493e8
53000 871892.2912370545 16.425076703914048 0.04713113703100496 0.00020412699536658633 0.00019149935934514167 0.3634961310281142 0.0029448520916823817 0.0029066264357927585 2.2055277939652457e-13 7.387780845871706e8 1.040022101488718e8
53200 875177.1845369975 16.424620062977777 0.04636320576353106 0.00020689244005108213 0.0001901588214445602 0.32794552195809956 0.002789381763640131 0.0033128818080871425 3.055851762722931e-14 7.387780845871825e8 1.040022101447671e8
53400 878463.8434468204 16.443343422130393 0.0483825403458208 0.00020638823158854186 0.00019122393200211575 0.42349968005328265 0.003564272887306874 0.0037963787267292215 8.102429560372445e-13 7.387780845871781e8 1.0400221013918138e8
53600 881756.9514604817 16.494160376809965 0.04967941360835319 0.00020581307913607834 0.00019181265498528628 0.39260830782086487 0.002503144079338382 0.0041222125868947135 4.4071883904861236e-13 7.387780845871717e8 1.0400221013316381e8
53800 885058.6213698839 16.486007615173246 0.05064790164218534 0.00020675111711423834 0.0001913801917820905 0.27945864563480427 0.0026020422955743694 0.0029957656485064543 7.510671773216914e-13 7.387780845871718e8 1.0400221012831001e8
54000 888350.5433878604 16.44004301974309 0.051086878181490596 0.00020763372114895518 0.0001917844329526635 0.30161942552831533 0.004268409724512923 0.0022647905721897565 -5.75965454621574e-13 7.387780845871583e8 1.0400221012573743e8
54200 891636.7444028285 16.423172615876403 0.048713739526282204 0.00020731497042761598 0.00019386083933173033 0.3250124857531773 0.004436486560936648 0.0031318774541191363 -8.335629224084562e-13 7.387780845871735e8 1.0400221012550527e8
54400 894921.618132749 16.423729885106738 0.048826989711522266 0.0002084621268215267 0.00019472907659103168 0.4302978899163463 0.002624779982506542 0.0031827648200466463 -3.3064538149347036e-14 7.387780845871781e8 1.0400221012701501e8
54600 898206.7476149108 16.43274234560593 0.05013390440678022 0.0002084641856435325 0.00019571884744882262 0.35433402783382917 0.003761210806444648 0.0029571865629571814 -1.3076688851358095e-12 7.387780845871693e8 1.0400221012874039e8
54800 901495.5047941332 16.46150635784829 0.05359343314432787 0.00020731662938564877 0.00019656359431549877 0.3598578460416775 0.003881337298772408 0.003436620377114008 -1.4769324798128576e-12 7.387780845871731e8 1.0400221013003884e8
55000 904794.0595000914 16.527588168057946 0.05368568852339524 0.0002079067102875935 0.00019649243555808338 0.3672002631124087 0.002430377242239379 0.003470197757673321 2.546568661658181e-13 7.387780845871707e8 1.0400221013059263e8
55200 908089.2277658448 16.460366630026073 0.05166819002183227 0.00020976855906272503 0.00019565222607377774 0.29624523992606555 0.0036869361560103453 0.002617060940584559 1.0004937546667108e-14 7.387780845871671e8 1.0400221013099304e8
55400 911377.8298090708 16.432575670286077 0.048810038863812806 0.00021066644242927885 0.00019635526885447338 0.34580414925130754 0.004131784352742418 0.0040117267953792 3.555141412966096e-14 7.387780845871695e8 1.0400221013102469e8
55600 914662.8734994999 16.423806013426468 0.048539384396065824 0.00021162832271152615 0.00019736136315188216 0.3858376538851189 0.003328665427906774 0.004048733943974314 1.3111713790588152e-13 7.387780845871683e8 1.0400221013014497e8
55800 917947.7724744751 16.42359019697056 0.0502358699619368 0.00021309688162729387 0.00019706998851071273 0.3995717854347731 0.002921235852236137 0.00306434018305779 5.65518278159239e-13 7.387780845871847e8 1.0400221012788358e8
56000 921234.093618143 16.44067479335708 0.051302959415466365 0.00021300547233604376 0.00019879818732154814 0.403835883776992 0.003691737711623677 0.003718385365145793 1.5798458787333775e-13 7.387780845871785e8 1.040022101246117e8
56200 924526.3008455435 16.487862942765773 0.051630836402332875 0.00021424318180312272 0.00019928138059173423 0.3251728689524498 0.002116162095224139 0.00341233155619991 -7.185520875221135e-13 7.387780845871723e8 1.0400221012149288e8
56400 927828.0251011817 16.492265108631447 0.050728690932273994 0.00021536315023869986 0.00019900803221710437 0.2780453272134764 0.002603933096770872 0.0024601638088033173 -1.647382078854651e-12 7.387780845871723e8 1.0400221011912017e8
56600 931120.8284116847 16.442587878948093 0.050768685425811345 0.000215807911113855 0.00019971145606273528 0.2807117715617551 0.004013300070677239 0.0025350733075814036 1.1989499039132867e-12 7.387780845871781e8 1.0400221011693881e8
56800 934407.3342391393 16.423861574492403 0.0508122478961868 0.00021561847793984313 0.00020096170049905437 0.35399992612747155 0.004311127126804926 0.0026604321092149608 -6.169859857310363e-13 7.387780845871775e8 1.0400221011413631e8
57000 937692.1651281975 16.425012656298232 0.054637065282145264 0.00021540937743987212 0.00020282127718871922 0.359850906954307 0.0030570928763786753 0.0029536307408134788 -8.4989513102128e-13 7.387780845871727e8 1.0400221011168881e8
57200 940977.1672520759 16.43174945911088 0.05486066522904715 0.00021571503176191577 0.00020426994312592662 0.3398968233686901 0.003757977089925646 0.0034298015679951055 1.926185955597605e-12 7.387780845871727e8 1.040022101107868e8
57400 944265.4318255268 16.457126365666337 0.05445088220890525 0.0002154474775525531 0.00020555334374233248 0.356968386005974 0.003911114529781268 0.003713825963421291 -8.572638651615635e-13 7.387780845871723e8 1.0400221011302562e8
57600 947562.7472888377 16.5221775903566 0.05286209716408799 0.00021627725527345853 0.00020525292567129654 0.3418628531376271 0.0022256315615578615 0.003270870082667021 -3.397754134797037e-13 7.387780845871848e8 1.0400221011760107e8
57800 950862.0253259491 16.464821073625448 0.05210807134337397 0.00021834321551413791 0.00020400844641806526 0.28430869524527225 0.003441364901695998 0.0023384397199812668 -8.396413144311634e-14 7.387780845871778e8 1.0400221012226608e8
58000 954151.1497251394 16.433323669079794 0.05415563525693924 0.00021831313299794467 0.0002047930542416313 0.3164913230264119 0.004213062425317826 0.003828896527038328 4.905482524555491e-13 7.3877808458718e8 1.0400221012494045e8
58200 957436.3190025927 16.422675076720587 0.05650484506194625 0.0002189446325373342 0.00020567690729087433 0.37900776564674743 0.0030528634745804473 0.004341001051434312 -1.0537921590484965e-13 7.387780845871719e8 1.0400221012471637e8
58400 960721.2087873884 16.423013483570962 0.058666652925636116 0.0002208637571712613 0.00020595859561875108 0.41927996393360445 0.0028697805013242483 0.002989024426409692 -1.8407247209854313e-12 7.387780845871793e8 1.0400221012210274e8
58600 964007.2387013361 16.438454269010474 0.057145221767801686 0.00022136865114655153 0.0002078128276379339 0.40388959234041977 0.00403304486476741 0.0035117897676161247 2.525547954757606e-14 7.387780845871772e8 1.0400221011755736e8
58800 967298.611357269 16.481776102820913 0.05669322489939406 0.00022163664534809914 0.00020757442679462997 0.34182120620971546 0.002112564806709183 0.003234144917200754 -7.15684235159904e-13 7.387780845871651e8 1.0400221011236137e8
59000 970600.1326522588 16.498853231359217 0.055199820149857706 0.0002219224739161252 0.00020710533310634016 0.2905101767646556 0.0024126234709611616 0.0024860629976725113 -2.6751242598707136e-13 7.387780845871806e8 1.0400221010731114e8
59200 973893.8939099378 16.44558845374015 0.0573235552836983 0.00022226241784606047 0.0002073087018756491 0.303253773484812 0.003804118724652028 0.0024104327361190725 2.8832062847362415e-13 7.387780845871694e8 1.0400221010435708e8
59400 977180.7645897324 16.42501185320293 0.05769634874320346 0.0002226889592862907 0.00020821117010516368 0.3489836656865464 0.0041859074286372255 0.0026027010814464527 4.1543942882378154e-13 7.387780845871825e8 1.0400221010419717e8
59600 980465.5546699023 16.42653439463221 0.058921235194084466 0.0002226007749271644 0.0002107697542153754 0.3428771718972712 0.0030406108034269907 0.003097154838676175 -2.546914100984353e-12 7.387780845871766e8 1.0400221010735561e8
59800 983750.4819310541 16.42947271662844 0.05754637366422202 0.00022390767402733676 0.00021200318244717382 0.38931399836565106 0.0034247239603784063 0.0031836806025717923 -4.279953765658053e-14 7.387780845871754e8 1.0400221011244267e8
60000 987038.2896534859 16.453063062913184 0.056390691984192325 0.00022383732590644065 0.00021364242149975326 0.342246906579021 0.003566668054029165 0.0031394725545921265 3.912550863901282e-13 7.38778084587165e8 1.0400221011759879e8
60200 990334.4094707759 16.514384924639277 0.05631163161453209 0.00022462476109364425 0.00021379062121851833 0.3197466914298275 0.0022979103043893057 0.002738722030963703 -8.280435510064199e-13 7.387780845871733e8 1.0400221012075312e8
60400 993634.6522729715 16.469829574412298 0.059371597042926834 0.00022592941046733047 0.00021262940615204167 0.29153715568645566 0.0028351767485481627 0.0024470119423400938 8.837120496635165e-14 7.387780845871745e8 1.0400221012104358e8
60600 996924.4021985168 16.43452749777489 0.06249888334342221 0.0002263429508055688 0.0002130619864469997 0.34298807276718435 0.004196320226205641 0.003192888488486645 6.152481399487961e-13 7.387780845871804e8 1.0400221011832425e8
60800 1.0002097835542327e6 16.422178277360338 0.06280698033727596 0.0002274254393677894 0.00021446288121846846 0.35847833580010047 0.0026985764765830034 0.0041092467329607585 -1.4460217026164382e-12 7.387780845871674e8 1.040022101136599e8
61000 1.0034946603166093e6 16.422746823177377 0.0608353817030442 0.00022985255258011018 0.0002145640899567876 0.347366252761276 0.0025719536788535446 0.00304316678812383 -1.270286295582615e-12 7.387780845871764e8 1.0400221010864338e8
61200 1.0067804102856239e6 16.436406275982034 0.057723448013064685 0.0002310261515667642 0.00021578707562225534 0.3478165488013474 0.004075193410278732 0.0031798264478600236 -9.28253740624243e-13 7.387780845871806e8 1.040022101043602e8
61400 1.0100709818097445e6 16.475854601172287 0.05854550267939692 0.00023107761319445327 0.0002163168269955455 0.33158217710115423 0.0024136308094133696 0.0033216967227943095 -1.8769308784447824e-13 7.387780845871742e8 1.040022101016001e8
61600 1.0133720526066293e6 16.506002716153482 0.0591901352599604 0.00023202873823215247 0.000215931229463205 0.3121053376908094 0.0024190064808922163 0.0023419509326561005 -6.531466749036032e-13 7.387780845871724e8 1.0400221010004884e8
61800 1.0166668746774077e6 16.449012583867063 0.06170051344670898 0.00023255222162638355 0.00021599418052624793 0.3048511753818275 0.003555125645062329 0.0022433203550070724 -8.906251437088694e-13 7.387780845871695e8 1.0400221010033204e8
62000 1.0199541643442815e6 16.426748032953864 0.062293883042605816 0.0002325022302373995 0.00021737775456229014 0.32716704985432443 0.00375367612379085 0.00233002421784545 1.0373383825952186e-12 7.387780845871716e8 1.0400221010242364e8
62200 1.0232389292675211e6 16.427707370102674 0.0612684024594457 0.00023290227803019842 0.0002197417490258574 0.34762404061257257 0.003035851146763191 0.002715488620400497 -6.235807568988812e-13 7.387780845871756e8 1.0400221010595003e8
62400 1.0265238208424128e6 16.427381093760456 0.05843721479564134 0.00023436702134581262 0.00022119643597307302 0.38210903832259646 0.003458646984446645 0.0029436268969845747 -6.058912451421876e-13 7.387780845871799e8 1.0400221010941021e8
62600 1.0298111864203741e6 16.44926392235473 0.057842003677982194 0.00023484303288751713 0.0002221536273482169 0.36669083684682846 0.003825251624156145 0.0030943430392020854 1.234478344592783e-13 7.387780845871762e8 1.0400221011133265e8
62800 1.0331061654493638e6 16.506840382750102 0.0606817289977495 0.0002347196514157315 0.00022235286224278955 0.34053288462564524 0.0026299285827584076 0.0029977107183156715 1.021600612005403e-12 7.387780845871792e8 1.0400221011122568e8
63000 1.0364071576573154e6 16.475439907934202 0.0623258671452577 0.0002364287832346209 0.00022091081850786625 0.3045781294331391 0.0028673117120456837 0.0025716869162260014 -1.0729749899359065e-13 7.387780845871724e8 1.0400221010987939e8
63200 1.0396951754486123e6 16.436357106104335 0.06155100225856882 0.00023674566845685826 0.0002216537695594998 0.3277477090323373 0.003973795939872904 0.0028340744156335473 -9.976986515633556e-14 7.387780845871743e8 1.0400221010879764e8
63400 1.0429808398383651e6 16.42219303530933 0.058750091079330984 0.00023789024419721945 0.00022235242190142522 0.31002714747955906 0.002738919505009596 0.003562769081282613 6.826637294567056e-13 7.387780845871744e8 1.0400221010827954e8
63600 1.0462657262951848e6 16.42297066803733 0.05760177209952389 0.0002395661422536682 0.000222466649806726 0.3620042515321984 0.0031561830851468686 0.003306121045580118 9.344604010770357e-13 7.387780845871718e8 1.0400221010733308e8
63800 1.0495512560288524e6 16.434897177476007 0.05766993677970422 0.0002408537571656771 0.00022303460556320819 0.33868485869970755 0.004312938165037528 0.003219929906352892 1.0525094747476417e-12 7.387780845871723e8 1.0400221010461898e8
64000 1.0528411354657416e6 16.47048372858195 0.060071234051941445 0.00024090558218044537 0.00022378306861491724 0.3307124918792397 0.0031811659703713246 0.003806328030195427 5.6209906299308e-13 7.387780845871758e8 1.0400221010056794e8
64200 1.0561415352528747e6 16.513469403130618 0.062081706037142095 0.00024063639792300755 0.0002235624921082453 0.34586740079794254 0.003114298672412641 0.0029152825731386667 7.852976180668901e-13 7.387780845871705e8 1.0400221009668636e8
64400 1.0594374885111952e6 16.452809209645263 0.06305425040986795 0.00024108219286642213 0.00022282231042308564 0.30843807016026403 0.0036377940605289982 0.002853737409884316 4.099229291030159e-14 7.387780845871747e8 1.0400221009458998e8
64600 1.0627252248089882e6 16.428822200904232 0.061001404271615774 0.00024124110263392694 0.00022375064451460116 0.32487438424141146 0.004047540810206751 0.0028156259618747903 -3.424374620175224e-13 7.387780845871819e8 1.0400221009423925e8
64800 1.0660100065226003e6 16.42581626230424 0.059809788912563 0.00024092773539247296 0.00022612138379874935 0.33277374833051 0.003303407140891279 0.003141064276790839 -2.0473397953352425e-12 7.387780845871708e8 1.040022100953147e8
65000 1.0692948952967732e6 16.42566479276105 0.0594342659725403 0.0002422018091556168 0.00022646704620989095 0.39447983760874195 0.00319874915337226 0.0031660518871078347 6.991414365872383e-13 7.387780845871723e8 1.0400221009743151e8
65200 1.0725818713436087e6 16.445969957171563 0.06039673247755097 0.00024255869870422922 0.000227638547688182 0.4103214179558563 0.004522146005154104 0.003330180837855634 7.810360430613637e-13 7.387780845871758e8 1.0400221010077307e8
65400 1.0758758117369355e6 16.499793096344888 0.059577818629376035 0.00024223463762809353 0.00022837185064689502 0.3505910488747759 0.0035704460501949226 0.003141676514949454 1.0894392958871765e-13 7.387780845871656e8 1.040022101045937e8
65600 1.079177302493047e6 16.48130846759643 0.05811785894577109 0.00024311148667281504 0.00022714031462881822 0.3469339113453316 0.0034894173438080323 0.002545912716001686 1.113982598479651e-13 7.387780845871785e8 1.040022101077245e8
65800 1.0824685946990335e6 16.438435103401968 0.05788721608540806 0.00024355651770797745 0.000227336129543847 0.3196783406333452 0.004261517070826226 0.0027083988589271524 -2.8812152523886457e-13 7.387780845871735e8 1.0400221010831389e8
66000 1.0857545568150554e6 16.42251640497469 0.057726143966114064 0.0002445950046895679 0.0002274906522407161 0.29319292450782086 0.0030098671150015077 0.003961011505208112 -4.57156342641357e-13 7.387780845871735e8 1.0400221010515556e8
66200 1.0890394269722316e6 16.42337520635287 0.05886505638817534 0.0002466138413091252 0.00022765648906326554 0.36948804198436846 0.002952176260231032 0.0032146914643621516 5.852180116753517e-13 7.387780845871665e8 1.0400221009909546e8
66400 1.0923247324334595e6 16.43354633616961 0.05873105961146588 0.0002482274714403289 0.00022803652016266564 0.3694573987231706 0.0038643156895414865 0.0027794850420570505 -8.491676384327355e-13 7.387780845871732e8 1.040022100921313e8
66600 1.095613955440045e6 16.46536555830787 0.05876819856735912 0.0002477891715857685 0.00022881723076604663 0.32471627176164475 0.0029800310623078197 0.003567669094192455 1.1743147075201538e-12 7.387780845871668e8 1.0400221008684829e8
66800 1.098913441613723e6 16.521237228394327 0.057107888859180694 0.00024790665058167045 0.00022933770007445178 0.3146035751742602 0.0027787583350262768 0.0028055728763574095 -2.1480673661953133e-12 7.38778084587174e8 1.0400221008451152e8
67000 1.1022105979024093e6 16.457047713114815 0.057306263376618476 0.0002493177298910251 0.00022832054393688795 0.3233665384543656 0.0033458123650953464 0.0028385602687713285 7.940753904839334e-13 7.387780845871698e8 1.040022100859439e8
67200 1.1054988470767443e6 16.4313964510586 0.05772877193954578 0.0002491205955905478 0.0002290494989589573 0.29046041784022236 0.003915625786861998 0.0029214060662266506 1.4037869289430699e-12 7.387780845871744e8 1.0400221009004857e8
67400 1.1087837559801207e6 16.42452430028428 0.05798355106881241 0.00024877992010920624 0.00023147489306593838 0.3340251495337725 0.0030957948477634556 0.0037099599252309323 -1.7853529627262937e-13 7.387780845871733e8 1.0400221009508282e8
67600 1.1120686670107925e6 16.424458575370732 0.05766240085993203 0.00025067390403412846 0.00023145251143019018 0.38045074190631567 0.003254415323205584 0.0024762405212193084 -1.4619633625764644e-13 7.387780845871737e8 1.0400221009955275e8
67800 1.1153552748143533e6 16.44292881489862 0.05683274061029007 0.0002499197652525389 0.00023295808099106137 0.3711541973698331 0.004040753261001839 0.00294520910071161 1.0956938176944787e-12 7.387780845871669e8 1.0400221010245243e8
68000 1.118648247737947e6 16.49325378819169 0.05552938995416997 0.00024984638953577746 0.00023341669423898432 0.32755133834143635 0.002896036384928191 0.002799535593569491 -7.739621348648587e-13 7.387780845871705e8 1.0400221010318547e8
68200 1.1219499885120403e6 16.487328481475014 0.05598145062516991 0.0002508708883998504 0.000232251136838352 0.3330705478674645 0.002854298427756863 0.002216909696528546 5.849270146399339e-13 7.38778084587182e8 1.0400221010197352e8
68400 1.1252421291751687e6 16.440881332693632 0.06050884007552992 0.00025067336554865236 0.00023222782219624823 0.33175090083750547 0.004130745017876469 0.0026776852786865035 5.367670052782887e-13 7.387780845871657e8 1.0400221009934717e8
68600 1.128528437938702e6 16.42335737802516 0.0615012512872672 0.0002518001009220372 0.0002317629551556105 0.3196778616766096 0.0032060096339354693 0.00382656003878612 -1.6700817620714194e-12 7.387780845871716e8 1.0400221009531803e8
68800 1.1318133110092317e6 16.424042888307756 0.06004923703372284 0.00025307306554979675 0.0002322688625956695 0.46924452381199444 0.00355734553043896 0.0032463090658214067 -4.883887481400802e-13 7.387780845871682e8 1.0400221009127127e8
69000 1.1350984111238488e6 16.432603614509755 0.05705828874750904 0.0002538945396005576 0.0002322405123405428 0.382287111651749 0.003746040074008583 0.0032218059833756807 -1.429354464522048e-12 7.387780845871732e8 1.0400221008889608e8
69200 1.1383870618785322e6 16.460634402466763 0.05582164621638435 0.00025348785074274805 0.00023295777852584538 0.3253842168032861 0.003034222906525219 0.003080985928160279 -8.687142156144177e-13 7.38778084587178e8 1.0400221008922963e8
69400 1.1416853952276746e6 16.528757841132535 0.05503783149264107 0.0002535195798805374 0.0002331959613193777 0.3149796780962788 0.0027508307700192525 0.0026788521512313146 -2.426961222284745e-12 7.38778084587171e8 1.0400221009152885e8
69600 1.1449837769755225e6 16.461423966950573 0.05811161907179898 0.00025425971792785514 0.00023226835967629728 0.31155499146552756 0.0034709807936987858 0.002535477752975357 -7.74396715963805e-15 7.387780845871705e8 1.0400221009475091e8
69800 1.1482725455440124e6 16.433128550785707 0.060157165041021546 0.00025383372492192036 0.00023317776194753913 0.34534674801943765 0.004140243895778273 0.002656807910821124 1.2694535080141495e-12 7.387780845871757e8 1.040022100971828e8
70000 1.151557637591771e6 16.42362320210095 0.0600999928832067 0.0002530599605639081 0.00023535743034331204 0.3803623744061042 0.00369762634108195 0.0036933504965831476 -4.641412287184743e-13 7.38778084587166e8 1.0400221009841932e8
70200 1.154842544613893e6 16.423429118028377 0.05820583418489181 0.0002543797621333088 0.00023578992665322827 0.41195196570060943 0.003324838803926755 0.0028198846225397922 2.7067318983887915e-13 7.387780845871779e8 1.0400221009910038e8
70400 1.1581287913482978e6 16.440090402706648 0.05567175269017879 0.00025465493616565877 0.0002373278883574387 0.36313980123668443 0.003584434338203435 0.002913446852466306 1.2232022094703435e-12 7.38778084587173e8 1.0400221009968196e8
70600 1.1614208121497224e6 16.486637741605374 0.056850579110607855 0.0002550996701244657 0.0002373922098077053 0.3718940407925402 0.002984970044461299 0.002897793209244104 2.731964404486203e-13 7.387780845871819e8 1.0400221010032809e8
70800 1.1647225319067119e6 16.493742960699755 0.05804804569723414 0.00025585574941280626 0.0002371500832342826 0.373915190639309 0.0027239683953911298 0.002181105383425308 -2.5956131488511615e-12 7.387780845871588e8 1.0400221010028893e8
71000 1.1680123460291256e6 16.443566771573952 0.061028745733255035 0.00025584464482608947 0.0002373461182298371 0.33678074573799677 0.004430208033034955 0.0027850141697756126 -6.743664850389377e-13 7.387780845871665e8 1.0400221009993052e8
71200 1.1712989921606265e6 16.424271206451852 0.05908561683586426 0.00025694091880150324 0.000236891483680843 0.4254194888294478 0.0038644829807803482 0.004378723158598663 -8.953481021718674e-13 7.387780845871706e8 1.0400221009880285e8
71400 1.1745838454869846e6 16.42513570127898 0.05716773234608257 0.00025761413205175926 0.000237886523689397 0.39864325251028276 0.0035230904049954326 0.003329587665098166 -2.416810786220369e-12 7.38778084587179e8 1.0400221009729825e8
71600 1.1778687819270683e6 16.43099934190169 0.055210793517622654 0.0002591318170115892 0.00023838077996966145 0.3587940741545026 0.0036240500730104763 0.003116882397182552 1.23652681056579e-12 7.38778084587176e8 1.0400221009510718e8
71800 1.1811568865511625e6 16.455958898927054 0.05644769014542654 0.00025951983567601715 0.00023888764943456883 0.32564737719985715 0.0030032622090330197 0.0030960832239903535 2.447667958699738e-13 7.387780845871817e8 1.0400221009264724e8
72000 1.1844539052681471e6 16.52039520956559 0.05861495587243954 0.00025913982944648846 0.00023931894306513833 0.4472623102419675 0.0027541787460143574 0.002708455475540439 3.1574135569921025e-13 7.387780845871685e8 1.0400221009061913e8
72200 1.1877534573333487e6 16.466224974019443 0.06033888051324284 0.0002605637473390077 0.0002383829052608028 0.3353363191426979 0.0033771417035606266 0.0025878001758372626 -1.8504941806679115e-12 7.387780845871811e8 1.0400221009057184e8
72400 1.191042801502538e6 16.434088209052778 0.06159082807437512 0.0002598150783312006 0.00023985880238343673 0.34750186051132914 0.004673909803074805 0.0026863940018013177 -1.7278035128369737e-12 7.387780845871722e8 1.040022100933859e8
72600 1.1943280667429753e6 16.422800193415345 0.05966796349277596 0.0002595653894533901 0.00024173366043282298 0.3577317345107076 0.004366473831907025 0.0034594722893842578 -9.146986871068333e-13 7.387780845871702e8 1.0400221009830706e8
72800 1.1976129259807803e6 16.4225133770114 0.05902837556730837 0.0002611307930985675 0.00024200750483317375 0.3574206729629168 0.0029333778799761623 0.003357097306347756 3.997897231262633e-13 7.387780845871809e8 1.0400221010429098e8
73000 1.2008988033975286e6 16.437459454136516 0.05926209189083099 0.00026137105800819145 0.00024301893665404524 0.3742365472317033 0.003820033592621064 0.0034448656001036526 -1.3994439896348773e-12 7.387780845871779e8 1.0400221010929492e8
73200 1.204189898155718e6 16.48002771176173 0.06119972071036918 0.00026130092603149005 0.00024308329101717718 0.42447850933717746 0.0026216669324009567 0.0033249981776392046 -2.477077803818739e-12 7.387780845871772e8 1.0400221011180766e8
73400 1.207491304918652e6 16.500571046171576 0.06081086539809908 0.0002616699980683194 0.00024336410427150317 0.4195858338443941 0.00270288698881338 0.0024307640302594358 1.105765761137459e-12 7.387780845871718e8 1.0400221011080305e8
73600 1.2107853423458738e6 16.446633100977316 0.061162660540577916 0.0002631329558701279 0.0002430528685427823 0.3432686152864335 0.0044212477951830476 0.0028821669799004024 7.193638160945948e-13 7.387780845871661e8 1.0400221010705046e8
73800 1.2140723653689162e6 16.4254813006315 0.05975488542278662 0.00026476643167204245 0.00024230275262954212 0.3593667653276498 0.004326067881820661 0.004358589167584581 5.052627472859516e-13 7.387780845871786e8 1.0400221010137247e8
74000 1.2173571700989075e6 16.426343065503627 0.06024419062912666 0.00026562200979173125 0.00024283238679946118 0.3657414154220078 0.003093862673616221 0.0036839801775325753 -8.743733421716216e-13 7.387780845871842e8 1.0400221009566227e8
74200 1.2206419674085781e6 16.428439324460868 0.06172054229071191 0.000267059838576745 0.00024315241867108365 0.36021555750812695 0.00326597527535899 0.003923520243478584 -1.1113904275194163e-12 7.387780845871642e8 1.040022100917668e8
74400 1.2239295505639894e6 16.451587170775685 0.06356994998920867 0.00026739837683792996 0.00024416109270267915 0.40993993081792723 0.0037899902625888604 0.00370469893468639 -3.1755051489966957e-13 7.387780845871754e8 1.0400221009080212e8
74600 1.2272253216896998e6 16.51237848938558 0.06370618080235467 0.0002672831631319843 0.0002455291321530896 0.4477993689513369 0.002992667626149803 0.0030246402351081295 -2.0365542390965255e-12 7.387780845871743e8 1.040022100926334e8
74800 1.2305257506760326e6 16.47115776830173 0.06199977054573485 0.0002691271211295756 0.0002444623574897336 0.3873009564272252 0.0034899989057453062 0.0027214752591087077 3.6929821139534733e-13 7.387780845871819e8 1.0400221009663223e8
75000 1.2338156951079962e6 16.43518546256602 0.06087321115479716 0.00026852118270440247 0.00024635656032703985 0.3383875126160092 0.005419248627609674 0.0026729147998840186 1.3501171204502904e-12 7.38778084587171e8 1.04002210101826e8
75200 1.2371011487936059e6 16.42221227285831 0.06104131838494591 0.00026800926200514977 0.00024787158615975847 0.3474630486252863 0.005021621996808223 0.0033538939112559563 -1.3516898445594727e-12 7.387780845871667e8 1.040022101066983e8
75400 1.2403859808567727e6 16.422233420532063 0.06350780977951932 0.000267838365153945 0.00024866804648147385 0.3985078213336237 0.00293978975496334 0.003947488051580156 -2.1259496770493804e-12 7.387780845871716e8 1.040022101098809e8
75600 1.2436715826237418e6 16.435589676465746 0.06371676431791644 0.000267872873048105 0.0002501925417704845 0.4128710665163453 0.004665226347062124 0.0038286851356997276 3.334021955132179e-14 7.387780845871731e8 1.0400221011010185e8
75800 1.2469619172455107e6 16.47436238541173 0.06304886960990132 0.00026812394043930455 0.00025143907766565006 0.42721050699719854 0.0034222382116050887 0.0034786661205403746 4.123064245575893e-13 7.387780845871824e8 1.0400221010783774e8
76000 1.2502628263119059e6 16.507538329975258 0.06194602495581097 0.0002689041834992346 0.0002512951860370566 0.4555321828718206 0.003113152193836344 0.0026349734666670788 -8.906921496051828e-13 7.38778084587173e8 1.0400221010446818e8
76200 1.2535578857638096e6 16.449864319984865 0.062130780118390946 0.0002706686390114025 0.0002499317344485801 0.3497499153309036 0.004381707333149354 0.00304462873653244 5.259847993343873e-13 7.387780845871723e8 1.0400221010154015e8
76400 1.256845282830883e6 16.42701077311802 0.06265062207841414 0.00027166217483329215 0.00024970240010703553 0.325306780045139 0.004656497350936428 0.004610487518900808 8.014173222656917e-13 7.387780845871744e8 1.0400221009948525e8
76600 1.2601300360819704e6 16.427336883415503 0.06550361725247396 0.00027146374069507456 0.0002510633202367557 0.3808246632668215 0.0032422289057328912 0.003871371657057754 1.6626996267518732e-12 7.38778084587168e8 1.0400221009828554e8
76800 1.2634148471616853e6 16.42659000802605 0.06742555944356321 0.0002730483833592166 0.00025081064390475506 0.3846143955634034 0.0033461128360123826 0.003559544876006404 -1.5405804234937788e-12 7.38778084587174e8 1.040022100978336e8
77000 1.2667020575646777e6 16.4482058345837 0.06529745955029645 0.0002733910553679355 0.00025242771810096145 0.4622681165310496 0.00440259072207505 0.0038664756752879725 1.2183394958521777e-12 7.387780845871783e8 1.0400221009811285e8
77200 1.269996765342589e6 16.505192489310172 0.06214004005832254 0.00027421247743045354 0.00025263716439785004 0.41137899396926514 0.002545239590450832 0.0030319416874287075 -1.3668092464490256e-12 7.387780845871677e8 1.0400221009940553e8
77400 1.2732978760911801e6 16.47665306021792 0.060298394273152416 0.0002760411128594215 0.0002513954413653759 0.35929353606661607 0.002845749222042504 0.0028372193602674844 -5.870156841507287e-13 7.387780845871696e8 1.0400221010134588e8
77600 1.2765885403157151e6 16.436841953964425 0.06338269739087901 0.0002756631851171894 0.0002523040142719372 0.344370432991127 0.004802113643106232 0.0028759531938138405 -1.5919701170577254e-12 7.387780845871711e8 1.0400221010340293e8
77800 1.2798742527843742e6 16.422133717048315 0.06549832110188453 0.00027556046506400174 0.00025308983987914677 0.3400200860996847 0.004494799162816365 0.003098258444886204 -5.700545773396501e-13 7.387780845871779e8 1.040022101044154e8
78000 1.2831590903768144e6 16.422576781671633 0.06733591423189325 0.0002751965848778884 0.00025491870125381335 0.4515656218716231 0.002757592847076995 0.0032670895072119954 -6.272996290142897e-14 7.387780845871716e8 1.0400221010503076e8
78200 1.2864444843755455e6 16.434169883313 0.06678391969978331 0.00027625939432404526 0.00025596814913847774 0.3873055030398973 0.004250940188096353 0.003358251941559809 -1.05522034186706e-12 7.387780845871812e8 1.0400221010597599e8
78400 1.2897341489921329e6 16.469123270326758 0.06552187981861873 0.000277079522248387 0.0002564923125410833 0.38765118318178793 0.0034408252015219742 0.0035999174104024423 -6.925346552107462e-13 7.387780845871818e8 1.040022101074078e8
78600 1.2930343435059176e6 16.514883226734742 0.06420258676743576 0.0002775656598396986 0.0002562518396635092 0.41838415123675077 0.003145010115546798 0.0031502896108650535 4.300093823635653e-13 7.387780845871875e8 1.0400221010829747e8
78780 1.296e6 15.059550294885412 0.06656061023726496 0.00027870136491549714 0.0002547081315295382 0.35383544905380404 0.003342645112150988 0.0030830418730062314 1.996806341403471e-12 7.387780845871732e8 1.0400221010807988e8
