#timestep time dt l2_h l2_h_vcon1 l2_h_vcon2 linf_h linf_h_vcon1 linf_h_vcon2 dsdu_ut mass entropy 
0 0.0 100.0 0.0 0.0 0.0 0.0 0.0 0.0 3.078352338617511e-12 9507.350780127965 7.38778084907083e8
50 1592.9536375203688 31.84515665472273 0.00010270149038792152 1.278599272341719e-8 2.670018184026644e-8 0.0007002740694588283 1.3899035766762324e-7 2.256758747792853e-7 4.1859023695804826e-12 9507.350780127932 7.38778084907078e8
100 3184.8276521136786 31.833401202870604 0.00014015711254002176 2.385898986065348e-8 3.8405615587949973e-8 0.0009132281629717909 2.4125554714399255e-7 2.858606108213646e-7 3.922932943712624e-12 9507.350780127952 7.387780849070791e8
150 4776.630447894551 31.84193423491003 0.00015556497871114966 2.7426573050444783e-8 3.611233294886104e-8 0.0010102503747475566 3.2001795891023477e-7 3.989939561591105e-7 3.2589600313005916e-12 9507.350780128025 7.387780849070762e8
200 6369.379927229042 31.870864666204756 0.00013337745381662377 3.008345148353614e-8 3.698421160645074e-8 0.0010371547232352896 4.872478328032948e-7 5.517712345914916e-7 4.392295845584866e-12 9507.35078012798 7.387780849070848e8
250 7964.095070680291 31.920128500893682 0.00011281315529678241 3.287340601962356e-8 3.897010951380923e-8 0.000806505262517021 6.647077100824239e-7 6.577036248140572e-7 3.215454060109218e-12 9507.350780128012 7.387780849070804e8
300 9561.786981858544 31.98947574787713 0.00011258985945606695 3.454004872059787e-8 4.025365732043821e-8 0.0007230865912788431 7.975237717380845e-7 7.412535066846776e-7 3.744410091629209e-12 9507.350780127977 7.387780849070784e8
350 11163.189017138624 32.03602794782648 0.00011822337678340792 3.538737211491309e-8 4.0253698034127355e-8 0.0007299942408280913 8.811446465355199e-7 8.72106735480549e-7 2.4437165220266723e-12 9507.350780128001 7.387780849070811e8
400 12762.863108623573 31.955808838258264 0.00014072295851851757 3.6742827068664926e-8 4.086892278678036e-8 0.0009782759775589511 9.56451591167546e-7 1.0085933275782999e-6 4.181991139695159e-12 9507.350780127941 7.387780849070812e8
450 14359.03087026228 31.895453911083248 0.00017082522679205204 4.0159649437417814e-8 4.234676020172113e-8 0.0011252528684053686 1.0715795208532386e-6 1.2010886095772944e-6 4.275244202697659e-12 9507.350780128012 7.387780849070807e8
500 15952.695449724077 31.85532020568605 0.00017424302142043008 4.6364981466595023e-8 4.480273502251306e-8 0.0014474481799879868 1.304294970264075e-6 1.5652343424849002e-6 3.71635376565299e-12 9507.350780127996 7.387780849070814e8
550 17544.872865077778 31.835571598776546 0.00015089519963194404 5.137847721649985e-8 4.780993782597823e-8 0.001201605884489254 1.4350652846606415e-6 1.8590442475707736e-6 3.766497149478928e-12 9507.350780127996 7.387780849070785e8
600 19136.58269869798 31.836192523754946 0.00013243735327856556 5.258507150857796e-8 4.974783309476198e-8 0.0010085283488479035 1.4622282620696536e-6 1.972982592732264e-6 4.384584424156534e-12 9507.350780127954 7.38778084907083e8
650 20728.83940918975 31.856998726881343 0.00012722579937618722 5.374876458942632e-8 5.213021422045103e-8 0.0008537657631677575 1.347240208032785e-6 2.033195575776303e-6 4.161324606845395e-12 9507.350780127992 7.387780849070764e8
700 22322.16890401663 31.858879700186726 0.0001483843284401 5.3483206688382786e-8 5.58856596670976e-8 0.0011267397781011823 1.3882460341979597e-6 2.0581270189223844e-6 4.443317963878433e-12 9507.350780128047 7.387780849070792e8
750 23914.46832028359 31.83687274883305 0.000175613211494744 5.3873519693536845e-8 5.915474662485829e-8 0.0013026337182964198 1.3684166584315705e-6 2.1516613146754793e-6 3.879149376665463e-12 9507.35078012795 7.387780849070811e8
800 25506.180576666797 31.835035640951094 0.0001952575224325778 5.5711828638403466e-8 6.09757501408777e-8 0.00157911660062382 1.340323146400979e-6 2.183730871158085e-6 3.635708340638643e-12 9507.350780128003 7.387780849070814e8
850 27098.319766408815 31.85356129862599 0.00019810167055660374 5.899442967956615e-8 6.195095863877549e-8 0.0017052277075890743 1.3637599553320556e-6 2.126027877885628e-6 3.980408687039683e-12 9507.350780127948 7.387780849070808e8
900 28691.90540289541 31.8924754618426 0.00018543892503482249 6.238197715463991e-8 6.222413384001628e-8 0.001573485667222485 1.396321697762909e-6 2.0651764241347292e-6 3.546637881401175e-12 9507.35078012796 7.387780849070783e8
950 30287.953758054293 31.951624161134006 0.00017081769213805363 6.553225697536818e-8 6.204326550858163e-8 0.0015966026983278425 1.4157437970795366e-6 2.241199573163599e-6 4.304241004288741e-12 9507.35078012798 7.387780849070799e8
1000 31887.468577518364 32.03066170683442 0.00017142081605508986 6.807120860653171e-8 6.187219965336188e-8 0.0013713885036850115 1.2993299706859363e-6 2.4151502296260174e-6 4.033602514291235e-12 9507.350780127957 7.387780849070787e8
1050 33488.953623551475 31.99426789982087 0.0001850872080803044 6.970299930551815e-8 6.317583182958922e-8 0.0012829122365474177 1.322675188653033e-6 2.620706370332071e-6 4.457603620953461e-12 9507.350780127945 7.387780849070847e8
1100 35086.78541142629 31.923725051044915 0.00020340669765630496 7.128077011391668e-8 6.563666125785612e-8 0.0020333836673671613 1.346977619165468e-6 2.8909488639095038e-6 3.764621941611736e-12 9507.350780127983 7.387780849070843e8
1150 36681.60020994083 31.873246807095047 0.00021888301900704608 7.342705775989066e-8 6.794866812523296e-8 0.0018873294229706516 1.8839457907732227e-6 3.033942275618151e-6 3.684113400071105e-12 9507.350780127967 7.387780849070779e8
1200 38274.40869922918 31.843093646220485 0.00022714856673048626 7.600514968947215e-8 6.917285266756088e-8 0.0018920224265457364 2.1726510553987666e-6 3.082258921399683e-6 3.3296397650922013e-12 9507.350780127994 7.387780849070785e8
1250 39866.22976759685 31.83333950968951 0.0002253984351548894 7.842756491068144e-8 6.887038288932296e-8 0.0018117201416316675 2.123682376301006e-6 2.9069855004282275e-6 3.74089323930452e-12 9507.350780127974 7.387780849070859e8
1300 41458.08153962864 31.843885370436723 0.0002175853948821312 8.068076215041188e-8 6.763728586234417e-8 0.0015612746633451025 1.8757266457003485e-6 2.529528499078948e-6 2.9832939453253097e-12 9507.350780127968 7.38778084907083e8
1350 43050.972955690806 31.874467254009847 0.000221107979066984 8.293840570348726e-8 6.530399967886366e-8 0.001507206172846054 1.5912485474278704e-6 2.3511199090248125e-6 4.558307739616108e-12 9507.350780127968 7.38778084907081e8
1400 44633.61798689723 31.84574113247399 0.00023027634511037074 8.626053842551178e-8 6.532158116347385e-8 0.0015157718989939895 1.998020496329911e-6 2.3895426270459375e-6 3.3784717478063207e-12 9507.350780127996 7.38778084907085e8
1450 46225.50767147134 31.833453027351894 0.0002444278136891497 9.068082624002752e-8 6.680349291959251e-8 0.0015331056638387963 2.596908269925091e-6 2.534081790128706e-6 2.185437508894517e-12 9507.350780127983 7.387780849070833e8
1500 47817.29936256255 31.84144835339442 0.0002470938724438432 9.525190116295209e-8 6.985738599966935e-8 0.0016679238633514615 2.670652547165364e-6 2.537423061083066e-6 3.981496097012695e-12 9507.350780127956 7.387780849070748e8
1550 49410.01079438922 31.869839671620554 0.0002382088738476274 9.942348466352359e-8 7.28522440851034e-8 0.0018513691898078832 2.2877518057184965e-6 3.0152053397958234e-6 2.3381956366525847e-12 9507.350780127974 7.387780849070832e8
1600 51004.6610213566 31.918568548898254 0.0002257555651059171 1.0257515878451494e-7 7.487727517569551e-8 0.001736291171710036 2.3506478800117137e-6 3.2178079424349804e-6 1.5180090066914872e-12 9507.350780128005 7.387780849070798e8
1650 52602.26147242921 31.987389804468165 0.0002185986736462277 1.0486527973922851e-7 7.668000654052607e-8 0.0014767582906642929 3.157116810037497e-6 2.8094675032785954e-6 3.5607143843572753e-12 9507.35078012797 7.387780849070837e8
1700 54203.60159924075 32.038416248491345 0.00022237180215248277 1.0683578341189293e-7 7.769673089480474e-8 0.0013984686329422402 3.418904677587875e-6 2.736303877537427e-6 3.1042415024644176e-12 9507.350780127997 7.387780849070807e8
1750 55803.3819717856 31.9576795965191 0.00023550553087659098 1.0917499176398125e-7 7.953813946318523e-8 0.001673232598022878 3.685148406817884e-6 2.948219223572468e-6 1.5901284100248312e-12 9507.350780127932 7.387780849070796e8
1800 57399.62979771842 31.89679468078992 0.00024886219999211204 1.1209181804133634e-7 8.158173822114528e-8 0.0019729236173589015 3.4060839163574386e-6 3.4298287480138967e-6 2.7845410559446784e-12 9507.350780127987 7.387780849070865e8
1850 58993.34774194888 31.856124092470438 0.00025255545732607725 1.1531573906881815e-7 8.301197369999995e-8 0.0018495093895580794 3.6481338643867822e-6 3.7465824556104366e-6 2.9226287213379718e-12 9507.350780127974 7.387780849070784e8
1900 60585.55160199679 31.83583614321258 0.00023989615916153 1.185436606109499e-7 8.411715802529218e-8 0.0020245421856088797 3.7524284616785586e-6 3.9238943791986e-6 3.279054142351182e-12 9507.350780127976 7.387780849070777e8
1950 62177.26094886873 31.835920123061978 0.0002267592492743026 1.2083505681689258e-7 8.572192438624065e-8 0.0021551733789237915 3.4672634471877295e-6 4.267542639713184e-6 2.2430989542768265e-12 9507.350780127976 7.38778084907085e8
2000 63769.49049133376 31.856196597445297 0.0002239833226443017 1.2216640590405118e-7 8.834407782284473e-8 0.0017864014862425392 3.7640400397109808e-6 4.648716671856734e-6 2.2830248961556427e-12 9507.350780127963 7.387780849070785e8
2050 65362.81748660778 31.85973355207878 0.00022954132229161174 1.2322405002768568e-7 9.18967221827455e-8 0.0016715248784748837 4.653252349773318e-6 5.075727815356812e-6 2.9802174174615235e-12 9507.350780127976 7.387780849070804e8
2100 66955.1461757471 31.83719878797315 0.00023803852345266312 1.244598700490905e-7 9.59463879529777e-8 0.0017379048440488987 4.874470568683176e-6 5.3632317347507286e-6 3.0356619249058964e-12 9507.350780127974 7.387780849070824e8
2150 68546.86109818549 31.8348259931067 0.00024539583668720154 1.2665690941126243e-7 9.899353948166384e-8 0.0018904729495261563 4.228446227938498e-6 5.531413289378007e-6 4.30621241347837e-12 9507.350780127987 7.387780849070804e8
2200 70138.97606922174 31.852812866747577 0.000249229153303859 1.2909777574544896e-7 1.0057390238059895e-7 0.0017506220287941687 4.4833845106451164e-6 5.603978335710913e-6 3.4255022291390946e-12 9507.350780128012 7.387780849070792e8
2250 71732.51056228451 31.89118950162124 0.00024668642414546265 1.3085823726337503e-7 1.0203366452603869e-7 0.001943701058280567 3.819904502544436e-6 5.769231869803826e-6 2.3016238184933414e-12 9507.350780127968 7.387780849070797e8
2300 73328.48104835924 31.949807531336262 0.00023968591268273037 1.3211844399603238e-7 1.0319515831634965e-7 0.0018584828362691042 3.77584315600088e-6 6.012577874150993e-6 2.4909982754702873e-12 9507.350780128003 7.387780849070818e8
2350 74927.89173482021 32.028325727817005 0.0002418838209346944 1.3278537115036556e-7 1.0363592377887933e-7 0.0015908778423181502 3.948728873826024e-6 6.1832442716999725e-6 2.285804563968478e-12 9507.350780128001 7.387780849070811e8
2400 76529.42424140948 31.996403995694493 0.0002524560819690466 1.3412098508600843e-7 1.0429093244101215e-7 0.0017485764656157698 4.063258808084669e-6 6.91581376392747e-6 2.6573897100422857e-12 9507.35078012798 7.387780849070791e8
2450 78127.34949085122 31.925335983439926 0.00026469314419971156 1.3605070086043587e-7 1.0569095607684952e-7 0.001984341555271385 3.853909482029461e-6 7.553836803689262e-6 4.666635693428451e-12 9507.350780127988 7.387780849070847e8
2500 79722.23123352257 31.87432311414109 0.00027069080793081727 1.384199826454365e-7 1.0725530484955674e-7 0.0017325229564448819 3.2845757799854214e-6 8.061739064868512e-6 3.049660892467794e-12 9507.350780127983 7.387780849070807e8
2550 81315.0798005358 31.843630831601736 0.00026806037871533045 1.4100570975435115e-7 1.0730761523375944e-7 0.0023045506168273278 3.435635481358057e-6 8.088070400341651e-6 2.7994843280297947e-12 9507.350780127976 7.387780849070811e8
2600 82906.91398476649 31.833338228696093 0.00026291190661932747 1.4364784336042308e-7 1.058862416290087e-7 0.0028937693823536392 3.835039250332795e-6 7.327732631762229e-6 2.8904649339232006e-12 9507.350780127956 7.387780849070812e8
2650 84498.75205649216 31.843350571539585 0.0002600343083470995 1.4592011771700926e-7 1.0545458484301813e-7 0.002675062252819771 4.206274187457115e-6 6.041134488682376e-6 3.0402164113949736e-12 9507.350780127972 7.387780849070799e8
2700 86091.60331829902 31.873408182435288 0.0002612124588546295 1.4730519353881872e-7 1.0579061475205044e-7 0.0017435085246688686 4.780368862422613e-6 6.702049487550266e-6 4.354470059939138e-12 9507.35078012795 7.387780849070839e8
2750 87674.29244249694 31.84634110059512 0.00026830661609114604 1.4872859373863098e-7 1.0549845052553214e-7 0.0018941570706374478 5.890313944767467e-6 7.374686484623583e-6 3.5525568951055067e-12 9507.35078012796 7.387780849070793e8
2800 89266.1985882885 31.833520856940954 0.0002752013956210802 1.5078779425476166e-7 1.058977725795274e-7 0.0017660676039668033 5.970656091258686e-6 8.070386180974998e-6 3.9272902414213834e-12 9507.350780127967 7.387780849070804e8
2850 90857.97997563353 31.840978713163516 0.0002787699193066963 1.5304589554613563e-7 1.0775177778895179e-7 0.0018601749598019524 4.454679465026867e-6 8.753944779504863e-6 4.233143440872819e-12 9507.350780127996 7.387780849070826e8
2900 92450.65420195357 31.868832128261985 0.00027209298078308705 1.5551807347811625e-7 1.0965515358198375e-7 0.0019112684881292807 4.874491610795673e-6 9.044692219253858e-6 3.4863091227355925e-12 9507.350780127994 7.387780849070791e8
2950 94045.24038419034 31.917025812550992 0.00025545201033765264 1.5841936852499274e-7 1.1096156197118625e-7 0.001898083598462108 5.44668083693467e-6 9.141462433387426e-6 3.339204378164681e-12 9507.35078012796 7.387780849070786e8
3000 95642.7502172142 31.98532012657971 0.0002485435137652405 1.6151254204087533e-7 1.1180686658113417e-7 0.001977483170776395 6.68200745690406e-6 9.017982641836009e-6 5.035399293004284e-12 9507.350780127992 7.38778084907077e8
3050 97244.02208311991 32.04081944664335 0.0002492230103713114 1.640597560140106e-7 1.1339277711194714e-7 0.0027143378501932602 6.827908468398647e-6 9.36210310583524e-6 3.8583028851229825e-12 9507.350780127985 7.387780849070783e8
3100 98843.9094331194 31.95956330290791 0.0002569388805580394 1.6572989628903706e-7 1.1631182508791269e-7 0.002941379505500663 6.306586946253079e-6 1.03792448999801e-5 4.1085890520626635e-12 9507.350780128008 7.387780849070865e8
3150 100440.23791783469 31.898146633095422 0.00026842244660421746 1.6628408156505802e-7 1.2009042880432685e-7 0.002755775078185252 6.231499224601533e-6 1.1073771048586423e-5 2.8388005162529696e-12 9507.350780127974 7.387780849070835e8
3200 102034.00974581424 31.856937357076095 0.00026999120748781764 1.6667532987570332e-7 1.2312930431722856e-7 0.00327741047294694 6.244771904806434e-6 1.1221131741970258e-5 4.532558330924184e-12 9507.35078012796 7.387780849070871e8
3250 103626.2404911088 31.836109393051768 0.00026515803400595743 1.6833077038298572e-7 1.2312425128857163e-7 0.004319935978855938 6.2913059331870524e-6 1.0819526744781927e-5 3.2684863552895145e-12 9507.35078012795 7.387780849070808e8
3300 105217.94980723763 31.835657348712598 0.0002540611012994171 1.7057417370913693e-7 1.2269790961229512e-7 0.0043914370726270135 6.451956053976637e-6 9.510198081069676e-6 4.375232315497794e-12 9507.350780127965 7.387780849070818e8
3350 106810.15269281821 31.85540512017823 0.00024834287971869137 1.7260920137529356e-7 1.2314999303634098e-7 0.002954067378595937 6.297965709195497e-6 1.0397163080100302e-5 3.5006254110774666e-12 9507.350780127957 7.387780849070791e8
3400 108403.4749314456 31.860605054345662 0.00024644139767649126 1.7358369022297959e-7 1.2442292377049975e-7 0.0016333048115484416 8.895187272206506e-6 1.1193086828842347e-5 4.444531727827182e-12 9507.350780127963 7.3877808490708e8
3450 109995.83376847456 31.837542049164906 0.0002497638680340821 1.7319029961559234e-7 1.2722968822879875e-7 0.001830188791245746 9.857604212459847e-6 1.1828872764241272e-5 3.263700219844919e-12 9507.350780127996 7.387780849070804e8
3500 111587.55222103193 31.834633733934325 0.00025597413709363377 1.7297398199282334e-7 1.3013505388669376e-7 0.0017584504967089742 8.164620335038286e-6 1.2005308152068794e-5 5.245098074146705e-12 9507.350780127976 7.387780849070827e8
3550 113179.64383394898 31.85208112898483 0.00025628305846728266 1.735528447592736e-7 1.33433407659337e-7 0.002069101296001463 8.189422397886226e-6 1.173693393119457e-5 5.060153185523731e-12 9507.350780128001 7.387780849070761e8
3600 114773.12798878542 31.889918969400412 0.00025444714335162493 1.744296580896202e-7 1.3585464358606588e-7 0.0023608027477166615 6.027453901824575e-6 1.1303138836196713e-5 3.6191368252752755e-12 9507.35078012795 7.387780849070858e8
3650 116369.0212969893 31.948003039120966 0.00024723528780981683 1.753205174333807e-7 1.3754911555000258e-7 0.0022534328545589233 4.925535556629668e-6 1.0999967512137498e-5 4.172441363642557e-12 9507.350780127965 7.387780849070854e8
3700 117968.3283951288 32.0259998197977 0.000246249932372449 1.7609063814934154e-7 1.39388760852277e-7 0.0026446405463502742 8.209335163045228e-6 1.163184862495309e-5 2.6522949885149e-12 9507.350780127996 7.387780849070824e8
3750 119569.9027905346 31.998554206418078 0.0002491414444954744 1.7714157425011583e-7 1.4238672259759004e-7 0.003167348828355898 8.112335054377695e-6 1.2475613817536368e-5 3.4459062424597225e-12 9507.35078012792 7.387780849070823e8
3800 121167.92222813642 31.9269617356388 0.0002546017981871422 1.7796166853378177e-7 1.4537213662774734e-7 0.0029149873425922124 4.753959468029034e-6 1.2997357581770452e-5 3.7525359923870434e-12 9507.350780127941 7.387780849070767e8
3850 122762.87165223589 31.87541389029982 0.000259892767640706 1.794811593720223e-7 1.4575563012798467e-7 0.002907431211497169 5.057142051512198e-6 1.3189112675351944e-5 4.963569929478882e-12 9507.35078012799 7.387780849070837e8
3900 124355.76097329851 31.844180447068858 0.00025576205547289086 1.81703200818519e-7 1.455253682964013e-7 0.004052666370625957 6.292088912132621e-6 1.2754432457406928e-5 4.636085312272052e-12 9507.350780127996 7.387780849070839e8
3950 125947.60881954149 31.83334657485927 0.0002500670193571458 1.8481788130953916e-7 1.4565530583620952e-7 0.005234740036030416 5.3829531386773155e-6 1.1251116682930995e-5 3.1836396605819024e-12 9507.350780127952 7.387780849070802e8
4000 127539.43364553752 31.842824534877952 0.0002444559005175034 1.8895091463705289e-7 1.4577702023781783e-7 0.004245330856065266 5.17756047516138e-6 1.061475894564845e-5 3.543723603528961e-12 9507.350780127997 7.387780849070814e8
4050 129132.24519613749 31.872358176765108 0.0002394849423645124 1.9204712104637817e-7 1.446860494181322e-7 0.0018862469723899267 7.4713054292741e-6 1.2272522503409267e-5 3.4610191830463494e-12 9507.350780127965 7.38778084907077e8
4100 130714.97655031488 31.846956313382123 0.00023659832307844383 1.9270772070846873e-7 1.4391980019341574e-7 0.002064357833660324 1.053737809686428e-5 1.2885409808843784e-5 2.72220259900591e-12 9507.350780127947 7.387780849070816e8
4150 132306.89995042057 31.83360506379883 0.00024112888095271042 1.9280943721458628e-7 1.4436758247439163e-7 0.0016562918572162744 9.713763967966749e-6 1.279122514979969e-5 3.2866774988873335e-12 9507.350780127954 7.387780849070817e8
4200 133898.67186678515 31.84052573872742 0.0002446515355512202 1.921855800554846e-7 1.4625268112335562e-7 0.001851695586083224 5.0623110082609335e-6 1.2486486830942667e-5 2.0645244119306104e-12 9507.350780127996 7.387780849070837e8
4250 135491.30968871788 31.86783965424457 0.00024406951857208187 1.9139607479598238e-7 1.4808496711000187e-7 0.002053721515039797 5.3014061891926145e-6 1.1965620160162005e-5 3.0673767728159645e-12 9507.350780127954 7.387780849070784e8
4300 137085.83254470487 31.91549685724725 0.00023960546648914814 1.9265489055496434e-7 1.476002708330667e-7 0.0022429685395763954 6.85638561283286e-6 1.1309221377917011e-5 3.01673371644961e-12 9507.350780128023 7.387780849070845e8
4350 138683.25240774057 31.98326278830855 0.00023396919441421234 1.9535633966969988e-7 1.466405834537043e-7 0.002006161592362332 8.263548800541143e-6 1.1233989358348101e-5 1.259871663168492e-12 9507.350780127963 7.387780849070823e8
4400 140284.45036773777 32.043229106510914 0.00022745764391300945 1.957123946885287e-7 1.501759236139958e-7 0.003002981689860462 1.0439086297164835e-5 1.1906492893024034e-5 2.6996618155160428e-12 9507.350780128001 7.387780849070826e8
4450 141884.4451034811 31.961456930666504 0.00023043877073657644 1.948455036023355e-7 1.548186035824226e-7 0.0025522944724798435 7.2963285293881075e-6 1.2531796949238894e-5 3.003633106510663e-12 9507.350780127952 7.387780849070817e8
4500 143480.85482470394 31.899510922101168 0.00024325166520466738 1.9378314342736685e-7 1.5875426036372917e-7 0.0025490726402495056 6.9343423807211035e-6 1.2736168127372438e-5 3.3815674202118854e-12 9507.35078012799 7.387780849070784e8
4550 145074.68114727928 31.857762482823173 0.00025780938158408455 1.9337303517538298e-7 1.6048892000681364e-7 0.0024828865953168133 7.642844958299921e-6 1.2277169043256597e-5 2.7015686118771695e-12 9507.350780128036 7.38778084907083e8
4600 146666.93930923266 31.83639164121345 0.00025810399158229433 1.9498261921648787e-7 1.6056807695247325e-7 0.004611759150066064 8.689771257841539e-6 1.1130589509439348e-5 2.419351263705325e-12 9507.35078012794 7.387780849070779e8
4650 148258.64893893898 31.83539957130795 0.0002584134710867017 1.9687573252764803e-7 1.616007679183961e-7 0.004974076131475158 9.247326147987511e-6 1.2207245753792506e-5 3.101630186965846e-12 9507.350780127994 7.387780849070834e8
4700 149850.82536453742 31.854617128219765 0.0002559600351290705 1.9981580388750402e-7 1.6090798964474995e-7 0.002649526120876544 8.805583987803178e-6 1.3504011534271054e-5 3.7892064049364456e-12 9507.35078012796 7.387780849070822e8
4750 151444.14012742153 31.861485937822046 0.0002541229204316751 1.9964392361612626e-7 1.6023356595934876e-7 0.0031367479623440886 8.632496201477213e-6 1.530639284907931e-5 1.3370011930852385e-12 9507.350780127977 7.387780849070847e8
4800 153036.52965607925 31.8378978159978 0.0002496387212516426 1.980028686209064e-7 1.6203179292391688e-7 0.002509362044293084 1.055491573620504e-5 1.578825083722868e-5 3.5669689061562726e-12 9507.350780127976 7.38778084907081e8
4850 154628.252321674 31.83445601968324 0.0002446063073378134 1.9740082614524102e-7 1.6469106263612875e-7 0.0019363673163752537 7.349933008771181e-6 1.5238732421929413e-5 3.93405879416713e-12 9507.350780127937 7.387780849070811e8
4900 156220.32133954018 31.851365519897058 0.0002481447150951688 1.9665719678573893e-7 1.6704169498044786e-7 0.0021503821506030363 8.947934929393053e-6 1.4067194927802618e-5 2.7813573186469333e-12 9507.350780127928 7.387780849070811e8
4950 157813.75597419566 31.888665011218848 0.0002490490406320423 1.9625140565760283e-7 1.6909438651086483e-7 0.002160566187740187 7.19861219977691e-6 1.3286984943731983e-5 3.0545987484059834e-12 9507.35078012803 7.387780849070817e8
5000 159409.57296580306 31.94621613786334 0.0002495517481170597 1.970065025451836e-7 1.683394210886087e-7 0.0025756349805305945 9.125973295887047e-6 1.3355971113454459e-5 2.725783106932012e-12 9507.350780127997 7.387780849070836e8
5050 161008.7773445958 32.023690857484624 0.0002475540791823029 1.965289072370661e-7 1.699439599595137e-7 0.002467219361278694 1.1394680336063168e-5 1.3537515281093065e-5 2.202812137785488e-12 9507.350780128007 7.38778084907088e8
5100 162610.38713230344 32.00071200575668 0.00024929245174201356 1.9600626689273877e-7 1.71847145228103e-7 0.002764210088571417 1.1684666892386453e-5 1.3930115193905301e-5 2.5326664903043228e-12 9507.35078012797 7.387780849070802e8
5150 164208.50118528746 31.928596580938574 0.00025379104914299193 1.962995281268079e-7 1.7287674351675817e-7 0.0023140123084886 7.652650187151e-6 1.403919098645623e-5 3.940091717895043e-12 9507.350780127972 7.387780849070839e8
5200 165803.51874825277 31.87651390319027 0.00025959163076543087 1.9745827732648575e-7 1.7265064124814907e-7 0.0022752011282136664 7.161680865813702e-6 1.3490189986087309e-5 3.9386391257876086e-12 9507.350780127963 7.38778084907082e8
5250 167396.4492784642 31.844739089891625 0.00025783913488507793 2.0021326743516247e-7 1.7175060868941837e-7 0.0030049253327888437 7.78172492935103e-6 1.2337865927469771e-5 2.570698438734326e-12 9507.35078012798 7.387780849070773e8
5300 168988.31124846044 31.833364189834125 0.00025060642054045685 2.0498638856890117e-7 1.7100053604854393e-7 0.004473881979720318 8.228639503893298e-6 1.1782584805580809e-5 2.154516202241163e-12 9507.350780127968 7.387780849070787e8
5350 170580.12326424744 31.84230655182229 0.00024853819597982576 2.0863924897586758e-7 1.71875605815234e-7 0.0034577226670080563 6.496131260254334e-6 1.3209249297430059e-5 5.729745978174808e-12 9507.350780127992 7.387780849070826e8
5400 172172.89549279143 31.87131611896247 0.0002452098249657411 2.0947978781732582e-7 1.7251394678220543e-7 0.0025863698192551965 6.203461910825325e-6 1.6214686485493957e-5 2.4830126084809797e-12 9507.350780127963 7.387780849070795e8
5450 173755.66969864155 31.84757973742563 0.0002456309432196176 2.0915088447421973e-7 1.7139405885549336e-7 0.0035813721078739036 9.099650452870645e-6 1.7416259719821303e-5 2.0830659006429734e-12 9507.350780127997 7.387780849070814e8
5500 175347.61079091136 31.833698634763238 0.00025014617265999044 2.098218779738167e-7 1.715227254769462e-7 0.002116291990660102 8.063193976060035e-6 1.6894552963026e-5 3.811347067503145e-12 9507.350780127945 7.387780849070812e8
5550 176939.37371778744 31.84008259056176 0.0002612076892427603 2.1032606482503923e-7 1.7206142178437693e-7 0.0019571448046917794 6.173258394873149e-6 1.5362788493289425e-5 3.5974661612092358e-12 9507.350780127954 7.387780849070783e8
5600 178531.97566015835 31.86685841491284 0.00026518693892295815 2.0986269881235967e-7 1.731042222314761e-7 0.002347031920635345 5.268402902977587e-6 1.4628290558468815e-5 3.3390435640137425e-12 9507.35078012794 7.387780849070802e8
5650 180126.4357849623 31.91398049602794 0.0002683835494293422 2.109341055384369e-7 1.7112959900007303e-7 0.002065662004497426 6.399180318264475e-6 1.4619833227719897e-5 3.4379691547451774e-12 9507.350780128001 7.387780849070812e8
5700 181723.76634823382 31.981219593741386 0.00026761566821864943 2.12955075478988e-7 1.686357266604858e-7 0.0022731719254807103 8.136641736655736e-6 1.454620316387184e-5 4.058315485352632e-12 9507.350780127963 7.387780849070808e8
5750 183324.88479787976 32.045650388143166 0.000262216988776119 2.1295882899159207e-7 1.6974066925115798e-7 0.002942191993497545 1.235717631203892e-5 1.4820953639284318e-5 2.369518021456196e-12 9507.350780128014 7.387780849070796e8
5800 184924.98754725227 31.963363636391634 0.00025646160265890833 2.1234598166869762e-7 1.7135122588873183e-7 0.0020416395855136216 8.673159123284702e-6 1.4902615964831889e-5 2.6334427599587963e-12 9507.35078012797 7.387780849070814e8
5850 186521.47916505492 31.9008888977219 0.00026651043213820935 2.1080707053858413e-7 1.7323637251539507e-7 0.0019371887483430328 5.951486743732692e-6 1.43769683632472e-5 4.235649461391609e-12 9507.350780127992 7.387780849070809e8
5900 188115.3607143796 31.85860309394251 0.0002807854301944537 2.1116421872223198e-7 1.7284881587572752e-7 0.002222634874215146 6.984353566913404e-6 1.2737639907556275e-5 4.194842870590987e-12 9507.350780127948 7.387780849070833e8
5950 189707.64709948067 31.836690750877274 0.00028602755124013823 2.136052605918169e-7 1.7274888155569228e-7 0.0038765588287787978 9.41840098417357e-6 1.1451766187053902e-5 3.528030822633221e-12 9507.350780127996 7.387780849070789e8
6000 191299.35791553216 31.83515961876671 0.00029072439616910557 2.1602317785186824e-7 1.7418922462892667e-7 0.004165646992987604 1.0830301472891657e-5 1.1478961720989833e-5 3.4405842991521043e-12 9507.350780127948 7.387780849070773e8
6050 192891.50877806603 31.853847112150103 0.0002997962763370962 2.2047499705273737e-7 1.7115772880787154e-7 0.0022455393896052556 1.0208622962873393e-5 1.330127242901713e-5 4.605922129473123e-12 9507.350780128028 7.387780849070812e8
6100 194484.81399912213 31.86237264769194 0.0003015701271856339 2.1992659714788465e-7 1.7005799371709224e-7 0.0030325525913212914 8.085252357362127e-6 1.545059832872009e-5 3.601932582806132e-12 9507.350780128008 7.387780849070827e8
6150 196077.2344736171 31.83825773206607 0.0003044663743045994 2.1680804603370495e-7 1.731675683472055e-7 0.002364617790590273 8.705226885841189e-6 1.5649960975749888e-5 4.509362804105496e-12 9507.350780128027 7.387780849070818e8
6200 197668.96152007763 31.83428107731338 0.0003044997374150473 2.1675428137221928e-7 1.7591389606654232e-7 0.002172584347135853 6.73240260423702e-6 1.4395143160317314e-5 4.158422294311793e-12 9507.350780127945 7.387780849070817e8
6250 199261.00809134034 31.850653236237832 0.0003090089910752797 2.1554400184365804e-7 1.7882439096790796e-7 0.002264889508296619 8.123268262882899e-6 1.3702063707321521e-5 3.391841338557254e-12 9507.350780127941 7.387780849070776e8
6300 200854.39341781862 31.88741588607118 0.0003070187254747924 2.1386060639526627e-7 1.818185374635254e-7 0.002090051706545637 7.985003988297823e-6 1.3575869377058236e-5 4.108746515918791e-12 9507.350780127972 7.387780849070837e8
6350 202450.13436373396 31.944435735298125 0.0003094443144228207 2.1435600176692067e-7 1.8107191938191296e-7 0.0022759353541914606 9.861275392208935e-6 1.3243551952380958e-5 4.085954460318082e-12 9507.350780128001 7.38778084907083e8
6400 204049.23641901303 32.02139117234175 0.0003031948650787719 2.157932168592174e-7 1.804103573945221e-7 0.0033527630475873593 1.1812693334223301e-5 1.3203369718904623e-5 3.6416147907374325e-12 9507.350780128007 7.387780849070811e8
6450 205650.8755291237 32.00288075790468 0.0003038951477409171 2.1738559947623733e-7 1.7857730586900069e-7 0.002850606728316052 1.1184182682200117e-5 1.297247086024661e-5 3.845024470252269e-12 9507.350780128028 7.387780849070791e8
6500 207249.08479853746 31.9302448520853 0.00031267292121063 2.1874184969533217e-7 1.760919529522051e-7 0.0019943818806495983 8.443370114741278e-6 1.2569341683296709e-5 3.4773585708406544e-12 9507.350780127945 7.387780849070829e8
6550 208844.17126305262 31.877630625408457 0.0003239936875054477 2.1854615559087447e-7 1.7631916238444352e-7 0.0022298689445960918 8.243418385872614e-6 1.222676395720712e-5 3.7900267485516495e-12 9507.350780127997 7.387780849070848e8
6600 210437.14392424497 31.845317691225564 0.00032767175663485647 2.2007419572068814e-7 1.7703835024753842e-7 0.0023106140579329804 7.333312409762982e-6 1.1714627123404764e-5 3.20478097806777e-12 9507.350780127983 7.38778084907084e8
6650 212029.02104813958 31.833402640794972 0.0003280843163450923 2.2484755248795706e-7 1.7652503613462006e-7 0.004490672323299805 9.03798811191514e-6 1.2568561778891763e-5 2.4951569485580965e-12 9507.350780127987 7.387780849070795e8
6700 213620.82129946855 31.841809667110272 0.00033045107962375876 2.289443918148186e-7 1.7715413017237025e-7 0.0028694026932498673 8.250693499189943e-6 1.0629636537889953e-5 2.7315853389314952e-12 9507.350780128023 7.387780849070777e8
6750 215213.55522548163 31.870293296955055 0.00032676290046554075 2.298298878999735e-7 1.7735228032219693e-7 0.0022764233790439903 7.832318003997418e-6 1.3164431226120321e-5 5.136576281848856e-12 9507.350780127948 7.387780849070832e8
6800 216796.37164816537 31.8482144454167 0.00032959935044595744 2.2959430550393373e-7 1.758889177982816e-7 0.0028912688740092563 8.593887601549e-6 1.4126928604779598e-5 2.091663714355645e-12 9507.350780127976 7.387780849070799e8
6850 218388.33093970836 31.833801278944392 0.00033270843942474553 2.3094428323737998e-7 1.7643636348516875e-7 0.002260791366097692 6.9714960542754945e-6 1.3231660823398439e-5 2.0752223818763705e-12 9507.35078012801 7.387780849070817e8
6900 219980.08530696773 31.839647611284285 0.00034015287841405426 2.31166528694033e-7 1.7925383835089266e-7 0.0024016168445086805 7.022031719372546e-6 1.226226392114782e-5 2.31903577924078e-12 9507.350780127987 7.387780849070814e8
6950 221572.65175502974 31.86588481199462 0.00034619260737576887 2.2990037255412767e-7 1.8290574766485264e-7 0.0028112836248510575 5.307825664907506e-6 1.2222441941892037e-5 4.128746340101122e-12 9507.350780127956 7.387780849070827e8
7000 223167.0495192225 31.912471354694954 0.0003508592033338397 2.3090592148764472e-7 1.8208689541917842e-7 0.0025278680777773843 7.133312737883646e-6 1.1925212689677805e-5 2.754733004395737e-12 9507.350780127997 7.387780849070783e8
7050 224764.29115993774 31.979184526957425 0.0003507695701794536 2.3314070318781213e-7 1.7965798785024483e-7 0.0030762823641907744 9.638034760783842e-6 1.1857790735500182e-5 2.4373988232398063e-12 9507.350780127968 7.387780849070832e8
7100 226365.32328170448 32.04808092400996 0.0003411457183612857 2.3342640112751492e-7 1.8030203918341144e-7 0.003254939612816088 1.2578626326142928e-5 1.2179475171070209e-5 1.549325648132565e-12 9507.35078012799 7.387780849070767e8
7150 227965.53451249606 31.965280425861593 0.0003368907726559124 2.333089233804292e-7 1.796426638005182e-7 0.002220747150204261 7.464475722224195e-6 1.1655760922921199e-5 2.999067133296519e-12 9507.350780128012 7.387780849070822e8
7200 229562.10861535516 31.902280168605515 0.0003426789176734343 2.3114633434960493e-7 1.8112851971510056e-7 0.0027796670347015606 7.385133845516645e-6 1.2092802770036215e-5 3.199987184806463e-12 9507.350780127987 7.387780849070808e8
7250 231156.0461415549 31.859460886726467 0.000351183824948524 2.3261308124207108e-7 1.8027487198679097e-7 0.0028542942827698425 6.877406075855852e-6 1.198681071185037e-5 2.116953654044888e-12 9507.350780127957 7.387780849070811e8
7300 232748.3617394912 31.83701189252011 0.0003519085555012222 2.3575832308486227e-7 1.802906518228866e-7 0.0035185421311325626 9.191360142213334e-6 1.1392585896746743e-5 2.1852192611182435e-12 9507.350780127957 7.38778084907085e8
7350 234340.07493978145 31.83494494268753 0.0003584691205422324 2.378569279784723e-7 1.8263407561321562e-7 0.0038776389101258246 1.0167425663981655e-5 1.1189504812270101e-5 3.1214218142563376e-12 9507.350780127977 7.387780849070818e8
7400 235932.201478775 31.85310062560833 0.00036333001710702584 2.43558747446622e-7 1.790198197054427e-7 0.002695170399874769 9.285497052841096e-6 1.2991160208364327e-5 2.162173061725427e-12 9507.350780128005 7.387780849070785e8
7450 237525.49533038694 31.86327737439766 0.00036680061825299543 2.424359850414534e-7 1.8027318183564905e-7 0.0024778327383501164 7.2402586203945685e-6 1.4713766705337639e-5 3.3461921359137906e-12 9507.35078012803 7.387780849070821e8
7500 239117.94761109375 31.838633957171243 0.0003697583664534721 2.4006987475072337e-7 1.8445603754403695e-7 0.0022541066919075092 7.889851071751774e-6 1.4264773335770364e-5 2.1070300808140637e-12 9507.350780128021 7.387780849070855e8
7550 240709.67981557426 31.834120940600123 0.0003735820733993511 2.414036820930554e-7 1.8615169160091127e-7 0.0031310802041844 1.0194421309783763e-5 1.2686514080748057e-5 2.7028685262639216e-12 9507.350780127965 7.3877808490708e8
7600 242301.70461544953 31.849953349868937 0.0003796141694720692 2.397520163017479e-7 1.90809194395628e-7 0.0027773065066867275 8.468374610604013e-6 1.3036005260348704e-5 1.4828787725281557e-12 9507.350780127956 7.387780849070791e8
7650 243895.04123284874 31.886178974988056 0.00037840366738806503 2.375069938428958e-7 1.9548885697379475e-7 0.0029610398569275276 8.510650187532054e-6 1.2639498503757424e-5 1.56578421069944e-12 9507.350780127941 7.387780849070809e8
7700 245490.70676753594 31.942668237231437 0.00037667997422000967 2.3952570219234265e-7 1.9390805691438912e-7 0.0034226399407089048 1.1520963049349575e-5 1.2075845343715447e-5 2.55522821313676e-12 9507.350780127996 7.387780849070855e8
7750 247089.70715648233 32.0191050236094 0.0003706564409869842 2.4202583876065554e-7 1.9224878933446906e-7 0.003048703285458032 1.3306307571792075e-5 1.2104008607047995e-5 2.449166135497275e-12 9507.350780127977 7.387780849070854e8
7800 248691.37008827145 32.005062878857544 0.00036700782323913407 2.432358675451248e-7 1.909386869457096e-7 0.002567130715760868 1.1266825414857351e-5 1.3092316091145584e-5 1.9175078519052655e-12 9507.350780127956 7.387780849070811e8
7850 250289.67520699115 31.93190500521274 0.0003791885636906903 2.4386503761995064e-7 1.882199551714438e-7 0.0025027032497746404 8.92395350737818e-6 1.345509074709983e-5 2.4664602376593903e-12 9507.350780128032 7.387780849070839e8
7900 251884.83114788897 31.87875902470067 0.0003917398769484854 2.4365265751540673e-7 1.8966048882611781e-7 0.002990029964621499 8.978202092640997e-6 1.3066017965218668e-5 2.558935075038599e-12 9507.350780127985 7.38778084907085e8
7950 253477.84655546508 31.84590931307891 0.00040042346101443253 2.447104936899509e-7 1.9261679406122847e-7 0.002246258123705047 8.812702021132601e-6 1.2490264421932684e-5 3.0986206649982845e-12 9507.350780127968 7.387780849070851e8
8000 255069.73955279705 31.833457190946802 0.0004037710411198896 2.4879647736589434e-7 1.9219979105949504e-7 0.004035304398712469 1.1285384002190924e-5 1.1725982380583755e-5 2.7389301423847717e-12 9507.350780128005 7.387780849070863e8
8050 256661.5289133746 31.84133109357219 0.00040776664624107004 2.521542975090149e-7 1.932554568953159e-7 0.002708869840716943 1.0911336590535559e-5 1.1916760263908088e-5 2.4969594071665312e-12 9507.350780128014 7.38778084907083e8
8100 258254.22549193594 31.86929003450143 0.0004082096358243597 2.525400793866234e-7 1.9495904490782217e-7 0.0022805236076237634 8.320299780900653e-6 1.4987752359668649e-5 4.651641209694077e-12 9507.350780128003 7.387780849070859e8
8150 259837.0821564989 31.848867864950986 0.0004131783554771636 2.527762764061421e-7 1.9363714843622785e-7 0.0024744275488046696 7.891298642759281e-6 1.575974412160175e-5 2.3130875701102365e-12 9507.350780127947 7.387780849070826e8
8200 261429.06054540473 31.833921168158305 0.00041485518841606373 2.550560477562631e-7 1.9250274557677045e-7 0.003082874656683998 9.00780980639393e-6 1.4469484207912942e-5 3.695344545505393e-12 9507.350780128007 7.387780849070802e8
8250 263020.807198236 31.839229604639502 0.000420872437854767 2.555264031891789e-7 1.9599431837127939e-7 0.003968240254835109 1.0860952163405102e-5 1.401317121613177e-5 4.441319273716769e-12 9507.350780127977 7.387780849070764e8
8300 264613.339001358 31.864927814734603 0.00042161598828119925 2.543233338246489e-7 2.0170734663548428e-7 0.0030782786088821013 6.399798547329638e-6 1.3799613122367216e-5 4.5087865533979665e-12 9507.350780128014 7.387780849070814e8
8350 266207.6752490381 31.91097963975354 0.0004272933240167813 2.559663834198436e-7 2.0088623238094111e-7 0.0026537188850852544 7.726276054775827e-6 1.3119059461191851e-5 3.1275116929960413e-12 9507.350780128025 7.387780849070812e8
8400 267804.8288702562 31.97716792233015 0.0004219951232697681 2.5882082821819666e-7 1.9899558983384743e-7 0.003405472542908683 1.0970402627930032e-5 1.2915874482377632e-5 5.808427173202692e-12 9507.35078012799 7.387780849070796e8
8450 269405.76939360274 32.0505264436187 0.0004130511094682554 2.6087546267445014e-7 1.9790588216174499e-7 0.002849515034540673 1.2568915496169453e-5 1.2815942112255618e-5 3.8164165421660604e-12 9507.350780128005 7.387780849070814e8
8500 271006.08984339563 31.967211312985327 0.00040922502327950136 2.622860280918126e-7 1.9631066786739543e-7 0.0026510914467507973 7.733887505967374e-6 1.2128948558370878e-5 4.319916076483336e-12 9507.350780127941 7.387780849070852e8
8550 272602.7470690997 31.903683293391953 0.00041712342061779996 2.605053270083435e-7 1.9916363518228202e-7 0.00296273243293399 7.833870194373649e-6 1.1813153071693616e-5 3.926344501057531e-12 9507.350780127934 7.387780849070855e8
8600 274196.7411489402 31.86032964663646 0.0004229042585914225 2.622319656122327e-7 2.0074102038358054e-7 0.002358050069233286 8.674301747030322e-6 1.1343968726512665e-5 4.486431471963349e-12 9507.350780127994 7.387780849070835e8
8650 275789.08649008384 31.837343618729154 0.00042086859671271686 2.672249496232234e-7 1.9920547009929984e-7 0.00321725926369254 1.0221614412636582e-5 1.1748834862213009e-5 4.073696210217384e-12 9507.350780127957 7.387780849070823e8
8700 277380.8026085443 31.834741484480908 0.0004221991136780599 2.688829546503147e-7 2.020268576740142e-7 0.003962456334193121 9.711010278579124e-6 1.310369233775699e-5 4.411815620382105e-12 9507.35078012799 7.387780849070792e8
8750 278972.9054690855 31.852368777721082 0.0004221202072016707 2.7337553877319824e-7 1.9942711853008154e-7 0.00241830824961653 8.623005553154428e-6 1.3836048660648137e-5 4.47986872304172e-12 9507.350780128018 7.387780849070766e8
8800 280566.1857158942 31.864199613979203 0.00042901469432355364 2.731832034675743e-7 1.9954779071974516e-7 0.0032656649473210564 7.357596490370488e-6 1.5728300813172558e-5 4.590028330888709e-12 9507.350780128003 7.387780849070835e8
8850 282158.670685873 31.83902813584706 0.00042812091324571846 2.7195411206703126e-7 2.0356311768900745e-7 0.002735697718890151 8.569501865896001e-6 1.5382992846341148e-5 3.543696801170471e-12 9507.350780127992 7.387780849070802e8
8900 283750.40893666045 31.833978568343653 0.0004333145627283492 2.7482171833723675e-7 2.0373995245619734e-7 0.004714264783615363 1.3660626070333137e-5 1.3568372517341887e-5 4.120707547008379e-12 9507.350780127994 7.38778084907084e8
8950 285342.41284944635 31.84927084907056 0.0004394780880130047 2.7509451602440724e-7 2.082546962790694e-7 0.0037155010450078407 1.022778165821192e-5 1.31057424964387e-5 3.622504350174093e-12 9507.35078012797 7.387780849070779e8
9000 286935.70161364315 31.88495885793284 0.0004470761827630299 2.736552069400716e-7 2.1174252156647176e-7 0.0033146287696581567 1.042114337973521e-5 1.234677372123974e-5 4.2864810914944806e-12 9507.350780128008 7.387780849070839e8
9050 288531.2925759398 31.94091772879195 0.00044633341337102235 2.758663972976208e-7 2.0936716530343647e-7 0.003849712646115222 1.3686529815482018e-5 1.1683686890919323e-5 4.4498127496767485e-12 9507.350780127992 7.387780849070839e8
9100 290130.19216325704 32.01683593821602 0.00043980876710156226 2.785446830068169e-7 2.0651188895718586e-7 0.0033481508598924847 1.3684347887010784e-5 1.1664408143399058e-5 3.9330245102975536e-12 9507.350780128032 7.387780849070821e8
9150 291731.87287273136 32.00726019861824 0.00043534878232785355 2.8013532283493683e-7 2.045921419317433e-7 0.002909582799702548 1.2038702004224522e-5 1.1557683262664042e-5 3.569313274950422e-12 9507.350780127992 7.387780849070807e8
9200 293330.2746038589 31.933580547475835 0.00044481285375638313 2.8105094563477976e-7 2.0259263556112094e-7 0.0027344309237378184 9.349662592639252e-6 1.1764778408307475e-5 3.4872457694421e-12 9507.350780128008 7.387780849070816e8
9250 294925.5007896178 31.879902755637204 0.0004605404235899083 2.8127701192657373e-7 2.0342668183244375e-7 0.0030761647831241135 9.303773119140324e-6 1.146784850203364e-5 3.1578060159061532e-12 9507.350780127963 7.387780849070822e8
9300 296518.55970445066 31.846516118354902 0.0004678749522459576 2.81637421437751e-7 2.067046271205511e-7 0.0027144483046868118 1.069796654562527e-5 1.1678173803236769e-5 4.260991091343654e-12 9507.350780127974 7.387780849070808e8
9350 298110.46934504394 31.83352723953359 0.0004699004103177097 2.8412133199412164e-7 2.0745770231164495e-7 0.004749676038045436 1.4139317789430006e-5 1.1783268406007075e-5 4.337161479717303e-12 9507.35078012792 7.387780849070837e8
9400 299702.24860102456 31.840868631354546 0.0004747089438597649 2.8532870606573986e-7 2.08130937169401e-7 0.003307979428427643 1.4335855105129802e-5 1.2560804872718823e-5 2.755062290514325e-12 9507.350780128027 7.387780849070822e8
9450 301294.9086391626 31.868303046298713 0.00047674493536907877 2.850038603086058e-7 2.089212941409809e-7 0.0033783407984628866 1.162747649344209e-5 1.6012048879632257e-5 3.484875196556392e-12 9507.350780127987 7.387780849070777e8
9500 302877.8006357247 31.84953366783468 0.0004838552695743704 2.855410167827199e-7 2.0696293165326832e-7 0.0031175410313153407 9.02030535904208e-6 1.7130696070399853e-5 2.4249835878965253e-12 9507.350780128007 7.387780849070797e8
9550 304469.798750241 31.834053426908383 0.0004797157106290414 2.884334842074384e-7 2.0718772795504831e-7 0.0037089438210387016 1.2288336898591545e-5 1.6136503612484976e-5 2.906641114498845e-12 9507.350780127985 7.387780849070842e8
9600 306061.5382781541 31.838822866182312 0.0004879595135727369 2.891746235730129e-7 2.1036699341501168e-7 0.004960170430422295 1.4586144096162545e-5 1.43516722935777e-5 3.259155305626731e-12 9507.350780128025 7.387780849070811e8
9650 307654.03601175034 31.863983001799244 0.00048817930305471684 2.874626003090869e-7 2.1748925974608084e-7 0.003472715967291151 8.268274977213386e-6 1.3816636605788746e-5 2.709492537719242e-12 9507.350780127988 7.38778084907084e8
9700 309248.3113780696 31.909500892402203 0.0004968848858537824 2.8755549492852353e-7 2.1674268629430212e-7 0.0032909022515923425 8.620213710633373e-6 1.2730027300032754e-5 3.538954698171966e-12 9507.350780127968 7.387780849070809e8
9750 310845.37762287556 31.975164193430533 0.000487459963807951 2.9125727283516266e-7 2.1265695841557914e-7 0.0030965072619437706 1.223996839355701e-5 1.35600904455635e-5 2.2895512704478934e-12 9507.350780127954 7.387780849070845e8
9800 312446.2210273797 32.05299280972051 0.00047969533847613664 2.936600860946718e-7 2.101721775946021e-7 0.0035127493538311683 1.449435100797647e-5 1.2448357508625107e-5 2.1633772534032873e-12 9507.35078012801 7.387780849070827e8
9850 314046.6517035558 31.969161184107477 0.0004778212333624447 2.952757735570332e-7 2.076447952204763e-7 0.0029642844237969257 9.2851225261259e-6 1.2164697024724669e-5 3.774691013360076e-12 9507.350780128018 7.387780849070839e8
9900 315643.3929350249 31.905102675003775 0.0004879368612075564 2.9381274314455904e-7 2.114138948821344e-7 0.002984956463933486 8.024280362506353e-6 1.1713225462381405e-5 2.73022607646523e-12 9507.350780128047 7.387780849070777e8
9950 317237.44430707773 31.861211974139962 0.000491611067208382 2.940723290018853e-7 2.1566384703895978e-7 0.002677259315532865 1.0122388156230677e-5 1.0710019861942532e-5 1.961856063281502e-12 9507.350780127985 7.38778084907081e8
10000 318829.82001094474 31.837686796324434 0.0004873460443955475 2.978357694262328e-7 2.1584146109049913e-7 0.003946362843635143 1.138880539258702e-5 1.3605582385278758e-5 3.1736021773274966e-12 9507.350780127957 7.387780849070824e8
10050 320421.5396184598 31.83454975073753 0.0004866350052496449 2.9993796619387303e-7 2.165086828972968e-7 0.004855445982684614 1.116629512581957e-5 1.5068208265966998e-5 2.6883837659543976e-12 9507.350780127967 7.387780849070789e8
10100 322013.6194303695 31.851650504236968 0.0004855675816294266 3.0361985332785317e-7 2.126560536752362e-7 0.002886739697714802 9.017793160620569e-6 1.5250013014722619e-5 1.677088662144777e-12 9507.350780127976 7.387780849070808e8
10150 323606.88401305996 31.86513137449294 0.0004902994099809363 3.017567089648952e-7 2.1336704436799175e-7 0.003802232478847145 8.118329061779228e-6 1.757638468780076e-5 2.178600993025457e-12 9507.350780127967 7.387780849070818e8
10200 325199.4021451794 31.839431783003448 0.0004895878418729107 2.993914905938149e-7 2.1804882519049734e-7 0.0028594374325621175 1.001823193180762e-5 1.7588645590121965e-5 2.342301183636959e-12 9507.350780127968 7.387780849070871e8
10250 326791.14694532444 31.83384682512471 0.0004915910237501885 3.0262854052458286e-7 2.1790909323107929e-7 0.005084418982733041 1.511402822679253e-5 1.6107823902600238e-5 2.586170100172526e-12 9507.350780127936 7.38778084907081e8
10300 328383.1305693625 31.848601646269312 0.0004992962003347752 3.04284295542871e-7 2.2115669755158247e-7 0.004578095520628267 1.1276669218240887e-5 1.4462358841497991e-5 3.4496664697717688e-12 9507.350780127994 7.38778084907082e8
10350 329976.3721710234 31.883752843743792 0.0005061348629519139 3.0439011266747204e-7 2.2362978502691787e-7 0.004247343843871931 1.0137033223112102e-5 1.349241103756893e-5 2.426058075303837e-12 9507.35078012796 7.387780849070814e8
10400 331571.88926914206 31.939181178480478 0.0005063515923917377 3.0721598737370487e-7 2.19666482945422e-7 0.004237929422060915 1.3789935608465864e-5 1.2562858413158948e-5 4.530999486609879e-12 9507.350780128003 7.387780849070808e8
10450 333170.6887210189 32.01457960395208 0.000493886214660847 3.093355048829481e-7 2.1852871353283336e-7 0.004094703568625846 1.4604544050889068e-5 1.2290752887465783e-5 3.723614931389371e-12 9507.350780128007 7.387780849070816e8
10500 334772.3813117805 32.009477179882445 0.00048579767710982757 3.1148946351514114e-7 2.1737840966535068e-7 0.003241484755562851 1.2226707363949263e-5 1.2123033080499446e-5 3.8364359895037144e-12 9507.350780127957 7.387780849070821e8
10550 336370.88056185853 31.935272397518858 0.0004856889707869468 3.130933591574926e-7 2.1779370132909636e-7 0.00310925318444788 9.181703923527573e-6 1.2010585402774665e-5 3.4281719354900903e-12 9507.350780128001 7.3877808490708e8
10600 337966.177740945 31.88106043018152 0.0004948697051166956 3.1297869822385776e-7 2.2119670515020923e-7 0.0029635593946295558 8.49907693090124e-6 1.1295257096879951e-5 2.5120362124305517e-12 9507.350780127976 7.387780849070833e8
10650 339559.2808289443 31.847135636721703 0.0004917413833623333 3.1343830892066916e-7 2.2454844320961532e-7 0.0031362730987893883 1.2100704848083677e-5 1.1573217010396597e-5 4.219434991732408e-12 9507.350780128016 7.387780849070802e8
10700 341151.207694087 31.833607916608464 0.00048484185912545666 3.1679879589065557e-7 2.239685035743856e-7 0.005680078707882785 1.592290267277141e-5 1.1802315371844951e-5 4.5663168586690944e-12 9507.350780127976 7.387780849070792e8
10750 342742.97736375866 31.840416594260173 0.0004883501821914483 3.17970024648931e-7 2.243002967557555e-7 0.003867373286993825 1.537572988463687e-5 1.3667820598972646e-5 2.8863354562616036e-12 9507.350780127992 7.387780849070811e8
10800 344335.6014352498 31.867328679486036 0.00048565396853161353 3.177509813617197e-7 2.2449639554580352e-7 0.0030528060106007615 1.1981168647673401e-5 1.7640369849719617e-5 3.0922723349445728e-12 9507.350780128007 7.387780849070843e8
10850 345918.52670628624 31.85021293496454 0.0004963440628023137 3.170642425008034e-7 2.227294465676756e-7 0.003618930446464219 1.0607460361133914e-5 1.8747661617662947e-5 3.953897325584979e-12 9507.350780127997 7.387780849070834e8
10900 347510.54522825294 31.834200129893016 0.0004874570106092902 3.1830390993145675e-7 2.252118054061698e-7 0.0035305972396599827 1.0316755365669117e-5 1.736426656870349e-5 3.711808851434802e-12 9507.350780127988 7.387780849070834e8
10950 349102.2784023213 31.838432250428493 0.0004978226076163194 3.2001000534104276e-7 2.2699853809185686e-7 0.005345025880160392 1.420412964980855e-5 1.4928602831060234e-5 3.182778156201875e-12 9507.350780127997 7.387780849070852e8
11000 350694.7428699988 31.863054070872238 0.0004963583023393229 3.190622809314194e-7 2.3243886510501596e-7 0.0035132402008457575 9.465553255469383e-6 1.3462417919121727e-5 2.885101590543987e-12 9507.350780127972 7.387780849070811e8
11050 352288.9581351463 31.908037335121236 0.0005045731433347177 3.187593362117173e-7 2.3142384506863896e-7 0.003559445604423672 9.515158685330372e-6 1.2884193040296754e-5 4.022490304322745e-12 9507.350780128012 7.387780849070832e8
11100 353885.93772279203 31.973173769453155 0.0004988394693044591 3.21841809284319e-7 2.2716300563531627e-7 0.003971942654970917 1.3233403849510772e-5 1.3852972943012576e-5 3.3777174528602524e-12 9507.350780128001 7.387780849070839e8
11150 355486.67728110706 32.05547249824504 0.0004894482600820021 3.23375760225482e-7 2.2709294400572355e-7 0.004713540127340821 1.6414575037260182e-5 1.2336139155244563e-5 2.6476269509623996e-12 9507.350780128028 7.387780849070797e8
11200 357087.21888046456 31.971125962110666 0.000495482968078567 3.232975493493899e-7 2.2785398543539285e-7 0.0031870068232819904 1.0365856931204842e-5 1.1789056757027794e-5 3.859432413087907e-12 9507.350780127936 7.387780849070822e8
11250 358684.0449037024 31.906538577540513 0.0005090529009777625 3.214832386865922e-7 2.3148607824316831e-7 0.0037486714613805816 8.079772619795644e-6 1.1814021662504004e-5 4.810456670470825e-12 9507.350780127987 7.387780849070842e8
11300 360278.1544190065 31.86211133455457 0.0005198034368933922 3.2071235947271035e-7 2.339872550518349e-7 0.0031720962142571807 1.1205099014033326e-5 1.0787071629658751e-5 4.241601499430508e-12 9507.350780127983 7.387780849070859e8
11350 361870.5613098907 31.838045660586012 0.0005116341975761501 3.238189211919563e-7 2.3467702427300778e-7 0.004406955371450749 1.299782092242796e-5 1.394082343142422e-5 3.2897214810300965e-12 9507.350780127988 7.387780849070808e8
11400 363462.28512609756 31.83437086703736 0.0005163397473709975 3.2576647916824385e-7 2.3538976790042172e-7 0.005261245969450101 1.2087125309118152e-5 1.548415864782715e-5 2.7027555734674294e-12 9507.350780127947 7.387780849070808e8
11450 365054.3424556017 31.85094269420406 0.0005173847101860318 3.2794047020954946e-7 2.3296547474483556e-7 0.00316098147413868 9.727817202251354e-6 1.7688735536397493e-5 3.603898727246772e-12 9507.350780127996 7.387780849070846e8
11500 366647.5892051423 31.866080064674122 0.000525785488895775 3.2542922924399767e-7 2.3211725888557292e-7 0.00397851078378153 8.587335932064288e-6 2.0257056601635792e-5 4.243575301687859e-12 9507.35078012797 7.387780849070799e8
11550 368240.1413680804 31.839853070758394 0.000526739173426934 3.22328824524573e-7 2.3569799537030785e-7 0.003204047097824514 1.051350942726792e-5 1.9302584963770686e-5 4.745131665014629e-12 9507.350780127985 7.387780849070832e8
11600 369831.89360771974 31.83373283816888 0.0005309805501094451 3.2368304027958997e-7 2.3689394687313093e-7 0.004189985438642907 1.211411177648447e-5 1.6576571209320212e-5 4.307645382430482e-12 9507.350780128036 7.387780849070809e8
11650 371423.8578020817 31.84794905656698 0.0005377714870115648 3.237044383351225e-7 2.3993642822899364e-7 0.004416674013555166 1.1553856812118735e-5 1.5053834114160669e-5 4.192896827919215e-12 9507.350780127956 7.387780849070807e8
11700 373017.05307531735 31.882563901730585 0.0005412303924444024 3.225913446074793e-7 2.4244574516772907e-7 0.00397876499710037 1.006118294478997e-5 1.3796189430839018e-5 3.641932231170795e-12 9507.350780128001 7.387780849070814e8
11750 374612.4971537703 31.937461189102567 0.000551008432277881 3.2534748046546875e-7 2.373764585726426e-7 0.0041573868497835065 1.403568269997546e-5 1.5870545081952958e-5 4.474936610466064e-12 9507.350780127967 7.387780849070802e8
11800 376211.1972758784 32.012338921333146 0.0005371950230086528 3.2741877912754243e-7 2.384594353578798e-7 0.004808522804523818 1.6646200121261945e-5 1.369167666645521e-5 3.906813119881839e-12 9507.350780127985 7.387780849070855e8
11850 377812.896192867 32.01170484821327 0.0005331407674876791 3.282912381422447e-7 2.4001427243039504e-7 0.003732591179868905 1.434730168109466e-5 1.3357552690884678e-5 3.530927152497518e-12 9507.350780127985 7.387780849070798e8
11900 379411.49353049626 31.936976532352016 0.0005330489579677882 3.298848739527868e-7 2.405248462483938e-7 0.0035935369505750714 1.0134427662594758e-5 1.3567583566853614e-5 3.6487926777170785e-12 9507.350780127992 7.387780849070842e8
11950 381006.86233364826 31.882230828844257 0.0005455308593960971 3.286756973770562e-7 2.4433573533721564e-7 0.0034160488430643454 9.112728230703526e-6 1.3129557215663112e-5 3.3863487695210364e-12 9507.350780127994 7.387780849070816e8
12000 382600.0102139013 31.847767286811603 0.0005390144146691595 3.3012485614367106e-7 2.4681314353305037e-7 0.0033096432071033632 1.3042799145601691e-5 1.273835921358768e-5 2.8104704233293194e-12 9507.350780128023 7.387780849070822e8
12050 384191.9549194845 31.833701282889173 0.0005286835113089878 3.348417608807114e-7 2.456544228925987e-7 0.004913923325148062 1.6563056611851312e-5 1.3230484730786252e-5 3.6013946211821597e-12 9507.350780127968 7.387780849070773e8
12100 385783.71563555003 31.839976898101767 0.000536174624071902 3.357688789453214e-7 2.4636156667637614e-7 0.0035333491814526496 1.4840700873042234e-5 1.664628705455584e-5 4.2754949961949555e-12 9507.350780128018 7.387780849070772e8
12150 387376.30429325503 31.86636416640791 0.0005317298493461844 3.346802177029122e-7 2.481360053481379e-7 0.0036372341946844244 1.0487724576957458e-5 2.1286051476776535e-5 4.256568702192847e-12 9507.35078012798 7.387780849070797e8
12200 388959.2599829436 31.85090989485388 0.0005456339666007448 3.343802746668502e-7 2.450323778801785e-7 0.004306304232159164 9.643403582504373e-6 2.216559203455093e-5 4.631759603057227e-12 9507.35078012799 7.387780849070817e8
12250 390551.2998674254 31.834366453537253 0.0005399477874304571 3.357277905697973e-7 2.4664167259227595e-7 0.003586764865758596 9.10346718668159e-6 1.9941595412631408e-5 2.9988795167870905e-12 9507.350780128023 7.387780849070863e8
12300 392143.02765892737 31.838060784939962 0.0005481546872160362 3.375464303897261e-7 2.4755505185853255e-7 0.004777680989718647 1.282893075393865e-5 1.737507309847175e-5 2.2848378842620558e-12 9507.350780127968 7.387780849070808e8
12350 393735.45982184866 31.862144198882802 0.0005478331459495904 3.3766247664410884e-7 2.497866284011483e-7 0.003978672032189934 9.247495665776206e-6 1.6618373929203067e-5 3.200199689220203e-12 9507.350780128001 7.38778084907085e8
12400 395329.6159303361 31.906592578709986 0.0005517286426805134 3.3727163128983725e-7 2.489408984498947e-7 0.004248478316640103 9.77207974305061e-6 1.531765898440604e-5 2.940578643709383e-12 9507.350780127983 7.387780849070796e8
12450 396926.50979452574 31.971201757476464 0.0005493072874870955 3.4018383815961147e-7 2.4565837720675474e-7 0.0038635087698821735 1.410926653772071e-5 1.5116825457961447e-5 2.6015154076349883e-12 9507.350780128056 7.387780849070863e8
12500 398527.140130538 32.055571760790855 0.0005402154767687605 3.4230564630920904e-7 2.4604174883075603e-7 0.004578301566652954 1.7798415574477033e-5 1.455461496185223e-5 2.9312571663174888e-12 9507.350780127947 7.387780849070809e8
12550 400127.79298767337 31.97309755860708 0.0005450111350390707 3.4258527801635586e-7 2.471447664097195e-7 0.0037324596396501875 1.1165097784704425e-5 1.4893981492014596e-5 2.035853546163305e-12 9507.350780127988 7.387780849070767e8
12600 401724.7042117544 31.907983745438276 0.0005556051862538104 3.413455965630472e-7 2.5003930704490006e-7 0.0031408317481691483 9.026460078970233e-6 1.5151954624870179e-5 3.4484795081815093e-12 9507.350780127996 7.387780849070799e8
12650 403318.87236280966 31.863021285187603 0.0005653628929431167 3.408027786660399e-7 2.524829961010025e-7 0.0037835830389667535 1.1552779781737188e-5 1.348027312753075e-5 2.0320686702537187e-12 9507.350780127983 7.387780849070793e8
12700 404911.31099702977 31.8384159804982 0.000557368942370621 3.4436564368731173e-7 2.5228099339212573e-7 0.00337314586249704 1.3498679685752801e-5 1.4012911701055675e-5 1.8105108027066785e-12 9507.350780127997 7.387780849070846e8
12750 406503.03959508846 31.83420328504285 0.0005611053544947554 3.491473693743646e-7 2.4899885975006145e-7 0.004130627617996652 1.3725452657764592e-5 1.527344562118893e-5 2.019069526386197e-12 9507.350780127948 7.387780849070817e8
12800 408095.07495274843 31.850243538605863 0.0005606411053912559 3.5077776575371206e-7 2.4833442440127806e-7 0.0034396499941067304 9.49702717797929e-6 1.951723931342686e-5 2.0871590036751917e-12 9507.350780127977 7.387780849070795e8
12850 409688.30115418136 31.867039886003298 0.0005682443563573351 3.4807117983738684e-7 2.490643147163547e-7 0.004729825810500188 7.276100909517358e-6 2.2143702882837513e-5 1.403467213231426e-12 9507.350780127988 7.3877808490708e8
12900 411280.8879521109 31.84028729767515 0.0005735137202208578 3.453854329019161e-7 2.5146491796174927e-7 0.0035784275623882422 9.327455385954586e-6 2.057160783638934e-5 4.281376199429275e-12 9507.350780127941 7.38778084907084e8
12950 412872.6483146396 31.83363307648966 0.0005702267999235339 3.4708938799199937e-7 2.52814663880544e-7 0.004135492925342987 1.1406078384124108e-5 1.6823374136804015e-5 1.8849983858580085e-12 9507.350780127963 7.387780849070812e8
13000 414464.5938210956 31.847311866955973 0.0005749198444097958 3.466850946409294e-7 2.551117876174231e-7 0.004292893017918686 1.1051224746538857e-5 1.684489423053881e-5 1.8840268003627556e-12 9507.350780127997 7.387780849070799e8
13050 416057.74350956315 31.881388748519534 0.0005715341515954439 3.450747963664356e-7 2.5827443559969937e-7 0.003996218713837152 9.119906748469853e-6 1.5802316654142667e-5 3.274883503924761e-12 9507.350780127957 7.387780849070818e8
13100 417653.1152212572 31.935753743719097 0.0005848277586912342 3.477166536882326e-7 2.5224518577113763e-7 0.0043203650075156474 1.2861327349900087e-5 1.5059905664638329e-5 3.0739380858969606e-12 9507.350780127937 7.387780849070858e8
13150 419251.7166061259 32.01010943232627 0.0005740637716761825 3.5164249253038586e-7 2.5089798838869607e-7 0.0043233659453107975 1.744143030041334e-5 1.4153609201553174e-5 1.2914407732542721e-12 9507.350780127968 7.387780849070836e8
13200 420853.41555871133 32.013937937399064 0.0005761676438279167 3.5245426332219266e-7 2.5183010255804044e-7 0.0035616952372947708 1.658644267138465e-5 1.2924961930255163e-5 2.840596274271782e-12 9507.350780127996 7.387780849070854e8
13250 422452.11136754364 31.938690923600685 0.0005756127938493061 3.538614882876359e-7 2.5271881726273406e-7 0.003632775889855111 1.1066961438765954e-5 1.4053744632730458e-5 1.975006927642617e-12 9507.350780127976 7.387780849070798e8
13300 424047.55246135965 31.883416695163216 0.0005916893813943657 3.5175043536680677e-7 2.5557021119602526e-7 0.003557821464710287 1.0694260719201765e-5 1.3794129055111348e-5 2.9369057633692007e-12 9507.350780128043 7.38778084907082e8
13350 425640.7459414638 31.848415228569475 0.0005901396372081361 3.5217653758876985e-7 2.5734154715315277e-7 0.0038559889399039093 1.1182716075919252e-5 1.1882123303219583e-5 3.834763713779373e-12 9507.350780127972 7.387780849070824e8
13400 427232.7092698999 31.833809174373442 0.0005848626399230846 3.564977813108035e-7 2.5545417399651565e-7 0.0046164537361619296 1.562347464323377e-5 1.185116142293774e-5 3.2210921276629516e-12 9507.35078012799 7.387780849070822e8
13450 428824.46168556996 31.839548615286994 0.0005950562406184433 3.577992873870495e-7 2.5621208402524744e-7 0.0041413560011278605 1.3146160248778127e-5 1.424286175466527e-5 3.742935961912273e-12 9507.350780128014 7.387780849070845e8
13500 430417.01541192207 31.865407676664173 0.0005919780149492403 3.5602634035561567e-7 2.5886505653150624e-7 0.003865445292831282 9.111569055392232e-6 1.8729574614323452e-5 2.6544347500187925e-12 9507.35078012797 7.387780849070823e8
13550 432000.0 21.590533566835802 0.0006066064065004775 3.545014348648866e-7 2.572920365560692e-7 0.0048101097218022915 8.638677038541598e-6 1.9137060599611067e-5 2.188077541205756e-12 9507.350780127985 7.387780849070817e8
