#timestep time dt l2_h l2_h_vcon1 l2_h_vcon2 linf_h linf_h_vcon1 linf_h_vcon2 l2_H l2_vcon1 l2_vcon2 linf_H linf_vcon1 linf_vcon2 dsdu_ut mass entropy 
0 0.0 100.0 0.0 0.0 0.0 0.0 0.0 0.0 0.0 0.0 0.0 0.0 0.0 0.0 3.0689924169643233e-12 9507.350780127952 7.387781108739867e8
50 2548.1650320172894 50.93746079267923 6.120128986365507e-6 4.061648669546687e-5 0.00010122676785963103 2.5784261226085616e-5 0.0002481968060278609 0.00031013893108844425 4.733206699567996e-6 6.814030147727085e-5 0.00011413220799260149 2.5308485139517777e-5 0.00030143807670924286 0.0005037259985126759 4.222703708728123e-12 9507.350780128 7.387781108739877e8
100 5095.1109364577505 50.95361097871704 6.614498560446694e-6 5.630675568746871e-5 0.00010569827139431027 2.8789537308322003e-5 0.000505998983155804 0.000474949572833188 5.11554396489809e-6 9.272414940933498e-5 0.00013174557345977498 2.825883514368269e-5 0.0004827224404803625 0.0005175396100836597 3.759681502504714e-12 9507.350780127928 7.387781108739855e8
150 7644.995808677395 51.053254046893976 5.4962330034664445e-6 7.03646732166004e-5 9.372615425292248e-5 4.810056808803299e-5 0.0005842577858850116 0.0006430043293877178 4.250695848462267e-6 0.0001151493202955457 0.000136086258414218 4.721220626477062e-5 0.0006289012041125187 0.0007326676721275005 4.299726025316424e-12 9507.350780127983 7.387781108739903e8
200 10175.198827682867 51.23291491595243 6.077841306695209e-6 8.432870123740516e-5 0.0001226939185248336 3.289408949929525e-5 0.0006866247890535964 0.000670443192195414 4.7005021063860666e-6 0.00014067503374786048 0.0001609010555336 3.229428090770756e-5 0.0007685194687201041 0.0008342293688570376 3.5443590231022626e-12 9507.350780127972 7.387781108739883e8
250 12736.193884292894 51.13201161573062 6.083571296519437e-6 9.681775217102917e-5 0.00012890756759768434 3.361767489095931e-5 0.0006901874294320462 0.0006481226744254717 4.7049335859007185e-6 0.00015359455051362075 0.00018007212705938196 3.299737139626638e-5 0.000808510733023249 0.00089446625376002 3.293167332037492e-12 9507.35078012798 7.387781108739877e8
300 15288.850363823716 50.99128362812462 5.991751114570111e-6 0.00010800998369008654 0.00012608191459253045 3.0284577051901343e-5 0.0007318293748829924 0.0007501719900407771 4.633921373360748e-6 0.00016252205104418918 0.00019770088619087256 2.97245158313333e-5 0.0007748815226052909 0.0010125863494842551 4.179498309027268e-12 9507.350780127996 7.387781108739885e8
350 17789.3596634364 50.93397308927458 6.613234152929898e-6 0.00011814047348349834 0.00014217090094006767 3.7362980397922465e-5 0.0009409494373834935 0.0009673570364639373 5.114566093002983e-6 0.00017626110719981783 0.0002275460293880006 3.6676638774100325e-5 0.0009625721844052098 0.001253011125701576 3.835830828032062e-12 9507.350780128012 7.387781108739865e8
400 20336.33732697032 50.95824471121432 6.6322537482740375e-6 0.00013080508799628393 0.00015062130122838477 5.199318958923201e-5 0.0010618574235358134 0.0013623000130093955 5.129275533980302e-6 0.0001928161275552505 0.0002514906455596867 5.103244722048459e-5 0.0010595885918003509 0.001680392296095962 3.966029021175261e-12 9507.350780127994 7.387781108739849e8
450 22885.249841707846 50.95887383251392 6.537225496750113e-6 0.00014015330801160958 0.00016298519708792442 3.6966252201287304e-5 0.0013029519721109687 0.0015001155472038263 5.055782253404253e-6 0.00020244223942139414 0.0002733462027158651 3.628340960707193e-5 0.0013009470187385634 0.001838144716461768 3.1853605938261077e-12 9507.350780127985 7.387781108739855e8
500 25432.247885859102 50.93579599757072 7.875566663184363e-6 0.00014532481308420037 0.0001717621676888442 4.8932902346441076e-5 0.0014692850156880688 0.0013817390428115695 6.090833212196787e-6 0.00021090524368684837 0.000285128546308885 4.8035206816667975e-5 0.0014945356975178512 0.0017529715264750082 3.677214478509941e-12 9507.350780127985 7.387781108739864e8
550 27958.54794109844 50.994663883605995 7.943133846821154e-6 0.00015143276907569035 0.0001819580914178311 3.721073454237172e-5 0.0015050324564590547 0.0013259281016693787 6.14308855632326e-6 0.00021962838783188898 0.0002972654470615467 3.652258676639629e-5 0.0015943090065100095 0.00179802176021793 3.5228711904966974e-12 9507.350780127981 7.387781108739855e8
600 30511.564397951755 51.13717956972988 8.111625300133711e-6 0.0001604913656471777 0.00018912976431550977 6.3872446724394e-5 0.001558130421447978 0.0015328415554205913 6.273397064102516e-6 0.00023795449880093393 0.00030233990633218974 6.269514193094274e-5 0.0017150621588272353 0.0021029683910825064 3.4698063522784993e-12 9507.35078012798 7.387781108739876e8
650 33072.75185558403 51.224582020261664 8.47137587582237e-6 0.000169620081838703 0.0001939156332685637 4.50160919894542e-5 0.001632988101926012 0.0017274368657965542 6.5516222189670414e-6 0.00025793682021727854 0.0003073381257085852 4.41957937910084e-5 0.001826344058326614 0.0022503398234147137 2.8865698309445014e-12 9507.350780127988 7.387781108739864e8
700 35581.52859047182 51.048154901085184 8.394145657313094e-6 0.00017738695792402902 0.00019801584526900223 4.8325751966447994e-5 0.0016633877183147528 0.0019317065068141083 6.491893643233117e-6 0.00027175524823028446 0.0003146485987777724 4.743384991435051e-5 0.0017924053871588978 0.002423344967934648 3.822766593383062e-12 9507.350780127994 7.387781108739859e8
750 38131.09390050248 50.95073130221392 9.360244043105404e-6 0.00018625085506311173 0.00019788498749589254 3.972747374889497e-5 0.0017532142175229512 0.0022617795223179326 7.2390581821284e-6 0.0002888683325694178 0.00031564046008265286 3.8995501615316174e-5 0.001818169080682374 0.0027038755863201553 3.6062724680830155e-12 9507.350780128028 7.387781108739845e8
800 40677.907581303676 50.93627817893733 9.449977414808417e-6 0.00019615527292519494 0.00020289845124279554 3.568879038080112e-5 0.0017686337486875383 0.0027067891794331136 7.308456490081776e-6 0.00030500103995804545 0.0003215293535013139 3.503040489208875e-5 0.0017658795918075126 0.00303626851595629 3.5039563841760465e-12 9507.350780127983 7.387781108739891e8
850 43200.0 24.87168098532129 9.300938325443999e-6 0.0002028461285432079 0.0002119175202079703 4.6497449193265895e-5 0.0015231153205660696 0.003239129340163813 7.193192119371683e-6 0.00032121871638588113 0.00033097615754704233 4.5637923310499004e-5 0.0015053459900740132 0.003383096187041832 2.7058128199751825e-12 9507.350780128 7.387781108739871e8
900 45748.0403522789 50.93677691913744 1.0020826537039932e-5 0.00021064001595398109 0.00021651628680228387 4.587587141224888e-5 0.0010150885434725137 0.0028951004911129305 7.74994177508448e-6 0.0003335383547076463 0.00034000639827847716 4.5029290708390464e-5 0.0010942488456028496 0.003218237766837217 2.2510763710145037e-12 9507.350780127996 7.387781108739885e8
950 48295.03142440394 50.95649627466031 1.0093553815444799e-5 0.0002206651094488059 0.00022052046280667805 4.6286656338390325e-5 0.001066772481931309 0.002501567302648348 7.806187851294957e-6 0.0003424645681541189 0.00035343650217711136 4.54331927755249e-5 0.0012065775676826495 0.0028870380293138363 2.090614487758263e-12 9507.350780128 7.387781108739892e8
1000 50845.131338560226 51.059408422853394 9.764065494521456e-6 0.00022890281311900237 0.00022275102942528695 4.995011550391237e-5 0.0011080765139018611 0.0018493766885071608 7.551367024563104e-6 0.000348987410676448 0.00036853121884316295 4.902720165201198e-5 0.0012905651965199995 0.002215563810231485 2.4715142717214873e-12 9507.35078012797 7.387781108739884e8
1050 53375.44463181699 51.242266903974034 1.0343649327215188e-5 0.00023439556118195906 0.00022907914152871234 5.614151676788959e-5 0.0011188837297015082 0.0017426738135143869 7.99960759040306e-6 0.00035176005852580525 0.00039039982682943694 5.511709689467012e-5 0.0013688903427041016 0.0022774654096155583 2.9756589516055823e-12 9507.350780127976 7.387781108739874e8
1100 55936.1220340961 51.122356456365154 1.0724366002089419e-5 0.00024115938045483489 0.00023638577973088542 5.8344510693759846e-5 0.0013162544260536496 0.002075883605524888 8.294047580175928e-6 0.0003557480599759012 0.0004178944779949132 5.726729460009306e-5 0.0014132270213692384 0.002866336593820548 2.0410224692430672e-12 9507.350780127976 7.387781108739847e8
1150 58488.42694270925 50.986308060108286 1.0452168030315342e-5 0.0002478044809814378 0.00024316042453701177 5.4536555500922985e-5 0.0015341640276394413 0.0022756166167653006 8.08353416346673e-6 0.00036390818197078764 0.0004413721700268499 5.352812297058922e-5 0.0014837086753271165 0.003067013530437152 2.7870163042764695e-12 9507.350780127992 7.387781108739825e8
1200 60989.35703237852 50.93404663288497 1.0592433971450348e-5 0.00025196337536834547 0.0002520353792905604 5.536539435513114e-5 0.0015593501282294144 0.002638783068164856 8.19201352620205e-6 0.00037299476507958364 0.00046318409904245447 5.434735112684005e-5 0.0015538903682151993 0.003417905323543501 2.532026336314921e-12 9507.350780127992 7.387781108739855e8
1250 63536.45780403953 50.96322915836281 1.073168099695613e-5 0.0002581725301224264 0.00026012670661637664 5.4853134036830325e-5 0.0014212104217276092 0.0032326569589406894 8.299704876416958e-6 0.00038014933119670616 0.0004837752855925231 5.383936404164081e-5 0.0014097794133359502 0.003983839440368583 3.338578182839702e-12 9507.350780127981 7.387781108739858e8
1300 66085.45562162405 50.95801410757565 1.1071588716044462e-5 0.000262916225388903 0.00026627964182988846 4.501923712258935e-5 0.0014179685414413043 0.002985994849270822 8.562583893639172e-6 0.0003853120637264174 0.0004962603506812331 4.418796166813463e-5 0.0014996015660444202 0.0036663128567532856 2.645316071014397e-12 9507.35078012798 7.387781108739893e8
1350 68632.52218738467 50.93881782028137 1.1463478995998188e-5 0.0002660613281146109 0.0002741272781882861 6.682733482259581e-5 0.0017095140963207152 0.002688067159716152 8.865665365078606e-6 0.0003939388468954336 0.0005041715937007788 6.560086047320996e-5 0.0015837325440743882 0.0033998848518522937 2.4303458511628565e-12 9507.350780127987 7.387781108739883e8
1400 71158.78388961828 51.001878631879976 1.1495491945772104e-5 0.0002703894727574931 0.0002811074304125038 6.0315242874424254e-5 0.001929165565692379 0.0021956455101346927 8.890423651819034e-6 0.00040527204264420347 0.0005058542430351108 5.919999218258649e-5 0.0018642320897493394 0.002842283349113238 3.0940679365177525e-12 9507.350780128005 7.387781108739879e8
1450 73712.2774716467 51.14841753713822 1.2036264959068743e-5 0.0002767167468483611 0.00028614539103557715 5.836386061577365e-5 0.0020759396199711887 0.0019203505534130837 9.308648570803427e-6 0.0004172551511687559 0.0004994866887557719 5.7289060538432055e-5 0.0020973052906359366 0.0023027304266001218 2.4021918894471187e-12 9507.350780127983 7.387781108739846e8
1500 76273.73671911753 51.214502532486826 1.2561097127837598e-5 0.00028433097883456837 0.00029191121457924896 7.23478833624089e-5 0.0022813141574957434 0.002301038097706167 9.714545103849681e-6 0.00043284232110794927 0.000492189585387267 7.10281194144177e-5 0.002371923346050463 0.0026141061201641136 2.1610826708001325e-12 9507.350780127972 7.387781108739859e8
1550 78781.40947218638 51.04259131981194 1.2702050439664548e-5 0.0002925827369207078 0.00029357393241390687 5.3881907594311325e-5 0.002153036860400456 0.002147850456185375 9.823556067727731e-6 0.00045548837539317085 0.0004789085598925384 5.2888160178361574e-5 0.002204170216559797 0.00268937932864588 3.116689125939292e-12 9507.350780128008 7.38778110873985e8
1600 81330.80778529916 50.94929397972414 1.3313729864279192e-5 0.0003025440498824118 0.0002951353617676573 5.584949881383431e-5 0.0017984229273753153 0.0026829084056129537 1.0296618834383318e-5 0.0004806058041384663 0.00046922383933021005 5.4821034806180584e-5 0.0017534806627229067 0.0031991812841049637 3.100366490444366e-12 9507.350780128021 7.387781108739858e8
1650 83877.68182607584 50.93982802586378 1.375691096559514e-5 0.00031207555233062035 0.00029567654099115864 5.874583507555432e-5 0.0016752565289424703 0.003189121391830249 1.0639367780123153e-5 0.000499501750267681 0.0004704847231903997 5.766240946440706e-5 0.0017236559639411593 0.003567139788148616 2.9198487862351767e-12 9507.35078012799 7.38778110873983e8
1700 86400.0 24.842537486270885 1.3723590815000317e-5 0.00031821307082371654 0.00029865976085650606 7.58262702001538e-5 0.001986701208996747 0.003548599522703446 1.0613598525850892e-5 0.0005087597379931245 0.0004876613284718274 7.442478904801328e-5 0.0017823167972718511 0.003715368911572247 3.977546376926783e-12 9507.350780127987 7.387781108739883e8
1750 88948.05780387564 50.939482155768836 1.3768692723252611e-5 0.0003282833717128715 0.00030174713898620736 6.717994258898676e-5 0.0018608692975004145 0.003195776843329646 1.0648479596948344e-5 0.0005243151363692239 0.0004967456968340892 6.594023538513157e-5 0.001698081832003279 0.0035454514969494788 3.0775232243494263e-12 9507.350780127992 7.387781108739858e8
1800 91495.28139792998 50.963185474621774 1.4187912003739897e-5 0.00033774396245088293 0.0003015014259179837 5.992825901089676e-5 0.0016979504033886295 0.0025856001924352908 1.097269686612932e-5 0.0005370944511111036 0.0005011852536228805 5.8823139731791075e-5 0.0017714266398579134 0.0029972573452748622 4.219426163341387e-12 9507.350780127988 7.387781108739877e8
1850 94045.83274548716 51.07057507154107 1.4597157420439434e-5 0.0003401739253995826 0.0003060036078135311 7.402565935410344e-5 0.001850950273263922 0.0020294065008499775 1.1289200513750975e-5 0.0005379114577982014 0.0005160367208619327 7.265754138389413e-5 0.001867255118601414 0.002481917792621363 4.520424291778429e-12 9507.350780127974 7.387781108739846e8
1900 96575.86044174485 51.25690217935227 1.529588935761237e-5 0.00034397983871050795 0.0003233726649109035 6.306048157629495e-5 0.002233773666441084 0.002593902253723818 1.1829588256165115e-5 0.0005344830110422446 0.0005438548340482711 6.190931298810103e-5 0.0023347028348582105 0.002967207957935716 3.84413190092744e-12 9507.350780127992 7.387781108739871e8
1950 99136.27600082108 51.11509264251524 1.5629042603772868e-5 0.0003495323793185122 0.0003375102083737273 5.7208132935922224e-5 0.002289355854457219 0.0025119994711996795 1.2087243475560308e-5 0.000530391765906641 0.0005803000896134658 5.615137269869615e-5 0.0023628334542196024 0.003479343204397177 3.72142305214926e-12 9507.350780128003 7.387781108739889e8
2000 101688.32609485796 50.98322201450965 1.5648292912716292e-5 0.0003520425531074011 0.00034696433756730934 9.120650402361803e-5 0.002219422436893169 0.0029271832797019117 1.21021313466279e-5 0.000526505115665824 0.0006164691318495397 8.952043184580843e-5 0.0022339816811536733 0.003943020161832515 3.771627695970388e-12 9507.350780127994 7.387781108739871e8
2050 104189.36072539698 50.93487496365031 1.599225186679922e-5 0.00035734835774897347 0.0003588001008108457 6.550777933683504e-5 0.002593028800959134 0.003229464906523697 1.2368143522099693e-5 0.0005264255007297239 0.0006537585408883242 6.430218417074919e-5 0.0025505252830685856 0.00417267924125245 3.470507042472159e-12 9507.350780128023 7.38778110873983e8
2100 106736.598910581 50.967557386712386 1.619264886357323e-5 0.00036191447862518844 0.0003674693491610388 6.813042700005235e-5 0.0023803338420585137 0.003697000193329502 1.2523127250352508e-5 0.0005272707789741076 0.0006789759022265212 6.687116790779906e-5 0.002346765738654254 0.0045486683384187016 3.661983081841207e-12 9507.350780127974 7.387781108739842e8
2150 109285.6767724316 50.95798360506965 1.6233770832534418e-5 0.0003672463678637526 0.00037559285785838356 7.285824629849101e-5 0.0020440264873285425 0.003737529652684338 1.2554930302123389e-5 0.000533703736295016 0.000693840818235199 7.151357709737411e-5 0.0020348912300528327 0.004616250225698127 3.814817780038595e-12 9507.350780127996 7.387781108739867e8
2200 111832.85176669963 50.9428081754106 1.6205438167052817e-5 0.0003747937870644167 0.0003802917896987139 8.526702177417697e-5 0.002110517875859134 0.0030763803236658507 1.253301828648226e-5 0.0005436501709990516 0.0006967692464971525 8.370139886367252e-5 0.0019377977355689742 0.003900701704292283 3.828349141483368e-12 9507.35078012799 7.387781108739868e8
2250 114359.04548198119 51.010285848246525 1.6043605547147885e-5 0.000382931898111221 0.0003855487795103682 7.944826842547961e-5 0.0023010025481917896 0.002665725100748958 1.2407859610505417e-5 0.0005590894745939361 0.0006930502113048909 7.797965080236322e-5 0.002230791363516834 0.0036198915365743445 3.4276156132405946e-12 9507.350780127987 7.387781108739865e8
2300 116913.0336438711 51.15971173780028 1.621423635564145e-5 0.0003936424030782193 0.000385881606867381 5.339222464558612e-5 0.0025714399012711246 0.002762309689285081 1.2539822660258913e-5 0.0005833863251772128 0.000676611631534335 5.240998365654356e-5 0.002626180558528653 0.003770151198738684 3.700825440691378e-12 9507.350780127996 7.387781108739882e8
2350 119474.70230340863 51.205622489417294 1.6440593945581596e-5 0.0004042976690094908 0.0003850879602128903 7.602395921776762e-5 0.002737835252513758 0.0029036601339307642 1.2714883882593128e-5 0.0006087230967767043 0.0006590348068151971 7.463472334821313e-5 0.0028629139837529714 0.0037694071296485343 3.9370863043781365e-12 9507.350780127965 7.387781108739877e8
2400 121981.29554638441 51.03754283296706 1.6412529006921125e-5 0.0004126951621413541 0.0003863436999059303 7.404359147419694e-5 0.0027405825058183513 0.0033105664937994636 1.2693178922455885e-5 0.0006288608625401826 0.0006489861344864444 7.26791195461706e-5 0.0028058038102377787 0.004141183247134834 3.804249993511267e-12 9507.350780128001 7.387781108739868e8
2450 124530.5385679108 50.94765812590938 1.6493514498584415e-5 0.0004221652054654963 0.0003842214193468861 4.8988290200763186e-5 0.0026011233136466723 0.003627500409576922 1.2755811764436744e-5 0.0006490124598220334 0.0006391622799578278 4.808677310611832e-5 0.0026060212361624408 0.004308634249829289 3.945697518834643e-12 9507.350780127994 7.387781108739865e8
2500 127077.43015391196 50.94160065049641 1.7273243152541923e-5 0.00042912940118919454 0.00038363398722128555 7.963769934791235e-5 0.002285998404194296 0.004097457025162978 1.335884103015493e-5 0.0006635489842674021 0.0006334462493438816 7.816953824821683e-5 0.0022544942394655152 0.004572609734543507 3.867105349899891e-12 9507.350780127965 7.387781108739841e8
2550 129600.0 24.96124859797419 1.7731852904399505e-5 0.0004357258908241412 0.0003829807137528716 8.983256494278913e-5 0.0020552009363972593 0.004258221209598189 1.3713522239459514e-5 0.0006772108470336638 0.0006245202446911037 8.817260513119607e-5 0.0019624818457252263 0.004482926567873567 3.5174647721718474e-12 9507.350780127972 7.387781108739909e8
2600 132147.98650535612 50.940037287724806 1.797010908152807e-5 0.0004443230921546386 0.0003787739642426983 7.249472585151626e-5 0.0020022794490003005 0.0036899227217636423 1.3897785632649865e-5 0.000691518354138812 0.0006252182526973984 7.115708143146638e-5 0.0019227339860777035 0.004113281152138202 3.2136638829601663e-12 9507.350780127992 7.387781108739878e8
2650 134695.36226880085 50.968711619431275 1.8271335518646667e-5 0.00044814265981370504 0.00038127886856387336 8.590989961868501e-5 0.001828839724248781 0.0030234719586843236 1.4130749185124313e-5 0.0006925211884368819 0.0006423451534381505 8.432566513036485e-5 0.0018046517623747347 0.003514389942734163 2.047378456792112e-12 9507.350780128008 7.387781108739877e8
2700 137246.2752698389 51.07969961881262 1.8269736492939373e-5 0.0004474913889390194 0.0003940166807631175 7.856301262600991e-5 0.002255863245787206 0.0022761245428479264 1.4129512525046348e-5 0.0006838721339907193 0.0006720725661116968 7.711079515547442e-5 0.002314559273142796 0.0028795584667294883 2.017589551291168e-12 9507.35078012798 7.387781108739865e8
2750 139776.20115929004 51.269508164212404 1.87029314725416e-5 0.0004469741403897102 0.0004029627023248854 7.581514497419448e-5 0.0025467575288441674 0.0023338883925017122 1.4464538369149414e-5 0.0006735787684742564 0.000706299515235183 7.443073838627567e-5 0.0026727203710157207 0.0028908017190004344 2.4982706819580676e-12 9507.350780127974 7.387781108739882e8
2800 142336.2742501085 51.10696255405518 1.9187769175172002e-5 0.00044825994600912374 0.00041149633083793926 6.847133163457174e-5 0.0029173488299363663 0.0025584992588712626 1.4839503842491549e-5 0.0006657549271664032 0.0007377008094434998 6.720603539390144e-5 0.0029355755085160346 0.0035528597830137825 2.4783756751479257e-12 9507.350780127996 7.387781108739836e8
2850 144888.00950978487 50.97854723269305 1.946405296708003e-5 0.00044949344381173045 0.00041833809710413764 9.916585660255875e-5 0.0028084206495471954 0.002682453849089104 1.5053177165023344e-5 0.0006613015308023049 0.0007624916902044342 9.733333335314051e-5 0.002933066655516423 0.0036078469270691286 1.714554443711902e-12 9507.350780127983 7.387781108739882e8
2900 147389.34496466522 50.93355363244365 2.0045321107592924e-5 0.0004518009098163082 0.00042325041190411614 8.611036118520313e-5 0.0022854757196405177 0.002666982612632852 1.5502720346718966e-5 0.000656316895850973 0.0007899828013734732 8.452438457443646e-5 0.002879289157564229 0.003433883625319053 3.0702636144741323e-12 9507.350780127992 7.387781108739864e8
2950 149936.59102683765 50.96941612973248 2.0304830114071097e-5 0.0004552043570467957 0.0004294025786008011 7.967549549745939e-5 0.002346123430098573 0.0028606335408809594 1.5703420327192382e-5 0.0006528982370228473 0.0008161736122328427 7.820286674493404e-5 0.0031132412628494836 0.0035083579732407806 2.124630507870138e-12 9507.35078012798 7.387781108739846e8
3000 152485.61924760937 50.95608377624313 2.034218312033728e-5 0.00045947172176858607 0.00043410369089995994 0.00011198170451639623 0.0021594112819210403 0.0026138973130044193 1.5732308525447053e-5 0.0006557383916789258 0.0008257382505596869 0.00010991616927260952 0.002860744909129092 0.0032269880313054583 1.899957834735899e-12 9507.35078012797 7.387781108739889e8
3050 155032.80270296746 50.94542044125944 2.1008696232550456e-5 0.00046363862471861847 0.0004364202096694517 0.00010217185265639529 0.002066256378867023 0.002440225114443053 1.624777876065284e-5 0.000667254697353101 0.0008163311510990082 0.00010029520179358597 0.0027791932398816247 0.0028376942782184222 2.035845785407942e-12 9507.350780127988 7.387781108739887e8
3100 157559.2300026722 51.016113183313976 2.107903494727851e-5 0.0004696635294667016 0.00043932650672584675 7.66032680750112e-5 0.002234652313154434 0.0020997431770814956 1.630217756115756e-5 0.0006844647104529297 0.0008030400263409078 7.518780866543683e-5 0.002686290036268874 0.002501459089070468 1.977259661620032e-12 9507.350780127983 7.387781108739849e8
3150 160113.61572869553 51.169706226902036 2.075665939252336e-5 0.0004770796987431963 0.0004432452518731802 7.83227690366479e-5 0.002154024465878716 0.0024371772428454365 1.6052857630328247e-5 0.0007046327379888853 0.0007888300704264029 7.688352895310373e-5 0.002481092696803123 0.0029045651182292953 3.376804087475778e-12 9507.350780127976 7.38778110873984e8
3200 162675.42219035444 51.1973562211101 2.0922833558738585e-5 0.00048496078978632926 0.0004452585225397119 8.263603832831044e-5 0.0022288351017347796 0.0022199928255180624 1.618137398653255e-5 0.0007271136511528641 0.0007684274550735464 8.112350532592881e-5 0.0023717280203740714 0.0027295155520345206 2.8799266752833012e-12 9507.350780127968 7.387781108739868e8
3250 165181.17729652685 51.032590898432886 2.1305719250944448e-5 0.0004933749530480488 0.00044415366522471703 8.282911233110438e-5 0.00259000445404051 0.0026799769881362726 1.6477491458493762e-5 0.0007492663726067309 0.0007480269665308859 8.13018849390167e-5 0.0026355558029413067 0.0031739824626883166 3.6558529998737254e-12 9507.350780127976 7.387781108739874e8
3300 167730.24856468214 50.94623316582 2.146177802772327e-5 0.0005042516998518226 0.0004403973663638025 0.00010320819810234031 0.002770364829449662 0.0031167217960616257 1.6598184739536327e-5 0.0007751654734334412 0.0007279319584389763 0.0001013103848644301 0.0027673822202260454 0.0035888242241482126 3.074130811717828e-12 9507.350780127983 7.387781108739866e8
3350 170277.1316329472 50.942915251974824 2.1983460482416032e-5 0.0005122572458300506 0.0004409792070164118 8.382737098568375e-5 0.002383888447419637 0.0030952138871127724 1.700164533572613e-5 0.000795837254877593 0.0007158820721097688 8.228270971219676e-5 0.0024095949165463507 0.0034059333932799137 4.22633351366577e-12 9507.350780127985 7.38778110873984e8
3400 172800.0 25.168930454499787 2.1987519326834776e-5 0.0005211732186936202 0.0004414660838195594 0.00011636786102462134 0.0023376709528256773 0.0031444781885768235 1.7004784378976916e-5 0.0008102679576472076 0.0007112372305794884 0.00011421832464516257 0.002386154286707095 0.0033386199889349055 4.273291243365458e-12 9507.350780127983 7.387781108739871e8
3450 175347.88945757385 50.939732100454734 2.2102837093116835e-5 0.0005300346328053597 0.0004414319874408214 9.752715059600827e-5 0.002092622910524596 0.0025288391027138758 1.7093969235238676e-5 0.0008173660565764786 0.0007182411595080979 9.572797348733168e-5 0.0022057427142151195 0.0028789907599332492 2.1806397764649714e-12 9507.350780127974 7.387781108739853e8
3500 177895.3552886452 50.971686060220804 2.2304376994153e-5 0.0005320947190816902 0.00045086993515247375 7.443535801792032e-5 0.0020241548169547224 0.001959110312372096 1.7249836866777418e-5 0.0008128813310539205 0.0007393558038465438 7.3062406080222e-5 0.0022140712350367333 0.0028157043255168314 3.064841880516634e-12 9507.350780127985 7.387781108739852e8
3550 180446.53155078925 51.086740721271894 2.2321115985293806e-5 0.000533340940696224 0.0004608027393785491 9.723528102491062e-5 0.002246743858337047 0.002080472394004475 1.726278252612507e-5 0.0008030471521064007 0.0007638711787601164 9.543778543317184e-5 0.002532508471853359 0.002755600881808348 3.4768017674906105e-12 9507.350780127981 7.387781108739868e8
3600 182976.49733066474 51.279769320909445 2.258851383289449e-5 0.0005338484214661338 0.0004742125439140435 7.602896536585061e-5 0.002251358224676527 0.0021310587832682132 1.7469583606059134e-5 0.000791021605646287 0.0007952086668773944 7.464040872811184e-5 0.0028264331733649506 0.0026011524332547266 4.105263437580958e-12 9507.350780127988 7.387781108739892e8
3650 185536.1845853761 51.09956361454908 2.2751717914042006e-5 0.000533764904082869 0.0004886154613873202 8.778517014575861e-5 0.0028665556116340683 0.0029313663023123396 1.7595802947513634e-5 0.0007775173741081913 0.0008383701117848428 8.616257652218254e-5 0.0032483956400732243 0.003855961773869215 4.244038385007205e-12 9507.350780128014 7.387781108739866e8
3700 188087.62392214904 50.97413535493855 2.2728020298306692e-5 0.0005360262698260161 0.0004973405502436936 8.36645853156012e-5 0.0030071358961566525 0.003346835231792545 1.7577475602811015e-5 0.0007670490837238779 0.0008821768707771629 8.211928560022021e-5 0.003333010149973368 0.004340443952568729 5.130154943139905e-12 9507.350780127987 7.387781108739865e8
3750 190589.32862030112 50.932313453224694 2.308759703004443e-5 0.0005403146598456134 0.0005052722127510414 8.1295746008469e-5 0.0029994638360208736 0.003765871044741788 1.7855566309632734e-5 0.0007594617136396385 0.0009171488520938898 7.979746196102825e-5 0.0036207562853744686 0.004759044933639531 3.4739836910833232e-12 9507.350780127952 7.387781108739862e8
3800 193136.6099716574 50.97188519143347 2.3639904440437456e-5 0.0005447993785042306 0.0005076072248548071 8.926049010239729e-5 0.0028038648305126726 0.0038432578799122994 1.8282711740867627e-5 0.0007596068472696155 0.0009326136731384848 8.761088168561126e-5 0.003721206247952577 0.004707489818701335 4.44851739649466e-12 9507.350780127974 7.38778110873987e8
3850 195685.54188492964 50.95269519147928 2.3939415076513215e-5 0.0005474132561554923 0.000513814571451507 7.609004139605858e-5 0.002750636032807681 0.003251834583056529 1.8514348321144598e-5 0.000764455629448087 0.0009363763876542641 7.468751756359887e-5 0.0036435307220475436 0.004088234764044198 3.3055270475846704e-12 9507.350780127972 7.387781108739842e8
3900 198232.66746923124 50.946138298020685 2.4456422162491306e-5 0.0005508919947323644 0.0005205563403810887 0.00013512547641082726 0.00264847564503876 0.0026761116352347967 1.8914193064375426e-5 0.0007725001923943159 0.0009300308601032943 0.00013264305710034498 0.0035673759348700744 0.003519046695320368 4.816682231910823e-12 9507.350780127996 7.387781108739874e8
3950 200759.36467690024 51.020825228468844 2.4728864993126687e-5 0.0005539459818520364 0.0005240498533534196 0.00010207010471298502 0.0023290247921251314 0.0023000867565038433 1.912489585088356e-5 0.0007859924412205616 0.0009166533283995807 0.0001001850613062514 0.003222369904135353 0.0031400585523168796 4.135952136499989e-12 9507.350780127985 7.387781108739877e8
4000 203314.0836964934 51.17831789226207 2.4860162818475745e-5 0.0005582291261871307 0.0005272189076980616 7.744378143839629e-5 0.002253803502521386 0.0023130372101442392 1.9226439420957366e-5 0.0008049431723637067 0.0008973878223756339 7.602248210804412e-5 0.0031909669447544734 0.003199090998730579 4.4658336336576445e-12 9507.350780127974 7.387781108739885e8
4050 205875.87370515653 51.18664003473944 2.5279351939601017e-5 0.0005651283758469551 0.0005289506169535135 9.996081173247656e-5 0.0021533804721817953 0.0026360549318486873 1.9550633365383778e-5 0.0008308734691223028 0.0008701416082879356 9.812837014273858e-5 0.0025954482006229776 0.0034116129819071355 3.78951252599544e-12 9507.350780127988 7.387781108739856e8
4100 208381.0126238796 51.02514695031352 2.5581991093117973e-5 0.0005724278615160459 0.000526787783422698 8.602127380240286e-5 0.003055253087013835 0.0028418375113540314 1.978468948939353e-5 0.000858489382304955 0.0008430106229141741 8.443392373386916e-5 0.00310207854919307 0.003535290327877273 3.3753127277466496e-12 9507.35078012798 7.387781108739867e8
4150 210929.80840171824 50.94246837701696 2.5840208466423143e-5 0.0005807861942600076 0.0005227231296187748 0.00010958575597361432 0.002969457657119071 0.003000647561955397 1.998439054209674e-5 0.0008840115184196574 0.0008239329266333395 0.00010757241464745891 0.0029651656129942795 0.003795813694815498 4.712344484494278e-12 9507.35078012802 7.387781108739854e8
4200 213476.60730999464 50.943178895934466 2.6160493369461923e-5 0.0005892628498275718 0.0005243159623298209 8.729586292035687e-5 0.002534297101740381 0.0031252170463144284 2.023209359741025e-5 0.0009041400582854145 0.0008111060757002484 8.568820632008448e-5 0.0025052600492091615 0.0038396656734811588 3.439155942441089e-12 9507.350780127996 7.387781108739842e8
4250 216000.0 25.654500384524 2.642961554520251e-5 0.000596687162026922 0.0005234496151593085 0.00010642528007104761 0.002389552426259427 0.002855099509376116 2.0440228244254095e-5 0.0009155829302049678 0.0008071032542040576 0.00010445899395459942 0.0025831812764868225 0.0040037935885841236 3.914828861231994e-12 9507.350780127988 7.387781108739872e8
4300 218547.7893752472 50.9399030510181 2.6475379438785787e-5 0.0006004521256449476 0.0005291563101771251 9.071941458406911e-5 0.002281522095725648 0.0026406896195639586 2.047562128387608e-5 0.0009154968978897965 0.0008196424165734614 8.904632287668375e-5 0.0027519846790078017 0.003987953816443295 3.096943446547471e-12 9507.350780127985 7.38778110873987e8
4350 221095.36920035136 50.97620672838126 2.6583961216251125e-5 0.0006038935778847649 0.0005353367157252087 9.189114733787936e-5 0.002405320718867105 0.002413514045897066 2.055959663761544e-5 0.0009104594638519301 0.0008398081038822275 9.019487530200721e-5 0.0027937855873211917 0.0038153553404190847 3.0417152752177006e-12 9507.35078012799 7.387781108739859e8
4400 223646.87450443406 51.09512663646069 2.665332888424036e-5 0.0006076750977998446 0.0005391829844893852 0.00012713836026580864 0.0023754662321219316 0.002160970576145229 2.061324444660666e-5 0.0009032601387290933 0.0008666061645135575 0.00012478813604959281 0.0028170327279068313 0.003510197679492042 3.068624841780764e-12 9507.350780127988 7.387781108739874e8
4450 226176.82915074856 51.292211739211076 2.6718012978244585e-5 0.0006078575091827541 0.0005526715900606651 9.211104822899815e-5 0.002633242567814608 0.00200392697236277 2.066327005681549e-5 0.0008884691464457036 0.0009036404664939871 9.042866879669432e-5 0.003617378573387272 0.003212606781650614 3.4170401688969433e-12 9507.350780127983 7.387781108739896e8
4500 228736.03238272623 51.091008035131786 2.698504651306184e-5 0.000607039000045549 0.0005657971497142151 9.601651164395692e-5 0.002908606582995511 0.0021986361842646273 2.0869789383259852e-5 0.0008681909370100142 0.0009498802430918837 9.424157767568849e-5 0.004063129585966213 0.0030294692857256236 3.0130750421653793e-12 9507.350780127988 7.387781108739854e8
4550 231287.16633495456 50.97032522285337 2.6944386620237694e-5 0.000610530205919392 0.0005723729378244803 8.861559766023049e-5 0.003202539197575594 0.0024299496127868523 2.0838343693542972e-5 0.0008540987460833484 0.0009947132581005378 8.697993251960096e-5 0.004261867057574459 0.003251034250844498 3.028758249997239e-12 9507.35078012798 7.387781108739864e8
4600 233789.32440541693 50.932137360972185 2.7190003627197496e-5 0.0006165312517922047 0.0005738174040342854 9.539839891022253e-5 0.0032930319001365756 0.0026158722940931097 2.1028299830978336e-5 0.0008480439283900754 0.0010258581851085994 9.363924100216965e-5 0.00431983239124731 0.003361566113014699 2.152290540432968e-12 9507.350780127972 7.387781108739856e8
4650 236336.69963412476 50.976303262361405 2.77064657619196e-5 0.0006200879547666277 0.0005765293528386714 0.00010416696530793771 0.003483179408525553 0.0027837575938134064 2.1427723117903084e-5 0.0008491925653844651 0.001037842148609514 0.00010224226464972618 0.004623692970410987 0.00337536062424597 1.7514804340269535e-12 9507.350780127981 7.387781108739831e8
4700 238885.6421488261 50.95205382299147 2.771241071178048e-5 0.0006257472152672295 0.0005813876905162267 9.589610184684081e-5 0.0035372477896132397 0.0031686754212842745 2.1432320843960406e-5 0.0008566437319851073 0.001039041102223547 9.413012180336939e-5 0.004684363542036558 0.003763694862224131 2.274685418741858e-12 9507.350780127945 7.38778110873988e8
4750 241432.82669254765 50.94909692755425 2.800834943778168e-5 0.0006291099567768792 0.0005900754588100762 0.0001068608825523715 0.0032701769120309027 0.003267659906885325 2.1661194967968824e-5 0.0008642924071366999 0.0010328240907088934 0.00010489760348670159 0.0044096160067576395 0.0038111802961683615 2.0893050011668336e-12 9507.350780128008 7.387781108739872e8
4800 243959.57146990066 51.028191599782126 2.8553403766895216e-5 0.0006303792025466521 0.000597114530893775 9.249090706342554e-5 0.0029992079067831913 0.0026132952452578807 2.2082730985909454e-5 0.0008769312500511396 0.0010163607618733693 9.078387786616061e-5 0.0041535540680968965 0.004005103506176118 2.9285672101202215e-12 9507.350780127976 7.387781108739867e8
4850 246514.74465587485 51.18957772238546 2.876645051623607e-5 0.0006362914900711773 0.0006002647408076507 0.00013277203904323614 0.002986505499724185 0.002647788916144508 2.2247497823921557e-5 0.0009011988662477111 0.0009839294616915543 0.00013033879183241916 0.003948386349809935 0.0035635473660903813 2.5393931556187535e-12 9507.350780128005 7.387781108739862e8
4900 249076.56009768782 51.176776554832074 2.916567178775923e-5 0.0006443554630644633 0.0005998941348580725 9.950933715940826e-5 0.003034500764479964 0.0027582681463756246 2.2556248963185712e-5 0.0009351902056732647 0.0009442586831582754 9.768263074730167e-5 0.0033329476280202996 0.004000679623443024 2.3492553196523506e-12 9507.350780127981 7.387781108739867e8
4950 251580.87824862383 51.018814543092894 2.948220021271512e-5 0.0006525782621202349 0.0005995172570324019 0.00010415723953595967 0.0037650768557416165 0.003250992612527765 2.2801046820378304e-5 0.0009675013705398098 0.0009145053445511878 0.0001022339298799968 0.0038365044893435597 0.004070987092470865 2.8078111045046994e-12 9507.35078012797 7.387781108739862e8
5000 254129.486201511 50.940431917995426 2.9723364748411548e-5 0.0006578898448450655 0.000601023513078041 0.0001164963028160493 0.0038929064067826638 0.0035236211745971672 2.2987559490060393e-5 0.0009912876228660246 0.0008988980862596475 0.0001143561110182119 0.0038749052087831202 0.004346719842075942 3.0379399717698947e-12 9507.350780127996 7.387781108739852e8
5050 256676.29054487962 50.945369185260944 3.0230604201445335e-5 0.0006644075852238285 0.0006004183627977232 0.00010047201229222505 0.003606846197443361 0.0037275779530814603 2.3379850107255553e-5 0.0010052210144983378 0.0008894847387295109 9.862018327632428e-5 0.0035590052658770405 0.0044519516946096745 3.81580563834441e-12 9507.350780127974 7.38778110873987e8
5100 259200.0 25.850667363178218 3.0777033860628453e-5 0.0006714123508650654 0.0006004166429434413 0.00013980836823841952 0.003090626094896017 0.0037735529985826856 2.380244978276126e-5 0.0010126033777073586 0.0008843362843744599 0.00013722471195866718 0.0030869928462827607 0.004585525333094746 2.6010538926608097e-12 9507.350780127987 7.387781108739853e8
5150 261747.76057140902 50.9410325427605 3.087190052681707e-5 0.0006760027952808678 0.0006054661648672374 9.742707443681466e-5 0.002694423436981051 0.0035207550510706104 2.38758180959082e-5 0.0010125434628116198 0.0008966390618087212 9.563120569765603e-5 0.002861054250136218 0.004377558699924755 3.5084285489093504e-12 9507.350780127983 7.387781108739861e8
5200 264295.47615551914 50.98069724005347 3.0860453600047564e-5 0.0006778718343731021 0.0006152216058343825 0.0001021824467067743 0.0029255942661374906 0.003460706931872508 2.3866965231764543e-5 0.0010043851621508845 0.00092189638197743 0.00010029498585477908 0.0044952755246888965 0.004196062355638068 3.1196258984996036e-12 9507.35078012799 7.387781108739865e8
5250 266847.2893394898 51.103410070460846 3.096434613752257e-5 0.000678916999225884 0.0006269120150506673 0.00011642372930621486 0.0031238493459852237 0.00310088094704209 2.3947314004722617e-5 0.0009886259525935899 0.0009560590420007054 0.00011427183399678711 0.004450164403347877 0.0040441939227039035 3.670942726940463e-12 9507.350780127996 7.387781108739872e8
5300 269377.1076068817 51.28218142713247 3.1307852406662694e-5 0.0006801511269633841 0.000636715365522401 0.00012496464235611454 0.003572996028985071 0.0036458380093083984 2.4212976081139195e-5 0.0009686444440901588 0.0009950824729330254 0.00012268231487238968 0.004031722645977166 0.004338263831052997 3.325866207741613e-12 9507.35078012799 7.387781108739867e8
5350 271935.7797003825 51.08250318515819 3.164152039997071e-5 0.0006802465099187461 0.0006518237069842177 0.00010529017032268243 0.003837497604679196 0.00379286757518678 2.4471029397477118e-5 0.000943891408577102 0.0010533312895967923 0.00010334377795313982 0.004174105674875447 0.005249306641938232 4.184414627107373e-12 9507.350780127994 7.387781108739842e8
5400 274486.5789691442 50.96578024498082 3.1650255711475097e-5 0.0006839040262249304 0.0006585506284896509 0.00011116640998464286 0.004224653397563936 0.004259583623561051 2.4477785143153244e-5 0.0009299010369652718 0.0011008873232650639 0.00010911615656448467 0.004254053949211911 0.005696521348831028 3.717027465579198e-12 9507.350780127968 7.38778110873988e8
5450 276989.3200837693 50.93212836427185 3.1743133424784903e-5 0.0006909213240211791 0.0006636808393381931 0.00012801274553785085 0.004001319347852327 0.004604617292973474 2.4549615232984283e-5 0.0009288868319588284 0.0011320727072284317 0.0001256513343797471 0.003942786456388449 0.00589708911066817 3.614504620631477e-12 9507.350780127957 7.387781108739853e8
5500 279536.8235289252 50.98021526465025 3.193072360732597e-5 0.0006968025808642138 0.0006673211200763623 9.964346564165563e-5 0.003514946233657103 0.004672526303597857 2.4694694382582352e-5 0.0009344583808260084 0.0011444850124481235 9.780289695708605e-5 0.0037349249170401293 0.005676231108132579 3.713535501335386e-12 9507.350780127981 7.387781108739876e8
5550 282085.7517962706 50.95143375474124 3.19870494913644e-5 0.0006987984813345176 0.0006763431348564328 0.0001176503441655644 0.00290687367661154 0.004340204788935156 2.4738255891217357e-5 0.000940622796229677 0.001144059067368964 0.00011548249379270778 0.0038486470638796942 0.005085190498545784 3.2231902064674088e-12 9507.350780127987 7.387781108739874e8
5600 284633.00005164626 50.951888230604425 3.208011926245115e-5 0.000704292090225454 0.0006828700000320642 0.0001290130196209098 0.0031930295567293944 0.004473621768713841 2.4810234515364103e-5 0.000952534460332376 0.0011326344754704878 0.0001266407958474845 0.003637568868217449 0.005224350446513506 3.826220268545254e-12 9507.350780128007 7.387781108739887e8
5650 287159.7698741528 51.034097416920176 3.206287020758423e-5 0.0007112095247069986 0.0006856876985089492 0.00010593203735300966 0.003405231460274863 0.0039632066460658704 2.479689438115619e-5 0.00097326827173957 0.0011058772966738083 0.00010397844129294526 0.0035168230599850903 0.004772241672324896 4.1909697178808455e-12 9507.350780127981 7.387781108739859e8
5700 289715.3466546357 51.19913679029277 3.1704583902227425e-5 0.0007196267656293837 0.0006882009979015945 0.00011283716773798322 0.0034876766385872437 0.003694515256450893 2.451980166878837e-5 0.001002688003636421 0.0010721021184124245 0.0001107724634580062 0.0038811342624626333 0.004961814847511216 3.846015723743181e-12 9507.350780127987 7.387781108739865e8
5750 292277.0611138412 51.16543685598672 3.175415318373233e-5 0.0007288590098740152 0.0006896648721350314 0.00014915668209533416 0.0037092789051726784 0.0038928443381852948 2.4558137732592578e-5 0.001034853995111083 0.001036880767059863 0.00014641520703758128 0.004106644429057154 0.004496463774460508 3.0811013390268856e-12 9507.35078012799 7.387781108739864e8
5800 294780.7149001658 51.011424596494386 3.205072158638455e-5 0.0007389652643162126 0.0006860286663349853 0.00010433546723418636 0.004200850569772928 0.003916113685440046 2.4787498838126197e-5 0.0010696054607678323 0.001004531510584988 0.00010240780293539518 0.0041190849929069445 0.00485985727639181 3.629000866933093e-12 9507.350780128007 7.387781108739836e8
5850 297329.0577762074 50.93784696354799 3.233939422232744e-5 0.0007463204860807265 0.0006850253465004721 0.0001153527423166539 0.004204880174472617 0.004285122209599195 2.5010753488061566e-5 0.0010990666714224232 0.0009818576437281778 0.0001132339571058076 0.003992051641248918 0.005028560615193302 3.6536896667621525e-12 9507.350780128008 7.387781108739829e8
5900 299875.8524015736 50.94746548374103 3.2822492913045936e-5 0.0007510696418855548 0.0006866228310193367 0.00011175918059984211 0.00346607118667645 0.004451576873610489 2.5384374038306234e-5 0.001114373910884204 0.0009724886618036868 0.00010969782945666948 0.0034273028964361316 0.004904626378479294 4.2811634785466846e-12 9507.350780127992 7.387781108739862e8
5950 302400.0 26.195120690506883 3.3014697438744506e-5 0.0007551909184811133 0.0006893251893693155 0.00010919272880701091 0.0029085533506996736 0.004787421566396885 2.5533021844707593e-5 0.0011215358078335237 0.0009749102985707777 0.00010717457848378513 0.0035958349189602365 0.0046294893155256825 3.1569194639982143e-12 9507.350780127987 7.387781108739855e8
6000 304947.72307140514 50.94241745539234 3.297848334258746e-5 0.0007568766200915244 0.0006976610635010144 0.00010127155522101436 0.0030745392711750397 0.00547269526866256 2.5505014460726095e-5 0.0011141264631690155 0.0009955499419732159 9.940599047465332e-5 0.003957710264211542 0.005611455530614068 2.956453148264614e-12 9507.35078012802 7.387781108739882e8
6050 307495.6138072784 50.98583070802026 3.3181438323640004e-5 0.0007565004474401225 0.0007054468369498785 0.00010372110989676673 0.003687640715075799 0.005082588714516093 2.56619764917829e-5 0.0010954341125942063 0.0010231608270962844 0.00010180430351702459 0.004548937598819799 0.005467453978789247 3.257742273721974e-12 9507.350780128 7.387781108739867e8
6100 310047.7851924968 51.112441680656374 3.3345971254864045e-5 0.000755456674800735 0.0007146428745598314 0.00011595301116392774 0.0034035124609420567 0.004034555933101989 2.57892235439471e-5 0.0010754577516207196 0.001053744981683894 0.00011381038335407453 0.004535519879651074 0.004520006861760431 1.7005406398387073e-12 9507.350780127985 7.387781108739855e8
6150 312577.3767261854 51.27220803863006 3.379767151581885e-5 0.0007533532966479069 0.0007260778697140086 0.00011894083165620448 0.003999889817882556 0.004461502508117135 2.613856106708158e-5 0.0010491342481484343 0.0010978447657461273 0.00011676887444990531 0.0042049811465296695 0.005135848081467792 3.4211600740793362e-12 9507.350780127961 7.387781108739878e8
6200 315135.65920904814 51.07639431972612 3.414138255742366e-5 0.0007511795965599852 0.0007443334069871966 0.00013465654300991376 0.00431450753414421 0.0038700796209960053 2.6404381511136898e-5 0.0010221275213217558 0.001158665602112311 0.00013216748548832078 0.004265133974102516 0.005353285271578085 2.9807743729101146e-12 9507.350780127987 7.38778110873984e8
6250 317686.2464065905 50.96342987669981 3.434906032431577e-5 0.0007534181689214017 0.0007521707343916125 0.00012097182947167646 0.005025076840955194 0.0041499933550626904 2.656499606677552e-5 0.0010040550458658138 0.0012139435721623675 0.00011874101781890012 0.004657624095406072 0.005541188057840157 2.9379212327601706e-12 9507.350780127961 7.387781108739852e8
6300 320189.33267384657 50.93381880310727 3.445674336933271e-5 0.0007578902514133922 0.0007571629783014705 0.00012114837038972498 0.00448528823711751 0.004196217569557944 2.6648276355676813e-5 0.0009972790285807933 0.0012531762339579996 0.00011891308562866879 0.004060205618060089 0.005379405032440971 2.780139585217383e-12 9507.350780127992 7.387781108739847e8
6350 322737.000168121 50.98573073419069 3.469323153865594e-5 0.0007638997746581102 0.0007624569118411463 0.00011013195142633238 0.003423981156440096 0.004778222538283882 2.683117240082581e-5 0.0009997839676898436 0.0012615511413601517 0.00010809705663426105 0.003989020060447939 0.005275167441743503 1.985840244811242e-12 9507.350780127992 7.387781108739833e8
6400 325285.9497947864 50.95209300723906 3.4896131571566006e-5 0.0007681459336622293 0.0007673317714711222 9.817115071722488e-5 0.003137818784506033 0.00584589306092635 2.698809193589521e-5 0.0010083274734773206 0.0012450807371242232 9.636135152094238e-5 0.004057358096263341 0.006605759025652538 2.9995972854348753e-12 9507.350780127994 7.387781108739855e8
6450 327833.3124543896 50.956754592535034 3.5019885427932895e-5 0.0007725373902646802 0.0007714220552315008 0.00010728963762373423 0.0030053475675975595 0.006041376888520952 2.7083801124929326e-5 0.0010237756250990975 0.0012183332585490368 0.00010531527713627394 0.004132991240372788 0.0070585344662435915 3.496421092913083e-12 9507.350780127994 7.387781108739849e8
6500 330360.04836090805 51.042861732591604 3.4863907458835866e-5 0.0007787744232900917 0.0007746040635482075 0.00011440177615518256 0.003530253466037501 0.0048108971731738006 2.6963170339214003e-5 0.0010465438753157817 0.001185823019434166 0.00011229386804230247 0.004273586478633169 0.005794663605864837 1.780426979732241e-12 9507.350780127983 7.387781108739867e8
6550 332916.133036159 51.21098023579981 3.4272688983303007e-5 0.0007895924134354248 0.0007742273831868935 0.00012111065870747013 0.004046568686424632 0.004397348568892812 2.650593173271874e-5 0.0010796935594102903 0.0011485666617318175 0.00011889822833571293 0.00451360115409248 0.005162819456932283 2.7247228401606306e-12 9507.350780127972 7.387781108739883e8
6600 335477.8326669381 51.15837537600096 3.429849211050697e-5 0.0008017019221903911 0.0007715456191164187 9.739288345280912e-5 0.0042996082297079045 0.004069865658914536 2.6525887445223066e-5 0.0011216337221827389 0.0011022677302406588 9.560081462855727e-5 0.004752312644648108 0.004929328122181359 2.3297202302094438e-12 9507.350780127981 7.38778110873988e8
6650 337980.63361234847 51.00857616235263 3.472805695617031e-5 0.0008127936457946506 0.0007714484180406669 0.00015020833711475238 0.004625817753526127 0.004358543988688666 2.6858105803680012e-5 0.0011567144583521953 0.001069210943694407 0.00014743194821874374 0.004725341471688888 0.005390335302120973 1.875203943468084e-12 9507.350780127988 7.387781108739885e8
6700 340528.90953301685 50.93823424865998 3.4792340684766756e-5 0.0008253980058930803 0.0007679288788490327 0.00011170946340674807 0.004667206332898727 0.004736057391850691 2.6907821777891648e-5 0.0011886438444825348 0.0010459767673368808 0.00010965827211744689 0.004352449934095701 0.005560435690740774 2.8197764425111836e-12 9507.350780127965 7.387781108739868e8
6750 343075.8152085223 50.95157883601296 3.496213558854945e-5 0.0008346443481720363 0.0007695451528204406 0.00011888066627551524 0.00382133852671163 0.004797589569907218 2.703913835274126e-5 0.0012069099909708374 0.00103738293795434 0.00011668668052920555 0.0037419611338870384 0.005269609535294984 2.68241053328858e-12 9507.350780127988 7.387781108739891e8
6800 345600.0 26.091130748798605 3.507635487696863e-5 0.000841195975756715 0.0007777226139321443 0.0001067544910737525 0.0035547459822939526 0.005565291654523569 2.7127473664361066e-5 0.0012100733455750127 0.0010452199269509017 0.00010478132902862044 0.003947201215918506 0.005396268042724964 3.61087481569383e-12 9507.35078012801 7.387781108739872e8
6850 348147.7722372335 50.945209065752636 3.499564144784897e-5 0.0008430545241955927 0.0007833972573872022 0.00011206348170207709 0.0031097562787615876 0.005748907598528142 2.706505123105809e-5 0.0012023057383135658 0.0010608473879921848 0.00011000063519209214 0.004506311787587874 0.005905145756112419 3.5586025614651814e-12 9507.350780128016 7.387781108739858e8
6900 350695.89386073203 50.992347611037275 3.489216029136552e-5 0.0008443774824342671 0.0007918952565254503 0.00011594874343370152 0.0035117213960553636 0.004891516775333023 2.6985020613366405e-5 0.0011863253618395817 0.0010870203178738596 0.00011380519079684988 0.0051363997405008775 0.005266648323549829 2.6179776667371814e-12 9507.350780128012 7.38778110873987e8
6950 353248.48570719565 51.12217439485915 3.48655404107127e-5 0.000845747738806538 0.0008033857602291732 0.00011523977357100541 0.0036924255479035997 0.003994309841775816 2.6964433237231498e-5 0.0011625944938091555 0.0011276323881916983 0.00011311117138404295 0.004493589884775555 0.0046943950981089295 2.9853690627046045e-12 9507.350780128001 7.387781108739871e8
7000 355777.5732124466 51.25971250217896 3.5037931830592204e-5 0.000844290021150522 0.0008178885103466237 9.527138075896136e-5 0.004626349265876627 0.0039090176263685186 2.7097757914757913e-5 0.0011327879327568393 0.0011818881712115747 9.353212599799926e-5 0.004854400309326951 0.005183520313717801 4.433186448213712e-12 9507.350780128007 7.387781108739854e8
7050 358335.3448265222 51.06858208080867 3.531889533408351e-5 0.0008432451752818055 0.0008348972281521712 0.00011645622599471 0.004876353818585677 0.004786722132923586 2.731505044895255e-5 0.0011036592890475896 0.0012481650021925106 0.00011430397046950508 0.004940094693693427 0.006607841931694045 3.710594899866912e-12 9507.350780127992 7.387781108739842e8
7100 360885.6412064986 50.959388305947876 3.557805405651066e-5 0.000846204005629751 0.0008405120096400217 0.0001309044739569818 0.004936950748685471 0.004984769723151654 2.7515479525525827e-5 0.0010912629729679121 0.001298147959043879 0.0001284905174061847 0.004712107714268516 0.006646360571211034 3.6464377147031825e-12 9507.35078012802 7.387781108739855e8
7150 363389.3297848125 50.933865206984194 3.5944599554383395e-5 0.0008512007350738114 0.000844864632095937 0.00012589929845952083 0.0046058793570113755 0.005231843840932058 2.779895976100465e-5 0.0010884733892571542 0.001327833552938762 0.00012357605503361343 0.004499910439194955 0.006694061740209019 4.392339655940695e-12 9507.35078012799 7.387781108739876e8
7200 365937.12083087856 50.990068355950086 3.659577234669244e-5 0.0008560743123432975 0.0008458400320607517 0.00012139389189715752 0.004563536516320066 0.005330478010594197 2.8302566046099774e-5 0.0010890474179382553 0.0013351600127131462 0.00011915031701222868 0.004508736361326291 0.006458223358411295 4.575974091393814e-12 9507.350780128027 7.387781108739849e8
7250 368486.06855039834 50.952279380985125 3.697148910459374e-5 0.0008615521927181502 0.0008455788877578645 0.00012259820714974757 0.003736968725587838 0.0060435623828515575 2.859313918264646e-5 0.0010966310811516221 0.0013244809177239032 0.00012033721037958456 0.004457776685191788 0.006841774785038763 3.793161475473898e-12 9507.35078012799 7.387781108739856e8
7300 371033.54190041876 50.960386909588536 3.6989918133146504e-5 0.0008667373021365005 0.0008459197755375306 0.00011827709814562706 0.0033723357764408025 0.005753607496408968 2.8607391889022375e-5 0.0011139073823743207 0.001295410042056838 0.00011609908336893208 0.004766636351351529 0.006734364550670969 3.952375134669302e-12 9507.350780128007 7.387781108739847e8
7350 373560.2823501128 51.049802072873135 3.6915053180330644e-5 0.0008747166379037493 0.000842161060319089 0.00012196198897945289 0.0034460354794947764 0.004288725945159648 2.8549492570721526e-5 0.001139153652388993 0.0012560859499109946 0.00011971303753080003 0.00465913903865102 0.005646113988430684 3.868058748032247e-12 9507.350780127985 7.38778110873987e8
7400 376116.82474959415 51.2221767968936 3.6747147139639895e-5 0.0008839727572406809 0.0008419953064210629 0.00010713694911929127 0.0034882770306238304 0.004088871460965725 2.8419636811397366e-5 0.001173615318583945 0.0012124481861583052 0.0001051832169212551 0.004908987976480831 0.005159153737574769 4.800497437109731e-12 9507.35078012798 7.387781108739864e8
7450 378678.3642879945 51.148731207059356 3.6981336383883155e-5 0.0008940887627082698 0.0008393652833087073 0.00011759557992128932 0.0035578986557680994 0.004720182220792924 2.8600754905850756e-5 0.0012148273131763559 0.001162833906075072 0.00011542961427376918 0.00436116577939254 0.005648656947470878 3.883678778879433e-12 9507.350780127994 7.387781108739862e8
7500 381231.50542026013 51.0008587293957 3.750204849825647e-5 0.0009056341085998643 0.0008354167949958338 0.00012732098623832096 0.004254224399817403 0.00483626198476377 2.900346505685942e-5 0.001254152570233835 0.0011265864085034855 0.00012496668561374187 0.003979138641086952 0.005619987347516248 4.103831425928341e-12 9507.350780128 7.387781108739849e8
7550 383779.546758579 50.93614879463908 3.765462713858888e-5 0.0009148734027451289 0.0008354004990511563 0.00012254935552556885 0.0044438404480201124 0.004917182038486207 2.912146685783932e-5 0.001283247648061815 0.0011095065479813106 0.00012030067919153806 0.004027184492610453 0.005754176195579556 3.3295113283119084e-12 9507.35078012801 7.387781108739876e8
7600 386326.483264823 50.95485406397007 3.7874300898245234e-5 0.0009223258702410977 0.0008387311286376989 0.00012110550630071019 0.004085128871381053 0.005113161156186341 2.9291358916198792e-5 0.0012978123537277033 0.0011061691851067094 0.00011886896159906778 0.003931829763272875 0.0055759567751781924 3.598132209330444e-12 9507.350780128005 7.387781108739839e8
7650 388850.979084759 50.97908475902716 3.811572703221297e-5 0.0009278546385399689 0.0008464853298349517 0.00011992920136575427 0.0035405198352927926 0.006422162814477074 2.9478073901665872e-5 0.0012995687871406821 0.0011134843280284417 0.00011771277492549851 0.004229773330589078 0.0062528075099422455 3.11190681964486e-12 9507.350780128023 7.387781108739878e8
7700 391398.8348765335 50.94915087520232 3.7969104606713626e-5 0.0009304581561893036 0.0008514354896626634 0.00011551715782806035 0.0035788540962255204 0.006429675549427701 2.936467853888429e-5 0.0012903268952042574 0.0011303913640519072 0.00011339339397276289 0.004490222755515992 0.006628182135828785 2.7187392139303477e-12 9507.350780128025 7.387781108739853e8
7750 393947.286454053 51.00153926465004 3.793220056429985e-5 0.000927648395351996 0.0008647330527488346 0.00012496403530696504 0.0040890176441918885 0.005416025116324754 2.933613756186065e-5 0.0012707977404247774 0.0011598254364857453 0.00012265313568176757 0.004403993064950494 0.0058521750252882275 2.4465804217700545e-12 9507.350780127957 7.387781108739829e8
7800 396500.49088920216 51.137283058296006 3.774220924974554e-5 0.0009287272325903054 0.00087970922428824 0.00011372251652110603 0.004570279414987744 0.004461134162305424 2.9189201416412064e-5 0.001246318045420838 0.0012013694802961324 0.00011162357132559846 0.005018324147775939 0.005643428622944232 2.426547574266078e-12 9507.350780127988 7.387781108739883e8
7850 399029.02684298943 51.24787746657543 3.7738064418073825e-5 0.0009263043418102845 0.0008969246189780023 0.00011255724087546293 0.00452291257282835 0.0040822794459808446 2.9185995872040034e-5 0.0012158050957236154 0.001258885786400114 0.0001105038038185912 0.005032993181857697 0.0054328053450313826 2.471345799762356e-12 9507.350780128 7.387781108739849e8
7900 401586.3258439242 51.06155516406004 3.7848210518895604e-5 0.0009247206006752941 0.0009160408074669369 0.00011418565570739727 0.005079519971951184 0.003998252902159842 2.9271181047629886e-5 0.0011854544708214982 0.001330268681676227 0.00011207633017695948 0.005064009641943479 0.00550794901858254 2.9906376403356197e-12 9507.350780128012 7.387781108739883e8
7950 404136.41705986933 50.95788145428303 3.818848380127123e-5 0.0009285718551455213 0.0009256066196020524 0.00012746271162561738 0.005399074635959755 0.00456948153627155 2.953434278546364e-5 0.0011663481513751745 0.0013907770485511038 0.00012511276191290238 0.005152882578456214 0.006080716594680148 2.498086894366288e-12 9507.350780127981 7.387781108739858e8
8000 406640.2904212255 50.936829449670206 3.866195545779044e-5 0.0009347773420066718 0.0009288799108598668 0.0001310840173383184 0.005380851057547114 0.005081604734009395 2.9900517946424718e-5 0.0011606529852391308 0.00142350157665759 0.00012866504693201638 0.004925868234320088 0.006472078908320521 2.7398901026176502e-12 9507.350780128008 7.387781108739876e8
8050 409188.3449362535 50.99796676958391 3.928476492674572e-5 0.0009407857552613926 0.0009301173974854873 0.00013363540338112115 0.00473792735762324 0.005398289459834603 3.038218850558665e-5 0.001164842906959767 0.0014254361222773224 0.00013116505763376233 0.005058661756222921 0.0064373834759829975 3.3577533549153736e-12 9507.350780127994 7.387781108739834e8
8100 411737.3167669472 50.95367484235492 3.963524976106318e-5 0.0009470716898410303 0.0009282091786662203 0.00012451391265187706 0.003938523985301371 0.006189780204300962 3.0653247689074945e-5 0.0011811207455029685 0.001402264168417309 0.00012221667832745695 0.005210421913223525 0.007021202485537866 1.84742521475223e-12 9507.35078012799 7.387781108739889e8
8150 414285.00559894514 50.96690953831463 3.966564010172019e-5 0.0009540265492178224 0.0009234188410998084 0.00011933331754229798 0.004431728910530065 0.005642500990081999 3.067675107672094e-5 0.0012008382638601508 0.0013704719888919866 0.00011713421927496947 0.005113783332352772 0.006622822269808694 3.028061388711741e-12 9507.350780127996 7.387781108739874e8
8200 416811.6625349251 51.061672216177904 3.954975939943415e-5 0.0009653401568805615 0.0009166273619919887 0.00012059209562960925 0.004791226298126989 0.005083971805228617 3.05871308550527e-5 0.00123104466890963 0.0013300213573366464 0.00011836614786534487 0.005190991752719922 0.006406552957282315 3.0210851180404404e-12 9507.350780127974 7.387781108739874e8
8250 419368.9412742903 51.239365773289904 3.9502190426688844e-5 0.0009748306084545746 0.0009153084455413424 0.00011670002486877095 0.0051447679094331405 0.0047965289756001445 3.0550341797013805e-5 0.00126363342335118 0.0012880660572765477 0.00011457337200553775 0.005758285824719852 0.005945569406190356 2.875152026805194e-12 9507.350780128003 7.38778110873987e8
8300 421930.2575073709 51.137664798746314 3.987368155599826e-5 0.000985505486024551 0.0009127486413736566 0.00011733946625507099 0.0050660684439124614 0.004898327824450347 3.083764690218193e-5 0.0013047921133933036 0.0012385734878303265 0.00011517557026936898 0.005574405593592401 0.005908287900950806 2.5475736179070267e-12 9507.350780127985 7.387781108739861e8
8350 424482.4076775801 50.99485416216459 4.0554433719201265e-5 0.0009983756519884636 0.0009073301021113059 0.0001482488492409273 0.004794157841322799 0.004822004253097535 3.1364129384299234e-5 0.0013496377317522034 0.001193262149026403 0.00014550716598625666 0.004872431316686198 0.005691710042794108 2.9756819250545547e-12 9507.350780127996 7.387781108739849e8
8400 427030.30041673867 50.936618390054136 4.1114825895953386e-5 0.0010056110731385362 0.0009066690117261985 0.00013340370203690177 0.005163262536646579 0.005187003878546018 3.17975274403345e-5 0.0013812557787569295 0.0011694802160342947 0.00013095413534670045 0.004676526217113522 0.006036151325025304 2.781579254686323e-12 9507.350780128014 7.387781108739845e8
8450 429577.39777760115 50.96055080060268 4.1739676010985906e-5 0.0010086980190150735 0.0009107852333991206 0.00014309577243859514 0.003988755919444615 0.00566334346606594 3.228077620147644e-5 0.0013943439257464196 0.0011643471338625949 0.00014045186230262106 0.004573596689060067 0.006141419244627802 2.8769726726362607e-12 9507.350780127972 7.387781108739892e8
8498 432000.0 26.163197291840333 4.211132182917727e-5 0.0010091843725600037 0.0009203770745878154 0.00013895325393535908 0.003613939263814465 0.0054042624683298774 3.2568200940472836e-5 0.001393616831826244 0.0011768352034682134 0.0001363854924019352 0.004983332538604202 0.005801095242104232 3.5954826048822884e-12 9507.350780127985 7.387781108739858e8
