#timestep time dt l2_h l2_h_vcon1 l2_h_vcon2 linf_h linf_h_vcon1 linf_h_vcon2 l2_H l2_vcon1 l2_vcon2 linf_H linf_vcon1 linf_vcon2 dsdu_ut mass entropy 
0 0.0 100.0 0.0 0.0 0.0 0.0 0.0 0.0 0.0 0.0 0.0 0.0 0.0 0.0 -5.660352279647373e-13 9507.35078012792 7.387780641008912e8
50 1639.458467156871 32.75315533303797 6.701823648498371e-6 4.102947794512677e-5 0.0001040132775646755 2.032145754969558e-5 0.0002022581179406342 0.00020095152626899666 5.183080043900162e-6 6.630349082533868e-5 8.855947002741021e-5 1.994625380427446e-5 0.0001860061000759972 0.00017417748871816318 -1.1005815109461017e-13 9507.350780127892 7.387780641008911e8
100 3275.5586546200125 32.69517030644832 1.2111147501424789e-5 8.329724756766782e-5 0.00018917307158601647 4.105865425321083e-5 0.000444258680768305 0.00038193059835302847 9.366562030834471e-6 0.00013457540575300084 0.00016802071505830484 4.030202441165048e-5 0.00039853917357647866 0.0003074794283595881 -2.9015469976167406e-13 9507.350780127941 7.38778064100894e8
150 4909.246459825957 32.65634776192333 1.6767851268679256e-5 0.00012298662571725078 0.0002356782704439031 5.587311710869244e-5 0.0008419633973873118 0.00046806997999348176 1.2967980037679578e-5 0.00020048839323198026 0.00023039016248293308 5.484055189001205e-5 0.0007690693094564512 0.0004976782346081931 -3.791844843863566e-13 9507.350780127876 7.3877806410089e8
200 6541.492526845636 32.63722925459757 2.0284278327112572e-5 0.00015727124929402044 0.00025050873244949324 7.048478442587516e-5 0.0012865649629765154 0.0007189172528341322 1.568752681603806e-5 0.00025572843229291326 0.0002793892187280507 6.918083120128355e-5 0.001202924998084288 0.000884610727846917 -8.951988493570783e-14 9507.350780127897 7.387780641008912e8
250 8173.299625160226 32.63842085317403 2.235988914124534e-5 0.00018295040889225046 0.0002567904576651172 6.38169918035697e-5 0.0016358829062691057 0.0011303398437559793 1.729277003846112e-5 0.0002921302872859138 0.0003272529812312529 6.264094316753735e-5 0.0015752632456073707 0.0014331842846054045 3.5501641279892344e-13 9507.350780127907 7.387780641008933e8
300 9782.765616966492 32.65955591247559 2.2928210421565502e-5 0.0002018395670345627 0.00026957748940285777 6.610322247892046e-5 0.001898691578903551 0.0015470949098638767 1.773230035752617e-5 0.0003120108082315465 0.0003774238350189953 6.488055645965838e-5 0.0018841058412101311 0.002009891382315521 -9.575334826656037e-14 9507.350780127932 7.387780641008914e8
350 11416.39068861906 32.667938282557735 2.209047058833519e-5 0.00021743644369988938 0.00029076916471771665 6.477033241916003e-5 0.002116824677407734 0.0019148716420938012 1.708440616643352e-5 0.00032584811128879106 0.0004278573630643932 6.357200149034739e-5 0.0022290486717829435 0.002560338960237074 -3.6422110926536663e-13 9507.35078012797 7.387780641008868e8
400 13049.026375035495 32.64141896484679 2.0386554268208432e-5 0.0002308997483840729 0.00031473319119194973 6.362254277633443e-5 0.002355354509727121 0.0021966734228462564 1.5766625344596866e-5 0.0003425571392447295 0.00047031433053638613 6.245161278402428e-5 0.0024738751765363246 0.003050504672998944 4.366334302193489e-13 9507.350780127912 7.387780641008924e8
450 14680.856144372767 32.63529145189457 1.8715403341065082e-5 0.00024048855482319535 0.00034045177964936695 5.8456688750334486e-5 0.0026367054451231576 0.002402757265796746 1.4474184738112642e-5 0.00036162155976782954 0.0005022069121670514 5.737697095176812e-5 0.0026146361735494366 0.0033366382996558794 1.1332344441681597e-12 9507.350780127894 7.38778064100898e8
500 16312.899001107828 32.649515792279324 1.8046880009020752e-5 0.00024629354289315374 0.0003671946209216966 6.559504554398202e-5 0.0029244474754122054 0.0025504159878008146 1.395715980237306e-5 0.0003764502291742552 0.0005251250627352128 6.438170802499243e-5 0.0028399688474735727 0.003504418976699166 4.9837075377381226e-14 9507.35078012789 7.387780641008931e8
550 17933.510772805286 32.683395434709205 1.884024762975131e-5 0.00024994244310920104 0.0003919596519594549 7.269203528708253e-5 0.0032771560403506285 0.0027515910436012314 1.4570737255043649e-5 0.0003829818703897994 0.0005434711681218676 7.135264682042962e-5 0.0031603694117969088 0.0036315128875778766 3.523208610882845e-13 9507.350780127921 7.387780641008903e8
600 19568.966992035945 32.73700486830454 2.080055828033773e-5 0.0002523109053842851 0.0004128816354782318 7.511416901568896e-5 0.0035995835927393614 0.003168518032169715 1.6086809229747815e-5 0.00038322147997542507 0.0005661355073073855 7.3726735251754e-5 0.003468964493396136 0.00409916060845253 -1.3045857654103667e-13 9507.35078012792 7.387780641008972e8
650 21207.58782639246 32.80951522248188 2.3283546682333615e-5 0.00025522768665366217 0.00042954784872579186 8.250231566725784e-5 0.0039244353991503885 0.003712525841977747 1.8007111569917597e-5 0.0003855913634226941 0.000600180643635958 8.097787514140194e-5 0.003812867333775059 0.004688126083746841 3.292861464700972e-15 9507.35078012791 7.387780641008862e8
700 22847.632324307822 32.76664535736173 2.5814894999681192e-5 0.0002595708243006333 0.00044316240992133243 9.675889873319527e-5 0.0041669451444179 0.0039046217485358293 1.996481467222868e-5 0.0003960345320389448 0.0006457739200749804 9.497278207692606e-5 0.004071599722911437 0.005043508695591003 -1.7742397040850426e-13 9507.350780127912 7.38778064100891e8
750 24484.299350950354 32.704480012451604 2.798155981180737e-5 0.0002683667788921316 0.000455481420110506 0.000104814570695432 0.004329968966733825 0.00396383577817202 2.164047755721963e-5 0.0004136022961791117 0.0006930613319912002 0.00010288080252346446 0.004270652646644082 0.005284412072330679 9.35172655975076e-14 9507.350780127828 7.387780641008911e8
800 26115.980233440754 32.66168145413534 2.945356062209212e-5 0.00028499623461055335 0.00046564178983599303 0.00012869775537985723 0.004432499054576209 0.004048690909023739 2.2778898742938034e-5 0.0004335976664201595 0.0007303965572766673 0.0001263206269891871 0.004438350435753653 0.005540563778647106 -5.407184837733388e-13 9507.350780127901 7.387780641008974e8
850 27748.395241488106 32.63871258100332 3.002470636869339e-5 0.00030686965388444294 0.0004750554905121219 0.00013580229982628218 0.004457838960050413 0.004166381586443693 2.3220613457712456e-5 0.00045223858807912277 0.0007563420891688582 0.00013328821283315934 0.004555104552918457 0.005765665976086261 -1.6967043033173743e-13 9507.35078012792 7.387780641008918e8
900 29380.17538413813 32.63596043138089 2.975315520782344e-5 0.0003279077535978498 0.00048366582427909305 0.00012001669265788103 0.004377126330665381 0.0043206568229088044 2.3010600261808173e-5 0.00046969094181305147 0.0007734113561803014 0.00011780080454490115 0.004576641637727325 0.006025382995375244 1.4593502542513122e-13 9507.350780127917 7.387780641008941e8
950 31012.336480654212 32.65349128321934 2.9040803341093246e-5 0.00034366959972987796 0.0004895598433500208 0.0001229534894858224 0.004200860737009415 0.004468594973666108 2.2459679059112573e-5 0.0004868862525086288 0.0007830259038667178 0.00012068189425331936 0.00449632083171528 0.006061750536002984 -1.0501356390886188e-13 9507.35078012792 7.387780641008885e8
1000 32645.815954447375 32.6759423248702 2.8329071557534355e-5 0.00035382513911026735 0.0004909782130945626 0.00011900497118306806 0.003990040984156762 0.0046224530403687495 2.1909237418528806e-5 0.000504681774768031 0.0007823186204320675 0.00011680402507319652 0.004330069398150985 0.006053019552736807 2.7005675810095845e-13 9507.350780127912 7.387780641008899e8
1050 34278.753836306336 32.645584420201466 2.798273809580409e-5 0.00036057940463806636 0.000489565757312998 0.00010412693222898315 0.003802316940586004 0.0047631591903634 2.164138882265814e-5 0.0005254547458701821 0.0007692098372679623 0.000102213387367578 0.004034610276847618 0.0061029899054546215 -6.013358515389358e-13 9507.350780127892 7.387780641008927e8
1100 35898.14885688638 32.6355867066161 2.8161048007361328e-5 0.0003661951122885045 0.0004871972273243629 9.986556985263418e-5 0.003715841090774269 0.004986679764878821 2.1779290771843536e-5 0.0005547418573855664 0.0007449797196670835 9.801998081719394e-5 0.0037819719949072606 0.0062267739556485105 -1.2966982135298039e-13 9507.350780127856 7.387780641008946e8
1150 37530.10350286751 32.64578318840306 2.8933134430829816e-5 0.0003728707748195425 0.000485862561021924 0.00010199729649858845 0.0041346688580006456 0.005277813724964265 2.2376409697010147e-5 0.0005961365758083947 0.0007137755143255278 0.00010011064553333088 0.0040671258482715975 0.006365194688554791 1.1702446754679267e-12 9507.350780127894 7.387780641008914e8
1200 39163.07994307735 32.67602443177824 3.0486413583757078e-5 0.00038064295602808693 0.00048518015184664673 0.00010000511596818783 0.004335639101514454 0.00574203618081815 2.3577690214433162e-5 0.0006414880910198571 0.0006828620315240203 9.816241817718483e-5 0.004222710313029749 0.0064744016599773465 4.622718027398579e-13 9507.35078012791 7.38778064100892e8
1250 40798.07436971791 32.72599394813399 3.2690830441184264e-5 0.00038963518488149503 0.00048578871327744066 0.00011040194151322784 0.0044104709454608985 0.006171682332132729 2.5282549909559972e-5 0.0006803895419384396 0.0006595742773149902 0.0001083636613049229 0.004278614473335804 0.006636271354806819 5.376323833773515e-13 9507.350780127908 7.387780641008893e8
1300 42436.05946219938 32.795193820802105 3.518520891789852e-5 0.00039923845734752715 0.0004875144436492467 0.0001141312379778743 0.004428651313645666 0.006627794585151564 2.7211661145945633e-5 0.0007076507579242675 0.0006462465985642516 0.00011202168588682355 0.004324190480218476 0.0067950939804415885 -1.8149792924390173e-13 9507.350780127905 7.38778064100888e8
1350 44052.86129985528 32.78271860775467 3.748675807635217e-5 0.00040937940635813586 0.0004897077257348423 0.00012424776607051114 0.0043592477317554125 0.006590841510936852 2.899164136310702e-5 0.0007234950137755763 0.0006425545135011611 0.00012195162963234328 0.0042769448366116935 0.0068981341689665215 7.109977105851778e-13 9507.35078012789 7.387780641008947e8
1400 45690.233314278375 32.71659114803478 3.9286556045911175e-5 0.0004204946522582604 0.0004908292163471372 0.00013896373041872553 0.004197524818848235 0.006168596637793435 3.0383575473633638e-5 0.0007287605460890328 0.0006471298601957099 0.0001363993241040539 0.004123701054804242 0.00683682170384837 -5.851950869988812e-13 9507.350780127917 7.387780641008914e8
1450 47324.78093258275 32.66947699981929 4.0134920285442957e-5 0.00043507195847977426 0.0004922382795807964 0.00014723708292462958 0.004255930097817344 0.005766140708026248 3.103968640559639e-5 0.0007269998820319665 0.0006590829118389379 0.00014451949888157108 0.004244781391520496 0.00671794626289226 3.076604702461076e-13 9507.35078012787 7.387780641008877e8
1500 48957.47276445172 32.64206053147535 3.975617567319369e-5 0.0004555903555440388 0.0004937329312077874 0.00013825618592288054 0.00430869237524494 0.005429772929384789 3.0746771559660854e-5 0.0007276242563706431 0.0006748631772814713 0.00013569737963234097 0.004388257287586459 0.006608129119797173 5.931439014183221e-13 9507.35078012791 7.387780641008899e8
1550 50589.30723929874 32.634859404918956 3.821635163912818e-5 0.00048079043592598404 0.0004947635771467174 0.00012725824573335846 0.004302966894641125 0.0051745166265595565 2.9555897009585687e-5 0.0007374331878263211 0.000692582342403721 0.00012490644300160555 0.004475426464161247 0.006499264685740797 -1.9829152271387668e-13 9507.3507801279 7.387780641008949e8
1600 52199.101694252466 32.64777351799697 3.606722003332005e-5 0.0005056351606870809 0.0004963736556290166 0.00013314000269177632 0.004392292831146913 0.005172232225163061 2.7893794017621715e-5 0.0007528705133424654 0.0007118228000461906 0.00013068612463210512 0.004525192860069421 0.0066548702389634526 -3.727672334388696e-13 9507.350780127914 7.387780641008886e8
1650 53832.25746471018 32.681194033905705 3.405619152386228e-5 0.0005257228549315713 0.0005014329736254057 0.00013977479145631225 0.004878009490351167 0.005307829053677517 2.63384976860888e-5 0.0007650280873322503 0.0007355303671463363 0.00013718851656360152 0.0049506116138155025 0.006976200982418969 -5.1108273059103e-13 9507.350780127894 7.387780641008899e8
1700 55465.62324984353 32.65226650703905 3.290717412726944e-5 0.0005394985888476928 0.0005121238580337151 0.00013747190950442445 0.0050939331148964215 0.005443372385080031 2.544986655362075e-5 0.0007694911936962594 0.0007678229672318268 0.00013493730441829625 0.0050243444461855625 0.007438561645986261 -1.1019599180708602e-13 9507.350780127956 7.387780641008973e8
1750 57097.78797565342 32.638057284174586 3.2841737607835995e-5 0.0005471935606570335 0.0005300876808900688 0.00013068235310307726 0.004980044731278992 0.005769300573420723 2.5399259027102154e-5 0.0007662377623881828 0.0008124907350447315 0.00012826734357022497 0.0048895180271147035 0.008032835828741895 3.948370630697259e-13 9507.35078012791 7.387780641008945e8
1800 58729.75868679668 32.644017916307426 3.345732503945555e-5 0.0005517542068828785 0.0005542398946701144 0.00013304869224316882 0.005581277935568128 0.006260926309012339 2.5875344209204148e-5 0.0007605187373797942 0.0008663427911123712 0.00013058615492316417 0.0054308020395701 0.008630225895765202 -3.7593756982581424e-13 9507.350780127945 7.387780641008958e8
1850 60362.541910617285 32.67007103006839 3.412955460926627e-5 0.000555421904238432 0.0005833420652437303 0.00011925794962603667 0.006097956684547449 0.006856444605674516 2.6395235488198152e-5 0.0007567028553552665 0.0009246329225370198 0.00011705662382108028 0.005884545675638772 0.009317054750547723 -5.98136798336892e-13 9507.350780127934 7.387780641008912e8
1900 61983.88214586402 32.715338112205636 3.4512836431562126e-5 0.0005594141883366864 0.0006133975285738899 0.00011572812081634602 0.006574932752728751 0.0074965489972697195 2.6691659337664513e-5 0.0007558863207730357 0.0009811219522678093 0.00011359246252587557 0.0063294921447443414 0.009858604258986369 -2.982260392588713e-13 9507.3507801279 7.38778064100897e8
1950 63621.22181395683 32.78010639442703 3.463546273334014e-5 0.0005642044313497421 0.000640769204739868 0.00011235861009755163 0.0070079018523363104 0.008273596468647986 2.6786496500046115e-5 0.0007561340407192898 0.0010317197886800344 0.00011028232978729105 0.006782995366782124 0.010504205471457494 8.546124173502988e-15 9507.350780127917 7.387780641008929e8
2000 65261.6297095859 32.79855876122871 3.45619195176506e-5 0.0005714731869405164 0.0006623975803245819 0.0001118919791519412 0.007306483630247691 0.00875320560045276 2.6729619388144135e-5 0.0007573141256343132 0.0010705728402456741 0.00010982383283067019 0.007124282305183672 0.011103129616514959 -6.098838901667786e-13 9507.350780127928 7.387780641008894e8
2050 66899.69777026596 32.72864645839831 3.442892584188079e-5 0.0005815862177759842 0.0006780605346350707 0.00011281779656164393 0.007414275798368658 0.008550250218178044 2.6626764269446956e-5 0.000760092093055466 0.0010962874678964079 0.0001107348615165186 0.007271634808724353 0.011222953681968196 6.156042797345266e-13 9507.35078012797 7.387780641008961e8
2100 68534.75270285549 32.677759430839515 3.445305395303188e-5 0.0005948712506033205 0.0006870311649517153 0.00011177017640730559 0.0072510960999185815 0.008430155961957658 2.664542455326879e-5 0.0007652979008894836 0.001108833696588499 0.00010971082027313395 0.0072193612159861375 0.011396115905711426 3.739312216775546e-14 9507.350780127905 7.387780641008936e8
2150 70164.94055749476 32.64644454428534 3.4588377685784755e-5 0.0006113347837201514 0.000691520772136091 0.00011879061560346097 0.006945218164639868 0.008349935941845701 2.6750081699664005e-5 0.0007747567839423415 0.0011095082463446985 0.00011659330000134852 0.0070601619498062125 0.01148234334181253 1.5685890188884272e-13 9507.350780127917 7.387780641008949e8
2200 71796.88941623834 32.63515972051533 3.4518206437725845e-5 0.0006311693940613032 0.000694896161226073 0.00012943064925958713 0.006567733886946026 0.008370139798790989 2.669581241199621e-5 0.0007939308608629393 0.0010984907350496725 0.0001270387131113414 0.006801892678670218 0.011630224238542842 5.659509919737799e-14 9507.350780127921 7.387780641008918e8
2250 73428.794231267 32.64424478640566 3.407776751477818e-5 0.0006532062035013068 0.0006990975497844035 0.00013656502589739762 0.006641019456263682 0.008502239050746223 2.6355184202150485e-5 0.0008274790559070598 0.0010763481163359526 0.00013405537587706046 0.006917322001529001 0.011709487506596212 2.368371463942775e-13 9507.350780127907 7.387780641008972e8
2300 75061.6714501106 32.673542267049534 3.3542505594480485e-5 0.0006758471447159092 0.0007034383478562758 0.00013258027094869174 0.006642584685718077 0.008812965602531465 2.594122144770206e-5 0.0008752663992595917 0.0010471655800475949 0.00013012825064515497 0.007204317495714537 0.01168162671907128 5.069341080363748e-13 9507.350780127872 7.387780641008911e8
2350 76695.25568306797 32.65708273499629 3.336064056986912e-5 0.0006966561846399674 0.000704108262117899 0.0001317369686353811 0.006731494423971999 0.009093178176751005 2.5800570032627726e-5 0.0009301853987113653 0.0010161329989630584 0.00012930310593293353 0.007205702469083355 0.011759518058742244 -9.418904762539341e-13 9507.350780127872 7.387780641008925e8
2400 78314.89188193719 32.639041725234044 3.388265089107407e-5 0.0007134335100534087 0.0007029098676262082 0.00012786098853791717 0.006902090381562195 0.009509277808719716 2.620428421856465e-5 0.0009832576241595708 0.0009881764405945321 0.00012550038851094026 0.007221535845592251 0.0120037662672322 2.3932593703620263e-13 9507.350780127861 7.3877806410089e8
2450 79946.80932205784 32.64097588294918 3.5186793547517924e-5 0.0007251773761063748 0.0007034282689239877 0.00012995251944290136 0.007127168528388223 0.010080918485664453 2.7212886672396183e-5 0.001029855037185702 0.0009616452923678759 0.0001275467435923294 0.0071287999405899565 0.01235526670891017 9.953248113360672e-13 9507.350780127921 7.387780641008886e8
2500 81579.33736942807 32.66305016779802 3.693086424805022e-5 0.0007307904158793234 0.0007085408923018569 0.00013907250838942148 0.007528872533305586 0.010784672988224196 2.8561722230774853e-5 0.0010655629351096656 0.0009367022035505849 0.0001365037362758113 0.0073365224156425445 0.01266350046895522 4.193267629862694e-13 9507.350780127897 7.387780641008934e8
2550 83213.47728997792 32.705003437874154 3.8337413965730926e-5 0.0007327929210682897 0.0007180989301646016 0.00013545025839960636 0.0076748079574899646 0.011572872326332563 2.9649524619323695e-5 0.001091100091529588 0.000917274114323278 0.0001329513279297458 0.007450051481102658 0.012940567937101981 -8.326421393451196e-13 9507.350780127892 7.387780641008924e8
2600 84850.21025990516 32.766262570093396 3.869812255401353e-5 0.0007354248682178164 0.0007306758048768126 0.00012714252511997006 0.00779297600573709 0.012385321183914293 2.9928490701341623e-5 0.0011104050885409587 0.0009093011426071574 0.00012479564495049516 0.007583946562806392 0.013091609554930387 -3.6045346312435993e-13 9507.350780127937 7.387780641008912e8
2650 86465.63313238234 32.8157326729191 3.792529339459784e-5 0.0007407628943040676 0.0007426413138553995 0.00011775365779878328 0.007934783819942061 0.01261772593959978 2.9330797356425317e-5 0.0011256286205308054 0.0009118049686575019 0.0001155776605954678 0.007772979949288273 0.012799157924774119 -1.7507302047905495e-13 9507.350780127854 7.387780641008904e8
2700 88104.4544579416 32.741660754532305 3.6484153590952346e-5 0.0007484081042090782 0.0007520190441257879 0.00012012881095386393 0.007876760664917177 0.011022551368186454 2.8216243565022364e-5 0.001136615199048601 0.0009223363076475742 0.00011790990980192073 0.007747805574041844 0.011744570351389845 3.1107585678856486e-13 9507.350780127937 7.387780641008927e8
2750 89740.05438502625 32.686625912228344 3.4918516613470996e-5 0.0007576294951329171 0.0007588253361285438 0.00011775919719461225 0.007703951141507993 0.009167423634531728 2.700540570959905e-5 0.0011428688070978783 0.0009421563814700935 0.00011558933300923876 0.007669218391721324 0.01045617429960247 5.868491755485914e-13 9507.3507801279 7.387780641008903e8
2800 91373.40118564476 32.65127814192501 3.348225570606871e-5 0.0007665769388540534 0.0007653573173149062 0.0001100439272047733 0.007461877161367229 0.009081305042881335 2.5894625176203378e-5 0.001144385763144583 0.0009744234274771988 0.00010800846311785808 0.00756498306972905 0.010847628143404644 -5.223244064751719e-13 9507.350780127894 7.387780641008952e8
2850 93005.49068897567 32.63598706568947 3.237520765120364e-5 0.0007728855571438885 0.0007748397114677191 0.00010494834850723327 0.007482758386208114 0.009186114095695959 2.5038452441473965e-5 0.001141569215299716 0.0010184179955613653 0.00010300966201937354 0.007424239611258725 0.011394777109528619 -1.1441851229926304e-12 9507.35078012791 7.387780641008922e8
2900 94637.33163887713 32.64097117961672 3.182663420084651e-5 0.000775054936158272 0.0007896626622784014 0.00010930911640913922 0.0077419125239391404 0.009394574096305772 2.4614194768892246e-5 0.001134448417745449 0.0010687508928960499 0.00010729721432904274 0.00769527832485238 0.011972878519448879 -1.1041041069315958e-13 9507.350780127896 7.387780641008941e8
2950 96248.23311734947 32.66584723493026 3.1713778849532685e-5 0.0007732170234793247 0.0008104283921373642 0.00012314504293783386 0.007719813857675879 0.00965347972045349 2.4526914298691534e-5 0.0011243555630019101 0.0011238274651819665 0.00012086665554947078 0.007775907002465121 0.012583311011201683 -4.317324271090963e-13 9507.350780127868 7.387780641008939e8
3000 97881.92899087517 32.66342134205632 3.1892877002130665e-5 0.0007674937512007344 0.0008363855632771472 0.0001268115854733202 0.007568153689827141 0.009930614510832336 2.4665425860515873e-5 0.0011101043144009395 0.001187641307883536 0.00012446583137547116 0.008138964845698904 0.013359071243589473 9.3670421944703e-14 9507.350780127952 7.387780641008928e8
3050 99514.43244825423 32.64058165103019 3.239347011045375e-5 0.0007591815147015738 0.0008641622846637026 0.00012803104963969803 0.008098097887083922 0.010222607950356687 2.5052576326710276e-5 0.0010904588660475575 0.0012588707705894805 0.00012567195517931696 0.008430568573217228 0.014270801126262531 -8.259415491553211e-13 9507.350780127876 7.387780641008897e8
3100 101146.31363588865 32.638140359579516 3.296814299935711e-5 0.000750992894884387 0.0008905303946027311 0.00013878455884349576 0.009048733314384863 0.010595329759859693 2.5497018875257372e-5 0.001066446415076069 0.001334412992183285 0.0001362172540212425 0.008840700804954341 0.014674167759110275 3.037396677579055e-13 9507.35078012787 7.387780641008893e8
3150 102778.5936983245 32.65602553338907 3.3340724567419216e-5 0.0007453377044572239 0.0009121990659770602 0.0001339069532859074 0.009912144737260997 0.0109396423251137 2.5785167324311817e-5 0.0010402593851354198 0.0014106685743973198 0.00013143208511388606 0.009614469208093775 0.01498401052436562 4.27918834063931e-14 9507.350780127916 7.387780641008922e8
3200 104399.04896026592 32.69344011425134 3.35601202599158e-5 0.0007417733269505189 0.0009269216995982521 0.00013059785860671896 0.010427693142759879 0.011248540860838183 2.595484433987425e-5 0.0010124505426985936 0.0014794179816784367 0.0001281914064569721 0.010065022234036743 0.015055256651593194 -8.974043007566919e-13 9507.350780127892 7.387780641008923e8
3250 106035.09376153276 32.7504249406501 3.376440083564167e-5 0.0007400425556373182 0.0009334763165371685 0.0001256386658038361 0.010574055435692098 0.011412204414021038 2.611283157304174e-5 0.0009855307210266133 0.001528458263454463 0.00012331875745044059 0.010221013068744692 0.014800259210600603 3.361169195550118e-13 9507.35078012786 7.387780641008929e8
3300 107674.47097190218 32.826173309765856 3.367203263805038e-5 0.0007405451042750826 0.0009339605774387523 0.0001168525226637767 0.01041746467956338 0.01145493610786707 2.6041395530146315e-5 0.0009667250049756028 0.0015523977590399202 0.00011469235681535623 0.010150681962317271 0.014325610134027974 -7.908610878302161e-13 9507.350780127917 7.387780641008934e8
3350 109314.07707832345 32.75565334354527 3.315898734143056e-5 0.000745144641815934 0.0009295295881838609 0.0001073967191347012 0.00992986650843186 0.009746845765288326 2.564461474658794e-5 0.000962826923240256 0.0015513129214430803 0.00010541398526143521 0.009722876373075864 0.012475730696891922 -4.083760841617987e-13 9507.350780127854 7.38778064100895e8
3400 110950.27820007263 32.696744955669224 3.2744795235266266e-5 0.0007544712904580833 0.0009199402764452934 0.00011785655257467397 0.009434256535511687 0.008201099432795086 2.5324285392608627e-5 0.0009746845653094422 0.001524019813405453 0.00011568435868738725 0.009336901002074346 0.01096210788363721 -2.0342991816228217e-13 9507.350780127908 7.38778064100889e8
3450 112581.27577764043 32.657329428567635 3.294518115566802e-5 0.0007670404526657048 0.0009070796082413619 0.00011112483737143051 0.00889437219091311 0.008439085748627461 2.547926056348585e-5 0.0009976903746075827 0.001473763587794649 0.00010907150470115238 0.008889048632845637 0.011039661046722812 6.73581614965343e-13 9507.350780127857 7.38778064100891e8
3500 114213.55910408072 32.63778714419942 3.3677212665283004e-5 0.0007815034474422546 0.0008925861503339801 0.00010746810622757828 0.009178655070782306 0.008205941273139106 2.6045401677902723e-5 0.0010273538546626652 0.0014113767092026003 0.00010547973186202198 0.008976990686402505 0.011359451413340636 -7.149912623382977e-13 9507.350780127914 7.387780641008949e8
3550 115845.38404489578 32.63859856749501 3.459823391450553e-5 0.0007959261979582166 0.0008778011655053254 0.00010034057662992062 0.009351814032301136 0.008549973808715907 2.6757704344642636e-5 0.0010593576694129761 0.001350855554369239 9.849101493322465e-5 0.009262892020283462 0.011941054055559393 4.1959861550254123e-13 9507.350780127917 7.387780641008947e8
3600 117477.7684534456 32.65972108944813 3.5453609697710004e-5 0.0008087388763279224 0.0008647568422124051 0.00011464330369837471 0.009182827313670152 0.009027771991637741 2.7419237889015588e-5 0.001090986364395154 0.0012976170106022463 0.00011252288353096451 0.009217383560011798 0.012159909352492133 1.8955969646939928e-13 9507.350780127857 7.387780641008947e8
3650 119111.42031931713 32.66914891635491 3.5999396118380907e-5 0.0008194575427574279 0.0008554629016679759 0.00013005796508593862 0.008331119392489374 0.009480033963741563 2.784134011873472e-5 0.0011224085013873755 0.0012514945572668027 0.0001276517547106825 0.008372150101914567 0.012366424482316066 1.3066103008748558e-12 9507.35078012791 7.387780641008961e8
3700 120744.11807850246 32.64268250331158 3.610043708427866e-5 0.0008288303443572408 0.000849984578810304 0.00012884813775391592 0.00835236399159932 0.00981645717464522 2.7919483537814733e-5 0.0011552641869092112 0.0012129650938073682 0.00012647687384456825 0.008819176204112565 0.012518591892509232 1.511061580427497e-12 9507.35078012794 7.387780641008894e8
3750 122363.40531319882 32.63653518724339 3.587920197049957e-5 0.0008381547587614297 0.0008437037481824635 0.00011935711822601661 0.008764484692980832 0.010127029814288039 2.774838394412451e-5 0.001190962161927665 0.0011809444439169559 0.00011715289276414361 0.009043610722584696 0.012574984260581887 5.522703012605514e-13 9507.35078012788 7.387780641009e8
3800 123995.5035508543 32.65047221354111 3.538868979239867e-5 0.000847775502579006 0.0008346501466383728 0.00012163660170792806 0.00898578768481827 0.010401763869910412 2.736902990335312e-5 0.0012298391227137295 0.0011560597515068948 0.00011938657137990075 0.009104923044688767 0.012443295593595066 -1.0018569295439507e-12 9507.350780127908 7.387780641008843e8
3850 125628.80260438795 32.68407595235662 3.453794178805124e-5 0.0008564645537169655 0.0008249630600601749 0.0001270409281629498 0.009065930930637622 0.010605080998352563 2.6711075406937034e-5 0.0012652243219220822 0.001141371092461148 0.00012470017143436963 0.009014180005185776 0.012113016682646718 2.19894225485787e-13 9507.350780127897 7.387780641008897e8
3900 127264.27730029033 32.7370047233304 3.341372075067929e-5 0.0008627788859491736 0.0008192945976294071 0.00012994800166078233 0.009071379131402829 0.010690599264786004 2.58416213703428e-5 0.0012860048433223717 0.0011424835926913501 0.0001275477372163598 0.00890464447375344 0.011580188598137696 -2.6885830968415447e-13 9507.35078012787 7.387780641008927e8
3950 128902.87964520471 32.80873143704982 3.211499222762578e-5 0.0008673719483351376 0.000817545326148436 0.00012584023032946882 0.008949606927373299 0.010631294369519371 2.4837206118116013e-5 0.001287312184850872 0.0011589395173779349 0.00012351508891569166 0.008743005437091113 0.010830045187571103 5.207009491949008e-13 9507.350780127876 7.387780641008928e8
4000 130518.11519760454 32.769383863297584 3.0672435978720635e-5 0.0008723092148544121 0.0008189394256720893 0.0001201757763258632 0.008601429854129311 0.009285443887832109 2.3721556871276283e-5 0.0012756090320239519 0.0011837311613247525 0.0001179570231997166 0.008342433734401033 0.00963033171943899 -1.1195422667288914e-12 9507.350780127876 7.387780641008911e8
4050 132154.90363778383 32.7065815649437 2.9373612168141714e-5 0.0008773308161453498 0.0008230634912741644 0.00010854013953751764 0.008414958543847172 0.007415303087689068 2.271706792524645e-5 0.0012574481266167295 0.0012090561513197768 0.00010653749515043624 0.008283422910684624 0.008100888175020148 4.901309422947001e-13 9507.35078012789 7.387780641008899e8
4100 133789.04200518233 32.66312806533602 2.8858274608742938e-5 0.0008792619504877217 0.0008317698839326535 0.00010109605170229806 0.008375840161397134 0.007132699661635146 2.2318514343401924e-5 0.0012346170133556334 0.0012318070834119346 9.922878806592039e-5 0.008109111725226707 0.007411255726335393 -6.778087301479359e-13 9507.35078012794 7.387780641008877e8
4150 135421.51508071052 32.63955003797281 2.9470255695979737e-5 0.0008759652939717842 0.0008452295694793524 9.43337091849243e-5 0.008658265737632719 0.006483364165022635 2.279181043814645e-5 0.0012072438999287296 0.001252331721490649 9.258730177164664e-5 0.008456083948926267 0.0069836557204190335 7.466371925775461e-14 9507.350780127914 7.387780641008908e8
4200 137053.32385495686 32.63620589226732 3.123725408467943e-5 0.0008669670725327789 0.0008602033979863277 0.00010019132430764959 0.00891213450519812 0.005668241541541472 2.4158377892979348e-5 0.001177495918591588 0.0012709520851375855 9.834122084530665e-5 0.008809117780714528 0.007148733457508309 6.723563641877799e-15 9507.350780127883 7.38778064100891e8
4250 138664.44773371474 32.65287130119261 3.34985619671013e-5 0.0008545905394762018 0.0008753609264813001 0.00010673263197800975 0.009040673656590477 0.0060416842374569945 2.590723616995284e-5 0.0011490253682680516 0.0012900014565419065 0.0001047612903411882 0.009051565892913553 0.007805705584055665 -7.574193994201017e-13 9507.350780127912 7.387780641008915e8
4300 140297.89012597554 32.67611651137871 3.5793976013991965e-5 0.0008418188834165455 0.0008894818420884897 0.00011548363246085291 0.008807206012484227 0.006453746346839027 2.768247159286578e-5 0.0011206144274160154 0.0013110846476667918 0.00011334749162823317 0.008871792464840447 0.008541951635943413 8.033356723092809e-13 9507.35078012789 7.387780641008916e8
4350 141930.82846434994 32.6454413630395 3.770297677994463e-5 0.0008304895335469193 0.0009012741984739859 0.0001187444150135299 0.008002243376638442 0.006709617185458998 2.915886134776633e-5 0.0010925379569556052 0.0013336815144348094 0.00011656128760898732 0.007812082656493255 0.009229840304762415 1.194313195429683e-12 9507.35078012791 7.387780641008912e8
4400 143562.75362326068 32.63518917975791 3.8636518125305187e-5 0.0008217898122999879 0.0009122118821508183 0.00012892671984591258 0.006599864236952748 0.00684302495720527 2.9880846850679932e-5 0.001070006300204407 0.0013593025943215017 0.000126543961652761 0.0068433704111024556 0.009514012622361246 -3.0240720753730556e-13 9507.35078012791 7.38778064100892e8
4450 145194.68581784982 32.64522679327723 3.851794868803619e-5 0.0008168430648298418 0.0009227480222554985 0.0001425412218583601 0.007044441604847963 0.006815789399554456 2.9789147200502305e-5 0.0010548493408139641 0.0013874172050094625 0.00013990481513466058 0.007168270813763856 0.009338397332483936 -2.2544614307162005e-13 9507.350780127888 7.387780641008959e8
4500 146827.6300030161 32.675229586157656 3.790786371199124e-5 0.0008143220874206695 0.0009322120885332422 0.00015401672033874605 0.007340471369809337 0.007556171334589178 2.931731752692921e-5 0.0010420236420861147 0.0014119672435308496 0.0001511780205355457 0.007315196712486997 0.009274637311750105 -1.0064209886903735e-12 9507.350780127937 7.387780641008929e8
4550 148449.5686045321 32.72412569955278 3.722052616114594e-5 0.0008122603575736685 0.0009371932235646001 0.00014873636651817373 0.007471866337109804 0.008386531618096367 2.8785741984203387e-5 0.0010300566876350224 0.0014272889088333268 0.0001459908061203653 0.007340435025662205 0.00998380729555559 -3.4755769869050773e-13 9507.35078012788 7.387780641008848e8
4600 150087.42806473453 32.791966126816 3.649138616536133e-5 0.0008091163117049604 0.0009366362321797659 0.0001482171898029213 0.007539542318830961 0.00922344640282874 2.8221837118964645e-5 0.0010210060905538505 0.0014367537112721874 0.0001454775172412917 0.007458272438684111 0.010609031072083674 2.711326814400061e-13 9507.350780127861 7.387780641008898e8
4650 151727.80249695506 32.78387077091619 3.586594032083927e-5 0.0008049342215065848 0.0009307400044882635 0.00013494789280454206 0.007502920459511145 0.008938136350190414 2.7738127602673387e-5 0.001016936412465517 0.0014340329770611954 0.00013245387144553402 0.007482266741479467 0.010277520630261862 -3.5078929761633054e-13 9507.35078012792 7.387780641008899e8
4700 153365.2217027904 32.71737968322844 3.5472127463201264e-5 0.0008004259427269897 0.0009220363755333483 0.00012565481985734738 0.007296681683111658 0.007527340708545514 2.7433559223899457e-5 0.0010191032103125817 0.0014110122298713495 0.0001233360777639282 0.007267182627241055 0.008868737483701077 -6.838430902274345e-14 9507.350780127905 7.387780641008909e8
4750 154999.8028678794 32.67005107660457 3.5159601983132945e-5 0.0007961288105066041 0.0009130607080712269 0.00012770389800414666 0.007198613254834711 0.00762584827117034 2.7191857164293182e-5 0.0010294976088473645 0.0013706843365275758 0.00012534713548829085 0.006960560042052577 0.00999283415127431 -3.425341705024988e-13 9507.350780127857 7.387780641008962e8
4800 156630.0888615385 32.64237534823439 3.49965390018617e-5 0.0007933475798224052 0.000904062027898548 0.0001239644857472045 0.007360083827339499 0.00809553909849667 2.7065746939903327e-5 0.001046874074883592 0.0013204459095312595 0.00012167038324353786 0.007180897115678539 0.010643064008900393 -6.894830727129048e-13 9507.350780127896 7.387780641008921e8
4850 158261.9345888826 32.634991715572404 3.515389564718937e-5 0.0007922514924014847 0.0008955565734965763 0.00012754756251021583 0.007360437698201502 0.008316169059111707 2.718744397804504e-5 0.0010659243019730082 0.0012686393442607835 0.00012519030845448416 0.007244261035164974 0.010926270739500804 -8.731826244477403e-13 9507.35078012788 7.387780641008912e8
4900 159893.93457600888 32.64813366039994 3.5645734003705196e-5 0.0007931182522360672 0.0008862281180694722 0.00011475863013850683 0.0069891066113030725 0.008514624885240168 2.7567823663364163e-5 0.0010846645078880092 0.0012200000856095973 0.00011264375243310242 0.006966073579633849 0.010888599492586921 2.6539506178319866e-13 9507.350780127912 7.387780641008906e8
4950 161527.10579782576 32.68143639834262 3.6175732799970707e-5 0.0007953400767338937 0.0008768838356325903 0.00012154108236460656 0.006381652851256838 0.008474009104324914 2.797771600435744e-5 0.0011042336344843934 0.0011802021371919544 0.00011929219380970024 0.006438206931536093 0.010338658085779407 -4.885833452676491e-13 9507.35078012791 7.387780641008937e8
5000 163160.33107140101 32.649321896466546 3.647315170546121e-5 0.000798520813507092 0.0008681489201427563 0.00012080040499223796 0.0057404625087904134 0.00808269496209118 2.8207734887960018e-5 0.0011255370075140272 0.0011500213427646214 0.00011857295893366598 0.006409282295774103 0.009583767958187994 -1.0780483833649794e-12 9507.350780127892 7.387780641008884e8
5050 164780.09333524504 32.63531010794766 3.651774279289578e-5 0.0008017721301771295 0.0008623790192598782 0.00012815511629350472 0.006694789196190641 0.00784828065120505 2.8242220900655144e-5 0.001145049600355708 0.0011256736441673035 0.00012578690933524512 0.0060957773452186 0.009024456405157158 -9.652793649250108e-13 9507.350780127916 7.387780641008948e8
5100 166411.92575108586 32.64119907579879 3.595506425914955e-5 0.0008063651324469551 0.000860815750029513 0.00013488965868334204 0.006944158499186206 0.007971179064450443 2.7807054588864533e-5 0.0011634881258893858 0.0011050797071746987 0.0001323929194480769 0.006228925107246852 0.008839050616502565 5.051594088632481e-13 9507.35078012791 7.38778064100891e8
5150 168044.5571361458 32.66679015418719 3.479774154717306e-5 0.0008133906094601306 0.0008617637463974334 0.00013486437206471495 0.006209119018859465 0.008372816268953791 2.6912000262251262e-5 0.001181665820998376 0.0010871917609929528 0.00013237475957959677 0.006231083706873172 0.008857974461422764 1.1203310219169477e-12 9507.350780127901 7.387780641008934e8
5200 169678.9667799851 32.71194073137561 3.3662949261668596e-5 0.000821580141009782 0.0008601025038053673 0.00012889401509991703 0.005814703718300341 0.008821286520128965 2.6034370596437197e-5 0.0011956794888591772 0.0010699936243879164 0.00012651538321130915 0.006455580352042116 0.008856801563649468 5.285042650845061e-13 9507.350780127901 7.387780641008868e8
5250 171316.12007006272 32.77600230264811 3.317360805384777e-5 0.0008276427263575677 0.0008538191317383152 0.00012394401390862687 0.006122024982392003 0.00912966318849112 2.565592216479707e-5 0.0011978826952455945 0.0010551355912240502 0.00012165370806957336 0.006750085584625322 0.008647069262577557 4.995194263777777e-13 9507.350780127932 7.387780641008912e8
5300 172931.21592257515 32.80157480192402 3.3509106851102064e-5 0.0008304300576329127 0.0008441260756628465 0.00012059563093641872 0.006247451819447694 0.008759208656557799 2.5915391409588218e-5 0.0011871011890457889 0.0010425631044527158 0.00011836669982349729 0.006846658184791224 0.008135552345588118 2.0651601855826935e-13 9507.350780127888 7.38778064100896e8
5350 174569.42084655832 32.73119541941585 3.448805486788724e-5 0.000828357440958602 0.0008337852948169288 0.0001293120115506809 0.006213007025874793 0.007442876882146562 2.6672493684421768e-5 0.001165361089276387 0.0010343555530719342 0.00012692431744490526 0.006756267961590991 0.007297622001437187 1.1271694528192222e-12 9507.35078012791 7.387780641008884e8
5400 176204.59354231457 32.67990472312328 3.570918431705862e-5 0.0008235556738627838 0.000824321170638981 0.00012564552179255756 0.005872573438842182 0.007334513533443988 2.761689509081244e-5 0.0011409293985864394 0.001031124565607038 0.00012333110981975278 0.006396278114011638 0.0076784621117535565 4.256980670295978e-13 9507.350780127954 7.387780641008936e8
5450 177837.69660391114 32.648084805999375 3.6975669018112276e-5 0.0008180034140517143 0.0008190539636625863 0.00013057443009387092 0.005362226346586619 0.006838322516449694 2.8596373502094462e-5 0.00111724590178684 0.0010335298294131788 0.00012815904246144352 0.005786482329889524 0.007881838984246999 9.929738614066179e-13 9507.35078012789 7.387780641008924e8
5500 179469.7100250964 32.636072089334235 3.82466467760609e-5 0.0008118304485475762 0.0008208432470017085 0.00014151051774485702 0.0060400235552288736 0.006534539630867823 2.957932676958789e-5 0.0010927732266775745 0.0010435061152368186 0.0001388954892423561 0.006429859537481975 0.00771715619627699 1.4974096065293677e-13 9507.350780127887 7.387780641008906e8
5550 181101.64513769574 32.644594329914156 3.906870497000296e-5 0.000805805697296729 0.0008308461707877171 0.00014256787295777908 0.005535685067185448 0.0062176947621509935 3.0215093039101987e-5 0.0010711159287945765 0.0010644075402317422 0.00013994738319596765 0.006079663436034746 0.007458380888006977 -1.0863379706569301e-13 9507.350780127854 7.387780641008933e8
5600 182713.75214119535 32.67307652536569 3.908712464849623e-5 0.0008014283554841663 0.0008461306770311431 0.00013880503573966314 0.005160504467353117 0.005883588160580711 3.022933851511226e-5 0.0010570205159922388 0.0010953585286169296 0.00013623819973364974 0.005086946641561315 0.007148163956011311 -4.685052660707104e-13 9507.350780127921 7.387780641008918e8
5650 184347.2391352881 32.65448266303803 3.846436548030803e-5 0.0007993908878449824 0.0008607003517482564 0.00012955145766932347 0.004775832521128691 0.00544047423733081 2.9747706830053877e-5 0.0010497865692639735 0.0011311254961171972 0.0001271573426360134 0.005139805782183736 0.006792950235389949 1.7988212978099032e-13 9507.350780127917 7.387780641008891e8
5700 185979.40109810667 32.63587784537829 3.725341709228186e-5 0.0007993225174240361 0.0008746558050862892 0.00013458185671951374 0.004877374557252955 0.005012547313103632 2.8811179288692547e-5 0.0010453897924313702 0.0011700108684270663 0.00013209764755154986 0.0054564692761299655 0.006408960141844702 -4.5348062841084226e-13 9507.350780127857 7.387780641008883e8
5750 187611.1559692595 32.637636374155186 3.5562965666079234e-5 0.0008006078019166577 0.0008891056527688338 0.00012035703061250308 0.004733819465662992 0.004791117010012218 2.750381199407696e-5 0.0010409613830070232 0.001213096367110446 0.00011812898037717898 0.005238774739678036 0.006041735848381157 3.826764491024116e-13 9507.350780127916 7.387780641008912e8
5800 189243.50756903194 32.65928336894968 3.37828203756441e-5 0.0008010318518615562 0.0009034817500035323 0.00011476226072272004 0.004372670437536696 0.004890830481947551 2.612707694194477e-5 0.001034562336780228 0.0012585962646647778 0.00011264248801808425 0.004976285396085747 0.006072951855215263 8.771264003880218e-13 9507.350780127901 7.387780641008937e8
5850 190864.53572053555 32.69993567939459 3.2296269537667485e-5 0.0008014900436163448 0.0009147629907241666 0.00010579890454986733 0.004594210450717293 0.005275846050592398 2.4977403004422167e-5 0.0010282326323705364 0.001297200942575011 0.00010384727623125576 0.005115057873851128 0.006366497714949785 -5.194910140520571e-13 9507.350780127905 7.387780641008937e8
5900 192500.9783132459 32.7596796889627 3.134477279438631e-5 0.0008021309553589856 0.0009205590603888554 0.00010012540552983207 0.004295885809507736 0.005598255335609615 2.4241531092447564e-5 0.0010241544367462342 0.0013212330345845724 9.827775323399061e-5 0.004338758203773132 0.006534524376846392 1.7957581708659953e-13 9507.350780127916 7.387780641008935e8
5950 194140.81414990514 32.818482098425385 3.107603618040691e-5 0.0008013885009835239 0.0009218965593964294 9.993500819898747e-5 0.004369312907714074 0.0055662609907397185 2.4033694620759788e-5 0.0010238346104613544 0.0013280514010328395 9.808814483412051e-5 0.0043589850820148985 0.006736184568936518 -2.270236534477326e-13 9507.350780127957 7.387780641008878e8
6000 195779.75963288004 32.74391735082505 3.149984263286782e-5 0.0007975974243665217 0.0009202363551223904 0.00010981811537325587 0.005007453968431714 0.004856118154866705 2.4361459551834025e-5 0.001026179826161569 0.0013200290486135632 0.00010778967582310761 0.004834156787656478 0.00683355692484356 -3.3463896080457624e-13 9507.350780127917 7.387780641008931e8
6050 197415.46182358905 32.688548835822104 3.228613186842083e-5 0.0007916676253596804 0.0009170315395999643 0.0001078905026636965 0.005452232041552257 0.004769291699826514 2.4969562697973365e-5 0.0010293166146701203 0.0013020662877046639 0.00010590241962652015 0.005265711495361753 0.0068105644683448185 2.3995770696838365e-13 9507.350780127883 7.387780641008931e8
6100 199046.5531801414 32.652885441900175 3.304390071155928e-5 0.0007863406150187681 0.0009141886057437606 0.00010889710596949453 0.005629113114004818 0.004610722690953711 2.5555608642295595e-5 0.0010327765123114658 0.0012783482295114126 0.00010688297150699337 0.0054765387231786354 0.006550497501375586 3.386210258316565e-13 9507.350780127947 7.387780641008891e8
6150 200678.71103690882 32.63706223675226 3.342640824086309e-5 0.0007832497482865311 0.0009127474843750481 0.00011219242783246391 0.005546304952550302 0.005165295118760612 2.5851433666311415e-5 0.0010374298889006398 0.0012548624430255763 0.00011011950160426325 0.005713341758372911 0.007354774756532482 -5.643811394150271e-15 9507.35078012789 7.387780641008972e8
6200 202310.588179487 32.64132512763589 3.330919270519528e-5 0.0007827166393170724 0.0009116675440429769 0.00011585919223548903 0.006049021470378265 0.0047744762767814 2.5760781101334367e-5 0.001043116863611518 0.001239194105179174 0.00011372650124020211 0.006379862276207665 0.006859027567903118 5.840770456643548e-13 9507.35078012793 7.38778064100892e8
6250 203943.1947589344 32.66585409611715 3.2984912271052104e-5 0.0007842450783970652 0.000908688549392557 0.0001123313426571476 0.006193446836261692 0.0036496937335279366 2.5509987953827917e-5 0.0010480307789915086 0.0012275429176951936 0.00011025301921236854 0.006685076682754505 0.0051146440490477335 1.078460948275237e-12 9507.350780127874 7.387780641008906e8
6300 205576.80578176444 32.66065063122471 3.2544188343065345e-5 0.0007871306658751889 0.0009038564563825522 0.00011049155148737536 0.005998414779115202 0.0037682171237842137 2.516913932577828e-5 0.0010548886769828718 0.0012120953108424029 0.00010844763916618973 0.006453627517508841 0.004930454558515322 7.773766286868316e-13 9507.350780127914 7.387780641008927e8
6350 207209.18314666412 32.63833557730941 3.195275522891228e-5 0.000791563884876468 0.0008976592833431729 0.0001119917015688734 0.005663902214663386 0.003954843648880847 2.4711734695033307e-5 0.001067891076425391 0.0011889409659095935 0.00010992832774335818 0.005954138824710912 0.0050498449486650054 8.979939526933942e-13 9507.350780127941 7.387780641008931e8
6400 208828.59199131973 32.636194993808395 3.1465977423072015e-5 0.00079581206247024 0.0008919528659094979 0.00010999182353699971 0.0057544865449137 0.003991532461566876 2.4335268756269528e-5 0.0010840153038850023 0.0011607247287247007 0.00010795733385793153 0.005430279449997309 0.004935207973552232 -2.9201554938009806e-13 9507.350780127877 7.387780641008912e8
6450 210460.77057023864 32.65392324433165 3.116873244344399e-5 0.0007982463518888451 0.0008891040407849592 0.00010138438731820067 0.005112127974796422 0.003904405360729782 2.410538438406643e-5 0.001098032012707441 0.0011334868860547766 9.9510417312831e-5 0.005486419458222053 0.004617100219356471 -1.1368183026925319e-12 9507.350780127928 7.387780641008916e8
6500 212094.34400804396 32.691508973835035 3.097674126755728e-5 0.0007998927402355979 0.0008894781631885691 0.00010945477375409911 0.0051786759646490835 0.0047176988180201 2.3956901570353068e-5 0.001107523357200156 0.0011126669257012296 0.00010743788806306179 0.005507356019887742 0.004837837446199511 -4.771585996872502e-14 9507.350780127917 7.38778064100894e8
6550 213730.2912755751 32.74835560617817 3.1172003129937674e-5 0.0007985712936540961 0.0008920010297732033 0.0001055045325709787 0.005213405166677643 0.005807243824636861 2.4107913879139178e-5 0.0011087550812360358 0.0011038463458405527 0.00010355634671016262 0.005636826400845937 0.005635280337723912 -5.234424478096983e-13 9507.350780127881 7.387780641008896e8
6600 215369.5529414537 32.82362458249844 3.164099670839261e-5 0.0007939296288314694 0.0008955842374712821 9.839074987126754e-5 0.005427998272889184 0.006910574696759233 2.447062578931534e-5 0.0011019848207422722 0.0011094071716044908 9.657187878577911e-5 0.005819756420043999 0.006301493217136343 -4.976815502114329e-13 9507.35078012786 7.387780641008875e8
6650 216983.39552113623 32.75874720903511 3.221201283349256e-5 0.0007873169140346486 0.0008985652578461508 0.00010676519024672928 0.005581433900063471 0.006734975962276432 2.4912240256955123e-5 0.001088411737086127 0.0011235269640309275 0.00010479434265349492 0.005912700901494261 0.006449761631428558 2.1075844937558177e-13 9507.350780127963 7.387780641008927e8
6700 218619.7353240566 32.69920680438111 3.280700740066854e-5 0.0007798553651916268 0.0008995542853474358 0.0001122059235636131 0.005615267879405831 0.005990860875401038 2.5372399256819087e-5 0.001069701309736864 0.0011396386391879295 0.00011013753144209757 0.005916746602729348 0.006010214955315115 -9.037756048000203e-13 9507.350780127917 7.3877806410089e8
6750 220253.59163435717 32.659151512096734 3.284899691799943e-5 0.0007728202327398048 0.0009021935607874791 0.00011763545150755505 0.005453913426039488 0.0050580655022917495 2.540487325803688e-5 0.0010514250156587804 0.0011568867234279928 0.00011546216929984331 0.005766749696849115 0.005302898338988475 7.824757778212682e-14 9507.35078012794 7.387780641008934e8
6800 221885.9481742618 32.63883726039616 3.178346933684696e-5 0.0007674557564057838 0.0009111880936550782 0.0001086680593208338 0.004999272443906458 0.005003093606800991 2.4580811773915048e-5 0.0010389617885468397 0.0011771730292975864 0.00010665726951387944 0.005326114328552173 0.005474698975855099 -8.048519201465153e-13 9507.350780127896 7.387780641008946e8
6850 223517.80219050587 32.638734912479414 2.951308389127218e-5 0.0007669534363125894 0.0009222743416818065 0.00011099227959215134 0.005435567696604125 0.0042308183509153574 2.282493305908917e-5 0.0010361715265446879 0.0011983545488159966 0.00010894591505662141 0.005396048246294833 0.005778298274981494 -9.697859904412352e-14 9507.350780127954 7.387780641008898e8
6900 225129.82126761012 32.658724267801134 2.704101346713641e-5 0.000770609692320795 0.0009281938867338466 0.00011532894305475244 0.005256003030398054 0.004282097236063343 2.091307450319785e-5 0.0010399166131414932 0.0012140448892733386 0.0001131961482441086 0.0051392980137504535 0.0061349571068509785 1.7714063116619276e-13 9507.350780127912 7.38778064100894e8
6950 226763.45288927414 32.67029579154948 2.5114337772404333e-5 0.0007755818712185717 0.0009271561941890678 9.471715008296746e-5 0.0057832238263946355 0.004337649612509167 1.9423015249449395e-5 0.0010454344352375674 0.001223910977285349 9.29648851692573e-5 0.0055087339548212785 0.006475594753762089 1.8995981742644726e-13 9507.350780127894 7.387780641008933e8
7000 228396.1887975958 32.6430629911714 2.351310576386404e-5 0.0007804142416001761 0.0009269350075177237 8.767774247641671e-5 0.005727115004462235 0.004501927705744889 1.8184648783184532e-5 0.0010473871447225485 0.0012398219919705948 8.606449842388563e-5 0.005342237335366415 0.006961266722846449 -1.2574136104741853e-14 9507.350780127967 7.387780641008923e8
7050 230028.0871538622 32.63642614836791 2.2457752336602944e-5 0.0007846263657638615 0.0009317936294841823 8.67702145640978e-5 0.0055106805875313495 0.004744962012351236 1.7368455822135964e-5 0.0010436065095700505 0.0012682555226327641 8.516767105435792e-5 0.005197424278398078 0.007331951369598126 -5.957781905900829e-14 9507.350780127928 7.387780641008911e8
7100 231660.17477343944 32.65011610871379 2.274828870292747e-5 0.0007889975286916591 0.0009385811629495409 8.124227928379405e-5 0.005145635621583708 0.00500550034809306 1.7593151863289802e-5 0.0010358072376883479 0.001298703918350868 7.973939940675457e-5 0.004874241906467065 0.007630730393445123 9.050314868470226e-13 9507.35078012789 7.387780641008925e8
7150 233280.0 19.228776532399934 2.4088317379811228e-5 0.0007940510128342304 0.0009435312269146681 7.851206529321172e-5 0.004463368775591485 0.005367979476261196 1.862950797435702e-5 0.0010282649430980507 0.00132108995717172 7.706560281067515e-5 0.004871992921459601 0.008005287275906051 -6.700743346145685e-13 9507.350780127857 7.387780641008936e8
7200 234915.43377932787 32.73615924171146 2.543859869414825e-5 0.0007991014301745842 0.0009493408049509571 9.661246083318467e-5 0.004551776571449209 0.005824530496595327 1.9673793306389454e-5 0.0010261704576972725 0.0013361431548121428 9.482798365604096e-5 0.004956087380630382 0.008407558297448364 2.587423329518987e-13 9507.350780127877 7.387780641008921e8
7250 236553.98794406245 32.8076160920811 2.6386577988070516e-5 0.0008041768574340728 0.0009562501322721535 9.66293678163968e-5 0.004787964420225922 0.0065033738690946 2.0406944880955536e-5 0.0010308946167315541 0.0013424144338171154 9.484413566908996e-5 0.00503487195940189 0.008963549904118281 6.144938962173601e-13 9507.350780127896 7.387780641008893e8
7300 238194.3339577537 32.77481385940771 2.719609928701617e-5 0.0008084093712974932 0.000961792767658465 8.548943202523648e-5 0.004483243559071359 0.006495497288902097 2.1033015322337583e-5 0.0010386862022916232 0.0013336201602221222 8.391086752376725e-5 0.00494215619385804 0.00907452677310546 -6.484946052947375e-13 9507.350780127897 7.387780641008933e8
7350 239831.37476811485 32.71126278374296 2.7785479692471003e-5 0.0008114361477883181 0.0009656151130725612 9.321491693578952e-5 0.004441843849803777 0.006349653762417846 2.1488832421980275e-5 0.0010464103684793464 0.0013121022093009992 9.149494657828505e-5 0.00493825044835157 0.009028250373681514 -1.129367246401476e-12 9507.350780127881 7.387780641008921e8
7400 241465.7328238693 32.66720275488571 2.7742052369771137e-5 0.0008143996592756211 0.000969191986102839 0.00010367912812941128 0.004950865380547565 0.00611053769890556 2.145524644576717e-5 0.001051921422339259 0.0012901979541129099 0.00010176420881519269 0.0053182269217648855 0.008810457875131846 -5.805697653135802e-13 9507.35078012788 7.38778064100894e8
7450 243095.38607260742 32.64295207166361 2.700558702417748e-5 0.0008187791533422854 0.0009743459814520638 0.00010347858017718144 0.005578333748468293 0.005681291795445319 2.088567627561766e-5 0.001053740077141167 0.0012768922246243594 0.00010156286468959685 0.005658246294588288 0.00818305313502408 1.1733843805854322e-12 9507.350780127952 7.387780641008908e8
7500 244727.3430567142 32.63884116267718 2.5960193049476658e-5 0.0008249550096389233 0.0009796525174241742 0.00012692060451059112 0.005792550169164995 0.004881519906007977 2.0077185791165663e-5 0.0010546337845209093 0.001266950467631663 0.0001245766334485173 0.005927625833217157 0.0070141333698585774 1.4387507255535318e-12 9507.350780127901 7.38778064100894e8
7550 246359.61457625247 32.65509107938247 2.496201359640346e-5 0.0008303195025943911 0.0009840342101566507 0.0001365432925991276 0.006127134549373452 0.0049825583530323115 1.930521024021028e-5 0.0010581645182407035 0.001254519593413597 0.00013402151470199853 0.0062256565459269265 0.006897799898007468 -1.4207318813059936e-12 9507.35078012788 7.387780641008916e8
7600 247993.15848716322 32.67824045023255 2.423201807139715e-5 0.0008346568457001342 0.0009858450436448798 0.0001151057197054371 0.006883412067293981 0.005211104780984193 1.874064372275958e-5 0.0010707662139433879 0.0012346068149942204 0.00011297650870208402 0.0066035652690860265 0.0069182972261546205 5.6535751112839774e-14 9507.350780127876 7.387780641008946e8
7650 249626.1974877176 32.64730413785958 2.4090563644689043e-5 0.0008394121939667831 0.0009823746145655962 0.00012073712912836888 0.006849806445314682 0.005123571493839249 1.8631245198620138e-5 0.0010942354188070707 0.0012063653530882833 0.00011851709252459686 0.006708328203688525 0.006600083807437369 -1.6743434766268467e-13 9507.350780127872 7.387780641008931e8
7700 251245.38716315146 32.63685962985922 2.472966419035616e-5 0.0008433930682744111 0.0009766719263477521 0.00012705013090796562 0.00732998958506445 0.005834812583944499 1.9125515035910405e-5 0.0011209819347930377 0.0011789542937063035 0.00012470201274351108 0.006975393288822632 0.007281177328887536 -2.428217306609375e-13 9507.350780127941 7.387780641008888e8
7750 252877.39579776616 32.64670851633206 2.5965932616535664e-5 0.0008455492569377919 0.0009724042995603864 0.0001459894182727266 0.00754228488452562 0.0065761171446804476 2.0081624677809947e-5 0.0011444138980570586 0.0011615061986865113 0.00014328936372861778 0.007056208338418077 0.007925855332254546 -1.0586358163579631e-12 9507.350780127883 7.387780641008923e8
7800 254510.41039761974 32.67652596883566 2.706369496473956e-5 0.0008451314149480014 0.0009744031885931076 0.00013154607699154722 0.0070488647447187 0.007279024230895067 2.0930615999926138e-5 0.0011623941841465446 0.0011595731172828981 0.0001291211737689622 0.007144916381946189 0.008385058156727413 -5.444172095581074e-13 9507.350780127897 7.387780641008933e8
7850 256145.41413502 32.72588580750837 2.711100183927199e-5 0.0008444245381944305 0.0009863894262145422 0.00010167773708714514 0.006656885815496087 0.007946560409222583 2.0967202357638693e-5 0.001176464638268244 0.0011720404132165218 9.980091188499057e-5 0.00724633340524309 0.008688476324400075 2.7642423323560694e-13 9507.350780127945 7.387780641008908e8
7900 257783.3717439057 32.79414441798508 2.6331123834908578e-5 0.0008446041282404373 0.0010046895821233589 8.965468074002044e-5 0.006925351655772721 0.008616023224992417 2.0364057552121587e-5 0.0011847894031229021 0.0011913699942929718 8.799748204683456e-5 0.007463364456446943 0.008869780578004059 3.561804010376084e-13 9507.350780127912 7.387780641008912e8
7950 259396.75838471053 32.78918420325922 2.535052319498089e-5 0.0008474169450943543 0.0010189107171580233 0.00010390917506262855 0.0072454736230394895 0.00848587082246638 1.9605677165764146e-5 0.0011897618162662103 0.0012055504028975791 0.00010198868184581889 0.007721651277046457 0.008728681516420023 -8.529813022526679e-13 9507.350780127837 7.387780641008922e8
8000 261034.41697604486 32.72166349324268 2.4388813421830724e-5 0.0008547292657841381 0.001022757899202796 0.00010871406398606203 0.007366243650818799 0.007614111742284317 1.886190666467666e-5 0.0011961970365300155 0.001209042730906882 0.0001067080219169163 0.00777657537461646 0.008194871191950462 8.693460579504957e-13 9507.350780127936 7.387780641008935e8
8050 262669.1906912436 32.673560331445614 2.348533052362168e-5 0.0008653018814216756 0.0010149656980006944 0.00011198371036703474 0.007119753584788794 0.006510508397323532 1.8163167869785972e-5 0.0012040532841744622 0.0012048971508078054 0.0001099173897623379 0.007517118106946772 0.007278645860967465 -3.943775940281397e-14 9507.350780127914 7.387780641008897e8
8100 264302.0678081394 32.64541545651811 2.2610571944544414e-5 0.000874413253587458 0.0010029472539297617 0.00011303496793973236 0.006357859564901193 0.006057376583788478 1.748664399028027e-5 0.0012106075832837384 0.0012026503324668873 0.00011094333340013694 0.006764504925274003 0.0073477917659176845 -2.073890097372831e-13 9507.350780127901 7.387780641008935e8
8150 265934.04800622433 32.637283052022035 2.2137257141960613e-5 0.0008803980150959598 0.0009920004391617467 0.00011674985649637609 0.00704787074234201 0.006187806488316446 1.7120590116523818e-5 0.0012133594099517613 0.0012036951988551692 0.00011459210171030448 0.00707738025350249 0.007752690682249633 8.357741866452654e-14 9507.350780127888 7.387780641008936e8
8200 267566.1341528157 32.649300606405575 2.2537876812459875e-5 0.0008829895220730448 0.0009856320504920653 0.00014167094351870155 0.007759915524555426 0.0064080150604989795 1.743042277227053e-5 0.0012071289110146585 0.0012122673806053337 0.00013906089202476456 0.007977251445943983 0.008238867449332183 -3.546488375656545e-13 9507.35078012789 7.387780641008931e8
8250 269179.32011814776 32.68101798818471 2.3934919801261796e-5 0.0008806199417021067 0.0009856457212522862 0.00012049326421886039 0.007624607602719728 0.00685984271144247 1.8510872813261438e-5 0.0011877324811071731 0.0012368141569874948 0.00011826381548281374 0.008057793561241625 0.00900571764187417 -7.797802261106293e-13 9507.350780127894 7.387780641008946e8
8300 270812.6998313427 32.65206656570114 2.6034700417310704e-5 0.0008736806298407032 0.0009924242372707564 0.00013509493526988171 0.008616073388351478 0.007385503539331415 2.0134808562458237e-5 0.0011594416036613945 0.0012809013051938928 0.00013260285623142338 0.008119007727671226 0.01007072718988975 -1.250674731197588e-13 9507.350780127867 7.387780641008874e8
8350 272444.8300269581 32.63685542251655 2.8435801970217036e-5 0.0008649849877055227 0.0010038201283854463 0.00015010960901165978 0.008765219497020037 0.008007109351047065 2.1991780962057816e-5 0.0011294666732870216 0.0013364786091515648 0.00014733593221291988 0.008082743690582045 0.01114690630659659 -2.599369524600228e-13 9507.35078012789 7.387780641008902e8
8400 274076.72335880535 32.64213458413509 3.107975983165292e-5 0.0008578541863758102 0.001016541448420316 0.00016265200065856473 0.007713817053049778 0.00864406903948745 2.4036574431309805e-5 0.0011005958229060742 0.0013923666227238323 0.0001596411674962222 0.007185615547315756 0.01191730188339792 5.430617758854282e-13 9507.3507801279 7.387780641008922e8
8450 275709.3956917555 32.667533895055406 3.319949524758872e-5 0.0008523412439414515 0.0010309443232327982 0.000176529491526981 0.0072037338642994995 0.009330570343138942 2.5675942894124653e-5 0.0010732300420413876 0.0014474976159170887 0.0001732703007790451 0.006683392060045672 0.012689302431274996 1.712441117991701e-13 9507.350780127914 7.387780641008904e8
8500 277330.1807293931 32.71206901073655 3.4155107838749385e-5 0.0008490209351034938 0.0010475593385702846 0.00022306775341467936 0.006698114077452663 0.00993565437595085 2.6414997935071386e-5 0.001052989077421138 0.0014965866222215825 0.0002189512033221679 0.006600335876292341 0.013131140411641169 -1.1149628919477491e-12 9507.350780127876 7.387780641008966e8
8550 278967.3369987512 32.776002314629025 3.401754420410187e-5 0.0008487951996907894 0.001063341765728506 0.00020667920963829701 0.0063681124452739865 0.010362802920567892 2.630860848543546e-5 0.0010438918837286557 0.0015295567750575408 0.0002028606170290179 0.0062263463327243505 0.013241681297453197 -3.2132201641593675e-14 9507.350780127883 7.387780641008893e8
8600 280607.7205886759 32.8051005767962 3.299109078554237e-5 0.0008507548572588809 0.0010766819627170546 0.00016175015551396003 0.006410251240789861 0.00999768847231676 2.5514766315189503e-5 0.0010449091340356332 0.0015419138594458266 0.00015876070150249225 0.006049690706926565 0.012568620559993185 2.3262917575508404e-13 9507.350780127896 7.387780641008914e8
8650 282246.080775739 32.73387164952782 3.099892972025117e-5 0.0008539357314127478 0.001089306825258842 0.00014620119773527452 0.006441573245434826 0.008499716283828103 2.3974061754264965e-5 0.0010543149927086798 0.0015396022348315587 0.0001435014638297972 0.0061139814845444 0.010916548166232474 -7.449524727583967e-13 9507.350780127905 7.387780641008912e8
8700 283881.36312102433 32.681682973169906 2.8614930741719547e-5 0.0008581255816736748 0.0010983522387115422 0.0001294137573454801 0.006643472987003849 0.0069038040366418835 2.21303162040417e-5 0.001071560855949026 0.0015240408654368044 0.00012703045478679696 0.006607688500231741 0.009026340600552353 -5.462244544550131e-13 9507.350780127905 7.387780641008933e8
8750 285511.8215377109 32.649127550269796 2.7327761933321972e-5 0.0008625138367083299 0.0011003225708613646 0.00015064205260494553 0.006912662374008911 0.006088997276912584 2.1134841044763562e-5 0.00109185298512585 0.0014915454974192641 0.00014785536457381803 0.007018796973266104 0.008178563355975712 -2.4378661564826847e-13 9507.350780127907 7.387780641008934e8
8800 287143.8711691794 32.63640811991706 2.747740303802651e-5 0.0008679552897270996 0.0010955255851037601 0.0001390104236221691 0.007044668664085283 0.00653702119288668 2.1250571010848283e-5 0.001116674880193269 0.0014456101269628829 0.00013644175924307965 0.007286530564986767 0.008268861977579594 4.408643743106217e-13 9507.350780127941 7.387780641008911e8
8850 288775.792954827 32.64373701848603 2.833566637398896e-5 0.0008746483673823712 0.0010864631316276452 0.00014338964342847161 0.007753291966133608 0.006158460293753507 2.1914337740970757e-5 0.001144790775702815 0.001400513135527851 0.00014075356635490603 0.007929190337947227 0.008494116673328188 -1.3064887330242694e-12 9507.350780127936 7.387780641008911e8
8900 290408.60257376765 32.6715690362181 2.89114003305987e-5 0.0008824098066385771 0.0010777975813777753 0.000131244672583783 0.007838200883197123 0.006581636152964213 2.235960090180775e-5 0.0011723269974069335 0.001372209879032452 0.00012881756057343856 0.008016825171581443 0.008736077336990713 -4.719426688380771e-13 9507.350780127881 7.387780641008923e8
8950 292042.2366322294 32.6588171597322 2.9325539605501532e-5 0.0008891045240562562 0.001071467874641743 0.00014888917616037514 0.009346428683949644 0.00716828589346389 2.2679889396959903e-5 0.001196685745675933 0.0013554188669641747 0.00014613755291430507 0.008814996571956531 0.00927293607005211 -5.26843475944606e-13 9507.350780127934 7.387780641008914e8
9000 293674.59919339616 32.6394750002838 2.985085767094587e-5 0.0008927057114586593 0.0010696939009249167 0.00016167611504770704 0.009628933013437027 0.00793163196693826 2.3086161737818538e-5 0.001217484882264511 0.0013413442590174995 0.00015869194446254092 0.008882371591048922 0.010014335018412219 -5.014874854392385e-13 9507.35078012792 7.387780641008873e8
9050 295294.00055540015 32.64061803038566 3.0304779536262523e-5 0.0008953248712764137 0.0010726216732139602 0.00015868360606512296 0.008687413445774972 0.008870010468632084 2.3437217433255797e-5 0.0012370286731542167 0.0013272035534117235 0.00015574614377851525 0.00787583501782867 0.01088211611724257 -5.873852227637753e-13 9507.350780127917 7.387780641008922e8
9100 296926.49424344825 32.66199571108459 3.074950741969649e-5 0.0009002018214524023 0.0010753596144466358 0.00017756210619798991 0.008624848861216824 0.0098070421014805 2.3781162654510566e-5 0.0012554345002492434 0.0013092992598375704 0.0001742823529188849 0.007710027095313114 0.011524564327374054 1.287815145392471e-13 9507.350780127901 7.387780641008881e8
9150 298560.560677367 32.70309698122926 3.139104825140112e-5 0.0009084739828176895 0.0010744474165833514 0.00016896223967131972 0.008367303291472566 0.010604047171812096 2.427731976883606e-5 0.0012715408704656011 0.0012849900866367511 0.00016584555410975303 0.007845722874775345 0.011866443225494737 1.9458513911174815e-13 9507.35078012792 7.387780641008936e8
9200 300197.17680200405 32.76353311007625 3.189909575002256e-5 0.0009172106333948313 0.001071412699542448 0.0001810433735020539 0.007871707725856473 0.011082824892751496 2.4670235337728078e-5 0.001283775494396617 0.0012600973993768688 0.00017770270203427846 0.007701284174986096 0.011721564301956826 5.059749664120636e-13 9507.350780127892 7.387780641008989e8
9250 301837.20208286494 32.81934801104651 3.1579876831596395e-5 0.0009253889590514996 0.001070955011262173 0.00019152016385465002 0.007388932458118637 0.01094428544776147 2.442335668312533e-5 0.0012914770179786469 0.0012457959213722464 0.00018798066490417306 0.007895103859200432 0.01105762651442657 -8.597431549813446e-14 9507.350780127877 7.387780641008912e8
9300 303448.55413118395 32.74568542151564 3.0712868174171984e-5 0.0009333397167313342 0.0010726983039125214 0.00014786907556888258 0.007482998281409317 0.009290597807803003 2.3752826465398128e-5 0.0012933323403913277 0.0012453928162609056 0.00014513784651792066 0.007899749375779093 0.009845874522595879 6.883918337391376e-13 9507.350780127894 7.387780641008884e8
9350 305084.32654083706 32.689593151954895 3.0425392967988253e-5 0.000941575258512098 0.0010740161693326765 0.0001447380822666045 0.007340639592147921 0.008192633338715113 2.3530497875088884e-5 0.001290351526049795 0.0012515949619131578 0.00014207094034257814 0.007724664257200122 0.009320315114326407 6.484639740252984e-14 9507.350780127916 7.387780641008896e8
9400 306717.7941349018 32.65317683115829 3.109356373618441e-5 0.0009496080053797194 0.001075938609989676 0.00012935835683869194 0.007175978660030133 0.007729704107773935 2.404725014375258e-5 0.0012851283856488808 0.001260249604991299 0.00012696594988885197 0.007179122373979758 0.009216604605084581 2.3111292791784963e-14 9507.350780127932 7.387780641008947e8
9450 308349.94482362934 32.636524141785735 3.234486077709853e-5 0.0009544416389904103 0.001082042385666847 0.00014054269357726762 0.007412888211745645 0.0075520208123070805 2.5014982668794566e-5 0.0012772136465464133 0.0012742899484491543 0.00013794542149193754 0.007332581237991715 0.009356519128541085 -1.2727292451937246e-14 9507.350780127937 7.387780641008899e8
9500 309981.7782565033 32.640094925017024 3.396850581774848e-5 0.0009541951788579375 0.0010939420429697734 0.00014658916622312245 0.006894274573313142 0.007621852945905385 2.6270683004993082e-5 0.0012619297964589738 0.001300027060456807 0.000143890526242893 0.006923212604310948 0.009703409623371592 3.59886784639737e-13 9507.350780127892 7.387780641008909e8
9550 311595.1973892747 32.66374187948961 3.5455606106388513e-5 0.0009492723613534027 0.0011098316933328726 0.00016789630193119528 0.007865398232418616 0.0077775140429646545 2.7420781878610642e-5 0.0012388840908785315 0.0013416243252959122 0.00016478993008693253 0.00746036667369645 0.010129580046603786 -5.372112034225642e-13 9507.35078012797 7.387780641008904e8
9600 313228.9123109849 32.66631521332066 3.627479491993386e-5 0.0009410520053943043 0.001130466287626431 0.00015763766374278902 0.0088642971393181 0.008017438570001431 2.8054329016579016e-5 0.0012099990546089383 0.001398703113808711 0.00015472137609763583 0.008379609937178007 0.010766828852534317 1.9195084993998737e-13 9507.350780127927 7.387780641008958e8
9650 314861.5458705533 32.642828712298154 3.640074222397553e-5 0.0009323541119792888 0.0011527615928395192 0.00017647031708597436 0.008745554776932821 0.008525643156808808 2.8151734587421797e-5 0.001178971309497553 0.0014655655331202524 0.0001732202976874102 0.008271892619191049 0.011878526510398058 -4.276737839084184e-13 9507.350780127887 7.387780641008856e8
9700 316493.5215643124 32.63973028151267 3.586627565953695e-5 0.0009254691195513814 0.0011740774822914227 0.0001785076625182937 0.008345419856957947 0.009297690219457672 2.7738386948098954e-5 0.0011535540672846542 0.001535043162833231 0.00017520642815715834 0.00784505236593571 0.012872721572115244 3.2930146210481674e-13 9507.35078012784 7.387780641008947e8
9750 318125.8617873499 32.656915319406004 3.502806053450729e-5 0.0009206612312459705 0.0011903624094858286 0.0001865156963194022 0.008289169227798297 0.010154849700246644 2.709012517415454e-5 0.0011385599246312235 0.001595709539389244 0.0001830676429639341 0.008361059228873924 0.013905546080553626 -2.2170912820005243e-13 9507.350780127894 7.387780641008884e8
9800 319745.3861816597 32.69355457061681 3.409344203934041e-5 0.0009180786615386073 0.0012007872432997244 0.00018181284175274303 0.00889983022483488 0.01073835943703358 2.6367306621320155e-5 0.0011323419922507876 0.001639467172425313 0.00017846250214073952 0.00882653092162962 0.014379505429078171 6.062540847382478e-13 9507.350780127874 7.387780641008894e8
9850 321381.41529688454 32.74961928086588 3.295359480167858e-5 0.0009184028244331819 0.0012060985359080955 0.00016875717652047555 0.009240678495381455 0.010815135276753905 2.548576753875456e-5 0.0011333493369102658 0.0016624181106388422 0.00016564064845982468 0.009059613330244494 0.01403579627938356 -5.238406543124062e-13 9507.350780127934 7.387780641008941e8
9900 323020.72140539886 32.82416382096952 3.200038653462526e-5 0.0009210894753359108 0.0012072128463714868 0.00014993465447341983 0.009160514607130386 0.010308257990777983 2.474857196248092e-5 0.00113928235552796 0.0016666906077123502 0.00014716301400544187 0.008937039015255804 0.01289506848322335 -6.692779216091525e-13 9507.35078012788 7.387780641008952e8
9950 324660.45307328843 32.75804725623225 3.1673902076039754e-5 0.0009246243163845287 0.001206658227928262 0.00012620056060621103 0.008789208542192076 0.008531211007160843 2.4496074258766143e-5 0.001148278781151381 0.001660502758010867 0.0001238711755415882 0.008505166108720456 0.010602534704007793 6.95796943126035e-13 9507.350780127916 7.387780641008931e8
10000 326296.7499915927 32.69820038574489 3.185068807197106e-5 0.0009280426825082528 0.001206616033979789 0.00012511956577536875 0.00851171139855328 0.007376171744975381 2.4632797636701955e-5 0.0011593646046421256 0.001651239664679072 0.0001228128381203547 0.008212833176214126 0.009539687601882707 -1.5265093124964926e-13 9507.350780127863 7.387780641008929e8
10050 327930.5523724283 32.65794124837094 3.222243930263854e-5 0.0009332683991061394 0.0012064757394896338 0.00011938555841974137 0.00841456083387348 0.007717965681192772 2.4920303916487244e-5 0.0011719914049871877 0.0016362131694435136 0.00011718027033375997 0.008148546901137458 0.00933873340467081 -1.091131764324146e-12 9507.350780127957 7.387780641008934e8
10100 329560.4485732493 32.637767022522624 3.2698923153021383e-5 0.0009421361700267515 0.0012014760632532227 0.000110313447754122 0.008496551668574345 0.007931156794847466 2.528880867962271e-5 0.0011896656264508145 0.0016076035637809217 0.00010827202649170782 0.00829199051633862 0.009634278182058526 -3.3483806405593026e-14 9507.350780127948 7.387780641008949e8
10150 331192.253830493 32.63779994690938 3.324922682179914e-5 0.0009542120537873495 0.0011906413951896645 0.0001145689708490217 0.008730295883162414 0.007601026617502077 2.571440447463571e-5 0.0012124299805906231 0.0015644556012825962 0.00011245623028732742 0.00863533238987388 0.009457543485222809 4.008867387839439e-14 9507.350780127867 7.387780641008912e8
10200 332824.575112592 32.65799555397165 3.358960750514623e-5 0.0009669197167933316 0.00117805669948408 0.00013272638622281748 0.009131503021727905 0.007795624954108443 2.5977649289735935e-5 0.0012389512197306576 0.0015106322044400827 0.00013027194451506227 0.009160455572727492 0.009769975907917403 1.423779692615182e-14 9507.35078012788 7.387780641008912e8
10250 334458.23518249136 32.673786162945035 3.392005738200515e-5 0.0009772054244324723 0.0011674275337797333 0.00016136529244594098 0.009731688308164564 0.0082963649148861 2.6233213782639335e-5 0.0012680080345912996 0.0014497198630861337 0.00015838008755687937 0.009429053665683218 0.009986416299311306 -2.671286001880165e-13 9507.35078012787 7.387780641008909e8
10300 336091.13549017266 32.64617751567263 3.4330180393279624e-5 0.0009849721607207416 0.0011609971387407663 0.00018397010326368942 0.010134304272078716 0.008714992679422256 2.6550396165639856e-5 0.0012980519715496213 0.0013907653271053287 0.00018058527332420618 0.009416354434528273 0.010191616226682122 7.804311405862097e-13 9507.350780127896 7.387780641008942e8
10350 337710.6961404896 32.638924908190695 3.4396602038017286e-5 0.0009904540439426089 0.0011589598823117447 0.0001814425040116913 0.009530990441319357 0.009185068963105069 2.6601765571847143e-5 0.0013259000339047727 0.0013464504123419788 0.00017809119217001106 0.008692664626787094 0.010407149429886815 -3.201082523644132e-13 9507.350780127888 7.387780641008911e8
10400 339342.88829297543 32.65188390832455 3.4205032661551356e-5 0.0009946502632441176 0.0011591232911560586 0.00017265020463134797 0.009494972961420154 0.009707836934092214 2.6453608970860462e-5 0.0013483623497018106 0.001315913262502158 0.00016945633996987906 0.008455699772894338 0.0105632524710601 7.032058814216121e-13 9507.35078012792 7.387780641008856e8
10450 340976.2315065474 32.684391725490634 3.4350062997760134e-5 0.0009987481299934264 0.0011561599052366976 0.00015835385471743978 0.009412758723294393 0.010321258708134107 2.6565773044520585e-5 0.001363675830824712 0.0012919324102866005 0.00015543649376526265 0.00856904330867672 0.01070234229396783 5.987723971777528e-13 9507.350780127905 7.387780641008931e8
10500 342611.69444506447 32.736240126413335 3.4676730663735636e-5 0.0010038063228464884 0.0011504881368106972 0.00016850790135079628 0.008717060353312545 0.010940136301562167 2.6818412437811117e-5 0.0013756224955744577 0.0012754558524525838 0.00016539550841504784 0.008550448969680787 0.010751995907151276 2.9010109504015565e-13 9507.350780127916 7.387780641008906e8
10550 344250.2349609483 32.80707836232393 3.496501673418662e-5 0.0010094000116100067 0.0011462872726759937 0.00017153063187642882 0.008370579786593939 0.011171192165670021 2.7041368137195032e-5 0.0013859973259966862 0.0012710779613591186 0.000168361498474633 0.008953138938959217 0.010335501592639927 2.1965683314763415e-13 9507.350780127934 7.38778064100891e8
10600 345862.22803179553 32.77327485038571 3.5580793226692563e-5 0.0010148535203227584 0.0011451923906681573 0.00013864307667278307 0.008659652786526719 0.009747680948749837 2.751759953587244e-5 0.0013917834068124437 0.00127798226342184 0.00013608262456755004 0.009192621661449343 0.00923035163854647 -7.165419703536511e-14 9507.350780127896 7.38778064100888e8
10650 347499.17503924755 32.709027633963785 3.643223001410252e-5 0.0010212655422259798 0.0011478301973102 0.0001434783220621452 0.008575896338049503 0.008060510896353686 2.817608672576611e-5 0.0013940967018096786 0.0012925968684347011 0.0001408307650149095 0.009025707289624253 0.008035705254157383 -1.998843487247088e-13 9507.350780127897 7.387780641008933e8
10700 349133.40679785766 32.664372153087314 3.716282259707934e-5 0.00102580637505018 0.0011570178328724318 0.0001479366292036683 0.008048394396976712 0.008162659711295844 2.8741114998017675e-5 0.0013910819645409475 0.00131698949613145 0.0001452044208250512 0.008460924542196617 0.008465802148484103 1.9400314499240564e-13 9507.350780127883 7.387780641008925e8
10750 350765.91139693814 32.639705781973575 3.76991310487476e-5 0.001026745735117397 0.0011704640139193656 0.0001383366429890871 0.007301273000597252 0.007722667278512814 2.9155887122590974e-5 0.0013803195770638317 0.0013547729873764768 0.00013577560567910253 0.007789032820411272 0.00830209676684101 4.4721653381055067e-14 9507.350780127936 7.387780641008925e8
10800 352397.6976586312 32.63521351390733 3.7720939972249686e-5 0.0010258268988001002 0.0011863148549353904 0.0001261236841405131 0.007641689824903899 0.007670331381147474 2.9172753784877843e-5 0.0013614068279088113 0.001404441296029058 0.00012379413198564557 0.0076264092090141955 0.009101196573160211 -2.5077820289773823e-13 9507.350780127848 7.387780641008923e8
10850 354029.77863895654 32.651004277648575 3.680758987261339e-5 0.0010242573370152469 0.001205276848834702 0.00011988283840054532 0.008603882340739898 0.007714078133970475 2.8466383858895765e-5 0.0013390229388146372 0.001460716519710684 0.00011766922722704359 0.008343761920805456 0.009289141617568436 -4.2742873375290576e-13 9507.350780127868 7.387780641008964e8
10900 355644.7793537328 32.68170716700929 3.515013551326052e-5 0.001021193556007965 0.0012263604056085863 0.0001403549797120626 0.010181155147179577 0.007627831954515598 2.718453595238558e-5 0.00131748797967167 0.0015185037561767389 0.00013775839855381056 0.009709230660569746 0.009316640546112118 -2.320471816357415e-13 9507.350780127883 7.387780641008909e8
10950 357277.98034060275 32.65031157254943 3.3304608846911796e-5 0.001015420743946953 0.001249378515687263 0.0001566447746901322 0.010576300217874198 0.007628195327851817 2.575723602082499e-5 0.0012933934847307838 0.0015826759429408658 0.00015376283247426291 0.009879572757538035 0.00961124964918497 9.41528644383685e-13 9507.350780127883 7.387780641009002e8
11000 358910.121213481 32.63883276021561 3.179414323578958e-5 0.0010084591967189655 0.0012719371884199009 0.00016696823953712086 0.00943526959819516 0.008289244854697415 2.458906679158089e-5 0.0012685435239634198 0.0016499496952924145 0.00016388229539561881 0.008648159850998184 0.010066529692241553 -5.785327858958815e-13 9507.350780127908 7.387780641008935e8
11050 360542.19761416997 32.64736147213405 3.1504068036942164e-5 0.0010019103849296788 0.0012905956839415207 0.00016018490847831738 0.007027992708734792 0.00875901948926745 2.4364727409760667e-5 0.001247937632184393 0.001703673003847907 0.000157222337601555 0.007093207670527338 0.01058886267553374 2.8196083518672045e-14 9507.350780127921 7.387780641008937e8
11100 362175.2063519864 32.67578760871151 3.243462215044036e-5 0.0009965073844616886 0.0013044604631849794 0.00015365787040860876 0.007223602793819404 0.009005599911003357 2.5084402636745965e-5 0.0012349874681775695 0.0017363774092485843 0.00015082465707667953 0.007881976386902658 0.011059930335347625 -3.1070828155529595e-13 9507.350780127927 7.38778064100891e8
11150 363795.84054425434 32.72303841076659 3.350982535141801e-5 0.0009948024432134689 0.001311916126165015 0.00014956149087619604 0.0074029027984013115 0.009533340510986135 2.591594708589927e-5 0.0012301594088822234 0.0017588857694328874 0.00014680136274938108 0.008057572413888003 0.011358797594550721 -1.7966771089491678e-13 9507.350780127912 7.387780641008931e8
11200 365433.6082749733 32.78938722806098 3.496117643559566e-5 0.0009956012829595204 0.0013130642316881544 0.00014315472786345125 0.0072605559142251965 0.00982365990772143 2.7038398113507497e-5 0.001228985883697334 0.0017708987087299202 0.00014050861846975625 0.00795138659164981 0.011314211978105783 1.2666029913059088e-13 9507.35078012791 7.387780641008937e8
11250 367074.0036124963 32.786878511549986 3.684285035932459e-5 0.0009990109069191362 0.0013105087424060719 0.00013305559124932118 0.007239629780049732 0.009145458169765402 2.8493653738651896e-5 0.0012317957730792993 0.00176566593046811 0.00013059631586767676 0.007519894779773979 0.010505611819854255 -1.465476508139128e-13 9507.35078012792 7.38778064100891e8
11300 368711.5486815417 32.7193739402302 3.832634453717967e-5 0.001006446131387301 0.0013053826620495485 0.000131432269902189 0.006883661728742287 0.00769672916763658 2.964096370557416e-5 0.0012433617695652623 0.0017432216169266947 0.00012900712481584233 0.006991454406868724 0.009871159601292163 7.307089324692251e-14 9507.350780127876 7.387780641008891e8
11350 370346.2021652709 32.67096363309019 3.9200530305418004e-5 0.0010174550723186255 0.0012975599664948464 0.0001391695410838189 0.006611116335833597 0.0075570272351674515 3.0317044582610273e-5 0.001264598501259299 0.0017089195996685663 0.00013660193565032027 0.006520336430259672 0.009251151544742571 -1.887575401009634e-13 9507.350780127916 7.387780641008881e8
11400 371977.0289288322 32.64223360655407 3.986458510883497e-5 0.0010301688653814973 0.0012853593751228462 0.00014150299307318326 0.006803569002892965 0.006941688323237308 3.083061363189605e-5 0.0012907702700963525 0.0016663326718390878 0.00013888483605392627 0.006620995785690614 0.00888574549254199 -6.570713607376796e-13 9507.350780127868 7.387780641008964e8
11450 373608.8351242168 32.633568589113914 4.02399049824931e-5 0.0010438627262845167 0.0012689450716128771 0.00016129493875725195 0.007446543584700805 0.007389960260133978 3.1120879841403144e-5 0.0013175042991304246 0.0016170144715834777 0.00015831385777751095 0.007316846984845551 0.009707671595686198 1.8505115649883487e-13 9507.35078012792 7.387780641008929e8
11500 375240.7271615368 32.64521890468591 3.995808932315819e-5 0.001057829269206802 0.0012512270245107864 0.00013933198339055684 0.008244148076760063 0.007561103698803427 3.090292825142217e-5 0.0013459015635686022 0.0015669786742352645 0.00013676577174684312 0.00821109835423391 0.009678594555584277 -1.133490981049712e-13 9507.350780127934 7.387780641008921e8
11550 376873.7109814305 32.67682419913078 3.945655260725209e-5 0.001066270534456603 0.0012407184130163696 0.0001570898169227242 0.009272312241065872 0.007707323915648635 3.0515048014662662e-5 0.0013712146535091684 0.0015266173460851892 0.00015418325771294697 0.009038163777577197 0.009403120425005507 -1.1095591052664692e-13 9507.350780127894 7.387780641008954e8
11600 378507.16938357224 32.654407369308366 3.926316948686913e-5 0.001068770898532435 0.0012380330950384534 0.000188441374082233 0.009958643029183993 0.007834603297460187 3.03654886939978e-5 0.0013919294685181577 0.0014947339565536378 0.00018496489867139273 0.009335560894602987 0.00927785577380506 8.041454864950765e-13 9507.350780127892 7.387780641008931e8
11650 380139.42331170343 32.63944960949178 3.946412759097925e-5 0.0010692083397789973 0.0012385306998910878 0.00022311715683361752 0.00915575205926495 0.008184955715369919 3.0520906382331934e-5 0.0014138250017598508 0.0014657809793704917 0.00021899458192223186 0.008577137906618668 0.009397647777726776 2.0188303905560867e-13 9507.350780127876 7.387780641008934e8
11700 381759.37178820284 32.64415854982162 4.02059139500903e-5 0.001068705213454522 0.001240003247763277 0.0002107333639552395 0.009540843282963826 0.008451378287238987 3.1094591736708594e-5 0.0014364687185282185 0.0014428872483057127 0.0002068323599082434 0.00854557562376041 0.009367049225456118 7.744733586803089e-13 9507.350780127908 7.387780641008886e8
11750 383392.12365910166 32.66873441676146 4.134635153865046e-5 0.0010681405549964106 0.0012418306999657164 0.0001813080132834097 0.009040702807790268 0.008635276495648088 3.1976587386938256e-5 0.0014548390260802659 0.001428717476277325 0.0001779603663190928 0.008705229251855854 0.009137863504144892 -1.1371399310216423e-12 9507.35078012792 7.387780641008915e8
11800 385026.6085743824 32.71297459798645 4.2361643440368704e-5 0.0010684309885700314 0.0012431509739332554 0.00016870418035369705 0.009243562698384281 0.008811770359149209 3.276179742386822e-5 0.0014705355324858482 0.0014205350662488145 0.00016559087415202493 0.009103929807132647 0.009211369548848412 -5.24016784111681e-13 9507.35078012791 7.387780641008934e8
11850 386663.79159760557 32.776190340983256 4.302689944541707e-5 0.0010680653085532851 0.0012453284386788395 0.00016382710706592084 0.009486561734356788 0.009214327023957835 3.327629546271548e-5 0.0014785065886840244 0.0014191980714284434 0.00016080033576036318 0.009266135929683013 0.009123900532504598 1.096385027032948e-12 9507.350780127925 7.387780641008891e8
11900 388304.1021038875 32.80085572811767 4.353550885426382e-5 0.0010677445263942017 0.0012467615495568092 0.00015731902147097807 0.009567485008831375 0.00914391295322096 3.366964560372286e-5 0.001472439674666011 0.0014259740691755652 0.0001544115096766722 0.009289619043302857 0.008706555819171522 4.557626579840537e-13 9507.350780127954 7.387780641008959e8
11950 389913.58792473853 32.7306665820718 4.353469606555353e-5 0.0010707687221698141 0.0012463182176919972 0.00014972671699005967 0.00935263099111402 0.008098772995299413 3.3669017006317896e-5 0.0014592597620322967 0.0014429343466081785 0.00014696166226828435 0.00901209502531953 0.008143221284114516 -7.164041296411752e-13 9507.350780127888 7.387780641008931e8
12000 391548.6911101621 32.677783679449924 4.2844664938450314e-5 0.001077037065013119 0.001246926284988669 0.00013976771120683673 0.008887910666950176 0.0070181978425338885 3.313535829607109e-5 0.0014455671279993642 0.0014705146282464475 0.00013719353951217037 0.008575653311621717 0.007644534947100289 -5.628342603083536e-13 9507.350780127956 7.387780641008914e8
12050 393181.654023981 32.64477070229954 4.2017642737230966e-5 0.0010803261681632263 0.0012528360761295424 0.00013805877794469782 0.008305236833275694 0.007525780209407065 3.249575294507393e-5 0.0014281486724057374 0.0015034401381299096 0.0001355048046414203 0.008075272910073435 0.00847437830753077 3.652319411568562e-13 9507.350780127908 7.387780641008885e8
12100 394813.48380117904 32.63207587013857 4.146966215652199e-5 0.001079000644240022 0.001262896326404639 0.00015363218523833496 0.007751296712433086 0.008251032965697862 3.2071953788116336e-5 0.0014060020561522492 0.0015342775782942054 0.0001507935739418082 0.007588024772665606 0.00972268870759738 -1.8441555765797398e-13 9507.350780127894 7.38778064100895e8
12150 396445.19826270314 32.63966167926426 4.070440876962143e-5 0.0010770093337672325 0.0012759954560283473 0.00016255214235265996 0.00791058239005955 0.00881276892115684 3.14801194209039e-5 0.0013853367286551569 0.001565403596524787 0.0001595631862883367 0.0073886169576206405 0.01055874756421677 -5.230595569417097e-13 9507.350780127881 7.387780641008942e8
12200 398060.55437797285 32.66710523765039 3.9631061312204724e-5 0.0010752302505767192 0.0012915395137598836 0.00015601541525192425 0.009991993443837522 0.009184967962238336 3.0650010173257174e-5 0.0013679386891674366 0.001602721107253247 0.00015312979954791649 0.009527111950451575 0.011147254800025127 -6.011386627419217e-13 9507.350780127936 7.387780641008928e8
12250 399694.17440872715 32.66046707633637 3.886851133029788e-5 0.0010713845455095183 0.0013113930592630453 0.00019642465775923965 0.011191289284263077 0.009262909774991106 3.0060266574949198e-5 0.0013492196879079886 0.001650068617807072 0.00019279369187446928 0.010560846267288117 0.011546051989058852 -4.3960466335493956e-13 9507.350780127837 7.387780641008911e8
12300 401326.6059089661 32.64055486901644 3.8861859744258654e-5 0.0010669417391979221 0.0013346421944649346 0.00020392698038218597 0.010840719657854976 0.009371001823860895 3.0055122347844823e-5 0.0013290670130306087 0.0017064696882654223 0.00020016398811875885 0.010025970220490397 0.011973908085800986 -1.061465379872398e-12 9507.35078012789 7.387780641008937e8
12350 402958.5567739279 32.64083198565368 3.998568503598184e-5 0.0010657495862301837 0.0013533731443867855 0.00016931445826314493 0.009110980487126009 0.00956023301762924 3.0924270321273264e-5 0.0013119237400734303 0.0017596395355241338 0.00016618040913572789 0.008289692555999106 0.01204355979673382 1.0580040464257821e-12 9507.350780127914 7.38778064100891e8
12400 404591.03525688 32.66115214689471 4.203299279611884e-5 0.001068399030617328 0.0013647526971697916 0.00017945007765944566 0.007444345881421132 0.009777658585430461 3.250762442783425e-5 0.0012998182701292862 0.0017953615612078104 0.00017613547755904115 0.008133950060859648 0.01213114277846943 -4.403244981867579e-14 9507.35078012791 7.387780641008911e8
12450 406210.796663482 32.70063775707405 4.3748469638912756e-5 0.0010716008122440717 0.0013763599468879985 0.00017346512147701067 0.008021981262624505 0.009947697993137501 3.3834345967523464e-5 0.0012915810305327994 0.0018192880850815762 0.00017026591309641717 0.008732887144578943 0.012007739876824582 -2.8770419820654776e-13 9507.350780127883 7.3877806410089e8
12500 407847.2551743681 32.75970005104869 4.4650964934503415e-5 0.0010739370070242098 0.001389188485941112 0.00015793698158670183 0.008043093591342648 0.01010387046523908 3.453232096681258e-5 0.001287860118751146 0.001832955199380346 0.00015502296435190247 0.008776032530489652 0.011805842970996173 -4.87971437799245e-13 9507.350780127894 7.387780641008928e8
12550 409487.099400528 32.82077638617277 4.527233179784071e-5 0.0010759893160350636 0.0013932269189188503 0.00015293264894961973 0.0077108670083435105 0.010052847803929215 3.501287586622788e-5 0.0012896798862861926 0.0018223768759258448 0.0001501059732641671 0.008472185281268611 0.012598619620862147 4.249322852936208e-14 9507.350780127894 7.387780641008909e8
12600 411126.12894873717 32.744960222035864 4.533580606517641e-5 0.0010784740020156267 0.0013903450459508513 0.00015320771840805666 0.007101626064010791 0.00888146544264353 3.506196581928774e-5 0.001299444846176884 0.0017953086404481316 0.0001503779517906581 0.007838046810295082 0.012456623182905243 -1.1312127803851804e-13 9507.350780127914 7.387780641008916e8
12650 412761.83725251915 32.68774356446599 4.441531657391851e-5 0.0010831251668302732 0.0013880383260371216 0.0001460019183843071 0.006502671788698059 0.008449065507462815 3.435007440539952e-5 0.001316942075107467 0.0017651792898830253 0.0001433114534828391 0.00726371502339746 0.012013447403440024 -9.109969265702831e-13 9507.35078012791 7.387780641008903e8
12700 414395.18629910616 32.65033284819772 4.319783781130873e-5 0.0010904805276945799 0.0013845404252566791 0.00014284442601508594 0.007220570602270649 0.007712083241250522 3.3408496379874835e-5 0.0013381268607246413 0.001727851781862873 0.00014020279030932953 0.007293200428933534 0.011035637384123925 -1.5386852420985264e-13 9507.350780127912 7.387780641008945e8
12750 416025.527656882 32.6335549723336 4.276283451173837e-5 0.001099559673710379 0.0013725994063180083 0.0001360274615848325 0.007865966564161601 0.0067078719912743836 3.307207199163473e-5 0.0013578156566484373 0.0016800950611271645 0.000133513203690181 0.008096494456434889 0.009586986654514172 4.2512755963629495e-13 9507.350780127892 7.387780641008947e8
12800 417657.2154660057 32.63728383118621 4.260210056290357e-5 0.0011104646729569582 0.0013561580333199374 0.00014367805546954216 0.00810071258336843 0.007224183765255542 3.294776300257897e-5 0.001378507962964603 0.0016369797571964446 0.00014103279299271934 0.008535919139574709 0.009431528725901342 -5.884113702899844e-13 9507.350780127905 7.387780641008915e8
12850 419289.60396919807 32.66111806674257 4.2223338876938404e-5 0.0011205830817766522 0.00134245279711019 0.000153898562721481 0.008235680133968169 0.007598573225084614 3.2654834952112e-5 0.0014030763095846852 0.0016072596882240886 0.0001510511828255597 0.008880184978148149 0.009467079766948975 -3.6594986153433463e-13 9507.350780127925 7.387780641008902e8
12900 420923.23391686403 32.665650270710415 4.225632298194598e-5 0.0011268842244019652 0.0013335514503359388 0.0001561751517883014 0.00942502983268951 0.0075588393878411025 3.268034431574044e-5 0.0014278986586999521 0.001582353027070303 0.00015328587468441937 0.009901483233675464 0.009071656227032699 9.194578575256587e-13 9507.350780127921 7.387780641008911e8
12950 422555.83455581585 32.64220367423608 4.2622919533798876e-5 0.0011310490149416515 0.0013316773200622947 0.0001787326884339143 0.009267981288774582 0.007312606072897851 3.29638640518216e-5 0.0014523558330392034 0.001557682365478447 0.0001754413251255816 0.00948207751996176 0.008514146909517985 -1.0763253744590312e-13 9507.35078012792 7.387780641008868e8
13000 424175.9512231766 32.6388643029673 4.304324946955248e-5 0.001135537396272907 0.0013328291452819972 0.0001740663003976511 0.008120395437320946 0.007168929992683335 3.328894030212782e-5 0.0014796439953684625 0.001535615567100302 0.0001708475514208598 0.008148768355288622 0.008075777916009823 2.535962796861335e-13 9507.35078012788 7.38778064100891e8
13050 425808.2354032917 32.655507369641526 4.364321955421245e-5 0.001140371665627812 0.001333383245785655 0.0001821763175581929 0.008049908032472151 0.007349888857088016 3.375294728527613e-5 0.0015066476363304892 0.0015174909952950391 0.00017880820343674835 0.008197955348757823 0.007926507760057048 -2.311435591872887e-13 9507.350780127921 7.387780641008962e8
13100 427441.85761145 32.6919365170311 4.4014831463929976e-5 0.00114547495394179 0.0013349153245574097 0.00017975339792473846 0.007941165559520754 0.007761600077960901 3.404034581653569e-5 0.0015291199339171834 0.0015021425132281923 0.00017644099455694072 0.008701595503560243 0.008296898074050872 -1.3758264403083042e-12 9507.350780127896 7.387780641008887e8
13150 429077.7957714134 32.74768778487648 4.365069555585273e-5 0.0011525152046111243 0.0013373227896006363 0.00016154023760120006 0.00840710963577477 0.008363295355977296 3.3758729101832685e-5 0.0015466009770753594 0.0014919246559947975 0.00015855693338666447 0.009081471699635427 0.008495537875682918 1.2842006555986596e-12 9507.350780127914 7.387780641008918e8
13200 430716.9984089861 32.821934927563255 4.287785549809518e-5 0.001159395627965755 0.001338832868444832 0.0001532408597672337 0.008759594001425591 0.00882543259229958 3.316102732831715e-5 0.0015559406168252383 0.0014898656618216033 0.00015040813152409016 0.0094027194736062 0.008296523662931682 4.339072472392709e-13 9507.350780127916 7.387780641008922e8
13240 432000.0 3.661511120852083 4.2233664970580546e-5 0.0011632331281489585 0.001339620093273204 0.000143722450893327 0.008852000190383567 0.008221857146229642 3.266282098288847e-5 0.001555328462154937 0.0014950758946650233 0.00014106791494271917 0.009422093423911345 0.007906209440909893 5.054925239183981e-13 9507.35078012788 7.387780641008948e8
