#timestep time dt l2_h l2_h_vcon1 l2_h_vcon2 linf_h linf_h_vcon1 linf_h_vcon2 l2_H l2_vcon1 l2_vcon2 linf_H linf_vcon1 linf_vcon2 dsdu_ut mass entropy 
0 0.0 100.0 0.0 0.0 0.0 0.0 0.0 0.0 0.0 0.0 0.0 0.0 0.0 0.0 3.0626691299926604e-12 9507.350780127965 7.38778084907083e8
50 1592.9536375203693 31.845156654722718 1.0070602680569025e-8 5.662668494864897e-8 1.4397333215698835e-7 5.1368566176082674e-8 3.5239918686729177e-7 5.212324126683155e-7 7.7884380720599e-9 1.0069187328329814e-7 1.3169867788679745e-7 5.0419062908024696e-8 5.046688370136095e-7 4.467106060697499e-7 3.842998738425344e-12 9507.350780127934 7.387780849070781e8
100 3184.8276521136795 31.83340120287056 1.3743389577678643e-8 1.0545725341994667e-7 2.0770453754231328e-7 6.698979043122335e-8 6.018634751639707e-7 6.282067164822347e-7 1.0628910901396458e-8 2.059017674084211e-7 2.3839364234702668e-7 6.574962288195248e-8 1.0380893144128492e-6 9.562215218117541e-7 3.344007743696877e-12 9507.350780127952 7.387780849070793e8
150 4776.630447894553 31.841934234910084 1.5254239102286454e-8 1.2084191874910735e-7 1.9623892225856056e-7 7.410684387631256e-8 7.769773828934074e-7 8.449646280755401e-7 1.1797377013648517e-8 2.310219687564944e-7 2.901415603432227e-7 7.273670740789977e-8 9.257681266683845e-7 1.6184531227081763e-6 3.760531710260785e-12 9507.350780128025 7.387780849070762e8
200 6369.3799272290435 31.870864666204728 1.3078596401426309e-8 1.3199600085609687e-7 2.0226988699100688e-7 7.60804121343897e-8 1.1585435671393521e-6 1.1394532114866664e-6 1.0114770820024077e-8 2.3213432754545367e-7 3.2361005513594335e-7 7.467675950587157e-8 1.3105289470496106e-6 1.6007992935797624e-6 3.5016936765087006e-12 9507.35078012798 7.38778084907085e8
250 7964.095070680292 31.92012850089375 1.1062122462223291e-8 1.4352737411132874e-7 2.1479149124815486e-7 5.9161175939429117e-8 1.5577807460317578e-6 1.3394495338052666e-6 8.555263121911489e-9 2.7011197357087483e-7 3.162717683277354e-7 5.806696765989191e-8 1.7814027709412333e-6 1.6932671265880307e-6 4.401510113542801e-12 9507.350780128014 7.387780849070802e8
300 9535.099021959571 31.988156049546742 1.1035769814255493e-8 1.4992646453277176e-7 2.2373680983418543e-7 5.301388705835541e-8 1.8520085271004953e-6 1.5026793929205542e-6 8.534882419554959e-9 2.98581210665188e-7 2.9411430975441465e-7 5.203651293062204e-8 2.0544673608541135e-6 1.9450719446497904e-6 3.876074763255855e-12 9507.350780127945 7.387780849070835e8
350 11136.462348654817 32.03753199387937 1.157288668219676e-8 1.5276299045672728e-7 2.2590240609274637e-7 5.340990826520371e-8 2.044014364563093e-6 1.774167204857161e-6 8.95027974920125e-9 3.1576408826666987e-7 3.1758913123947527e-7 5.242219501975433e-8 2.2961988200584505e-6 2.3546148244537795e-6 2.4816801483732044e-12 9507.350780127994 7.387780849070826e8
400 12736.203337655903 31.956985650985747 1.3744553290838968e-8 1.5766551488273548e-7 2.3139421809232835e-7 7.17972944699801e-8 2.2298956911611766e-6 2.045825286230269e-6 1.0629810898536402e-8 3.326907760438378e-7 3.6764469367163154e-7 7.046972902331256e-8 2.4490867393117694e-6 2.820088141533088e-6 4.601656725564899e-12 9507.350780127967 7.387780849070827e8
450 14332.42142402463 31.896295802122882 1.6715584425425526e-8 1.7127894298935736e-7 2.418280311580615e-7 8.208156473616061e-8 2.5150212815213645e-6 2.4483385191704446e-6 1.2927557392061635e-8 3.517537789174628e-7 4.0423789550421294e-7 8.05631962808858e-8 2.7016327172004873e-6 3.349196272293363e-6 4.9451251207024994e-12 9507.350780128025 7.387780849070839e8
500 15926.119457838146 31.85582282168108 1.710911232534116e-8 1.9680629426131568e-7 2.5776229228741273e-7 1.0615641584144622e-7 3.121277401158313e-6 3.2497098966431325e-6 1.3231905381522418e-8 3.771561500562381e-7 4.558299633917678e-7 1.0419587645467044e-7 3.271366395028184e-6 4.346072891622593e-6 3.882390547588543e-12 9507.350780127987 7.387780849070804e8
550 17502.855421631593 31.83583069932762 1.4861460182301966e-8 2.175521579252441e-7 2.7677302160032667e-7 8.811839303631449e-8 3.5173986220498753e-6 3.990161367519853e-6 1.1493608272558787e-8 3.9894985638893033e-7 5.237857198906538e-7 8.64881764240668e-8 3.5952995494964135e-6 5.202494964352889e-6 2.568016288431175e-12 9507.350780127948 7.387780849070764e8
600 19094.56452145256 31.83591558556472 1.3020276160304404e-8 2.223427997417155e-7 2.8938118053538365e-7 7.571018918006206e-8 3.683807379344671e-6 4.420635976624703e-6 1.0069666906369238e-8 4.066961330952161e-7 5.749140088971703e-7 7.430939291310592e-8 3.689481735239876e-6 5.595270893602316e-6 3.6210522366802025e-12 9507.350780127996 7.38778084907077e8
650 20686.7938559801 31.85619270931091 1.2451845431617908e-8 2.269925103801067e-7 3.0391557449953903e-7 6.165660167129403e-8 3.4401758960553967e-6 4.826710765393129e-6 9.630051953873301e-9 4.095761467051732e-7 6.224818369248432e-7 6.051614143682961e-8 3.43580568689289e-6 5.908350945483468e-6 3.980406772585505e-12 9507.350780127957 7.387780849070795e8
700 22280.120686682592 31.859730927444346 1.4479829940206654e-8 2.259937871882804e-7 3.256037479448658e-7 8.236920705511209e-8 3.5477283945187054e-6 4.905718092693273e-6 1.1198461735042301e-8 4.0195319584544393e-7 6.951867003150565e-7 8.084609849242794e-8 3.5306022778372453e-6 5.956555896884892e-6 3.815545465515144e-12 9507.350780127928 7.387780849070832e8
750 23872.449232719035 31.83719570211437 1.715794048138259e-8 2.27739887775809e-7 3.4417201952986443e-7 9.592919902687256e-8 3.453014825382583e-6 4.840253359017339e-6 1.3269668272410718e-8 3.949820303802028e-7 7.624335309592272e-7 9.415393482349513e-8 3.446666886020982e-6 6.005113365450395e-6 3.910747442870683e-12 9507.350780127912 7.387780849070779e8
800 25464.16399942 31.834822957109107 1.9110072387432817e-8 2.358759401641615e-7 3.5343430188111384e-7 1.1537638091328109e-7 3.2916348615015728e-6 4.712676662938454e-6 1.4779414902715648e-8 3.9812870645800823e-7 7.733165344708709e-7 1.1324253859463016e-7 3.3496785769465116e-6 5.951262908786062e-6 4.659702019009865e-12 9507.350780127952 7.387780849070797e8
850 27034.558658011538 31.852427470364173 1.9453044036884552e-8 2.5034087839493696e-7 3.5688283855731107e-7 1.249004082900907e-7 3.2697162388338515e-6 4.449809333890032e-6 1.504466352101105e-8 4.1739812395468976e-7 7.354986192905651e-7 1.2259329514300767e-7 3.412579186299147e-6 5.703871492521158e-6 4.07608162012297e-12 9507.350780128001 7.387780849070804e8
900 28628.066807458392 31.89052708874961 1.8247447953939846e-8 2.659181972709659e-7 3.558274498303964e-7 1.165344309961921e-7 3.2907919532646337e-6 4.2224548096306835e-6 1.4112275387913137e-8 4.453555800877824e-7 6.97042906603227e-7 1.1437974499907566e-7 3.5218389885755532e-6 5.7737798171508714e-6 4.548840763706698e-12 9507.350780128007 7.387780849070808e8
950 30223.99716689975 31.948871056639163 1.67861340221315e-8 2.8083365325232224e-7 3.5177974060395704e-7 1.176062961984473e-7 3.3038058620173713e-6 4.548703104128245e-6 1.2982119287200593e-8 4.7180310848996227e-7 6.762898331823893e-7 1.1543164440711199e-7 3.621989497522317e-6 6.284976824611597e-6 3.195580589902624e-12 9507.35078012793 7.387780849070837e8
1000 31823.354169981332 32.027121562337264 1.6775784786420492e-8 2.934999552924365e-7 3.4732953221960486e-7 1.0152453614107985e-7 3.022705644196908e-6 4.903926916928903e-6 1.2974115358068532e-8 5.022309154156662e-7 6.631841978258309e-7 9.964792190208691e-8 3.3917092288907895e-6 6.527179607350218e-6 3.810621489369744e-12 9507.350780127976 7.387780849070799e8
1050 33424.90867053407 31.997503894819797 1.8083057155477347e-8 3.023359999589213e-7 3.509621813089664e-7 9.189376133706315e-8 3.076429612661962e-6 5.2980959947312e-6 1.3985138254912837e-8 5.422213455941613e-7 6.539026950786162e-7 9.020063160004703e-8 3.494137130785466e-6 6.867842729842953e-6 4.321666366215425e-12 9507.350780127965 7.387780849070823e8
1100 35007.09018325004 31.926774179861322 1.985792458166122e-8 3.10714200298375e-7 3.6126911166024107e-7 1.498399420249432e-7 3.1065242807534653e-6 5.86698941866529e-6 1.5357791458556924e-8 5.719538165324454e-7 6.489872757335619e-7 1.470698025153699e-7 3.429063824499845e-6 7.433072252767995e-6 3.902140056887122e-12 9507.350780127992 7.3877808490708e8
1150 36602.03174881483 31.875286395347764 2.140109346111025e-8 3.2150526578422974e-7 3.7131349287872116e-7 1.4134042493187174e-7 4.426034830037728e-6 6.2452561026790896e-6 1.655125282524118e-8 5.899553924587706e-7 6.341368111994535e-7 1.3873253498172228e-7 4.29748018498464e-6 7.69943483014232e-6 2.815465234279299e-12 9507.350780127967 7.387780849070789e8
1200 38194.916272828224 31.844115173516485 2.22524989367327e-8 3.342215556481995e-7 3.7592344140676204e-7 1.395171599956791e-7 5.261185901468282e-6 6.515187425534806e-6 1.7209715782934293e-8 6.225036673871616e-7 5.995072941925549e-7 1.369382300897746e-7 4.965749037151712e-6 7.77325267257007e-6 3.8033121033187575e-12 9507.350780127997 7.387780849070808e8
1250 39786.762452199066 31.833343556489236 2.2135554796467536e-8 3.4607696436096736e-7 3.72782975092243e-7 1.3395217967662185e-7 5.31759856470244e-6 6.411525533054091e-6 1.711927311407521e-8 6.631834701784326e-7 5.533229666504487e-7 1.3147226777582052e-7 4.880500166246911e-6 7.373574392549816e-6 3.007758755263904e-12 9507.350780127976 7.387780849070808e8
1300 41378.58865255038 31.842880771348224 2.1360798046907765e-8 3.567454097434936e-7 3.6528084342611124e-7 1.1552389982919236e-7 4.785148367818303e-6 5.838335113672944e-6 1.6520089016660453e-8 7.028167778992788e-7 5.138461749072614e-7 1.1338752901337167e-7 4.340284970267347e-6 6.338519131852665e-6 3.791319962348779e-12 9507.350780127987 7.38778084907078e8
1350 42971.404467080276 31.872471058950424 2.1637455630535065e-8 3.670311401271658e-7 3.5229350428800665e-7 1.1190797359597133e-7 4.1017851112021446e-6 5.772177807857882e-6 1.6734051430091626e-8 7.3984370574298e-7 4.819116085242264e-7 1.098378961433401e-7 3.720912724704746e-6 6.033531192669457e-6 2.0118214028689017e-12 9507.350780127968 7.387780849070812e8
1400 44538.079402443895 31.847118195358505 2.2514426209669423e-8 3.8094922962898664e-7 3.5173620712294504e-7 1.1079690676879925e-7 4.963725899015163e-6 5.50468105130415e-6 1.7412286017124507e-8 7.712974087415126e-7 4.6718836893502347e-7 1.0874804064132574e-7 4.527029295793839e-6 6.036798446181396e-6 3.2100304114234023e-12 9507.350780127972 7.387780849070804e8
1450 46130.007161351285 31.83362030303202 2.3897707799470948e-8 3.9971248260454327e-7 3.6051014952145455e-7 1.130969225884374e-7 6.4557169355425754e-6 5.58901688043356e-6 1.848209319131457e-8 7.918054188605774e-7 4.7555347025762283e-7 1.1100357791965012e-7 5.835931725074719e-6 6.405011470333374e-6 3.4734459051146976e-12 9507.35078012799 7.387780849070785e8
1500 47721.77608839069 31.8403937887088 2.425858967365015e-8 4.1859726213465984e-7 3.781996190470399e-7 1.1867324757986179e-7 6.514224801220929e-6 5.3735543853918185e-6 1.876119328146968e-8 7.942263896958735e-7 5.065381600912786e-7 1.1647805496632458e-7 5.997880679678136e-6 6.386745890124818e-6 3.459523994333458e-12 9507.350780127963 7.387780849070792e8
1550 49314.40357012162 31.867561211378074 2.342290075588741e-8 4.3544427296917306e-7 3.9752241968868756e-7 1.3666429377115355e-7 5.52375418591989e-6 6.156865323406675e-6 1.8114885252503463e-8 7.85828502041978e-7 5.46437544297594e-7 1.3414356367123612e-7 5.203028354132626e-6 6.662760226055082e-6 2.4673370576728403e-12 9507.35078012799 7.387780849070826e8
1600 50908.90882549796 31.91507485366255 2.2206114649886936e-8 4.473594529384751e-7 4.1170248336365223e-7 1.2804024230561108e-7 5.3974847391203035e-6 6.58193555768103e-6 1.7173842939702678e-8 7.788800983049052e-7 5.720335795204517e-7 1.2567118781587334e-7 5.5663133347810405e-6 7.298622313076399e-6 1.956824877702143e-12 9507.350780128007 7.387780849070843e8
1650 52479.34423627414 31.981396296154067 2.1447143126699224e-8 4.549504512122641e-7 4.255077377510458e-7 1.0643589308547158e-7 7.233450423975745e-6 5.770557636288878e-6 1.6586866878631205e-8 7.707336279606075e-7 5.916010100025853e-7 1.0447185501762596e-7 7.579622597268225e-6 6.687454408486592e-6 2.6054706699664018e-12 9507.350780127967 7.38778084907081e8
1700 54080.46976829194 32.045428179203505 2.1750541981498342e-8 4.6091341753357736e-7 4.349170595030935e-7 9.945006323221904e-8 7.93658816567466e-6 5.602611668729679e-6 1.68215105489542e-8 7.568936226026645e-7 6.265468295287294e-7 9.761024712942839e-8 8.414106178542147e-6 7.04063953616039e-6 1.945711471199792e-12 9507.350780127976 7.387780849070822e8
1750 55680.56254762709 31.963186629094352 2.2960436796800345e-8 4.6833629385927286e-7 4.494427127099207e-7 1.2330641372069687e-7 8.617318874499604e-6 5.936632618615962e-6 1.775722325211967e-8 7.39841974603808e-7 6.736141114592782e-7 1.2102677470095406e-7 8.3705381188665e-6 8.150832619749676e-6 2.664477976635732e-12 9507.350780127985 7.387780849070767e8
1800 57277.0465423472 31.900760542486093 2.4343954767825303e-8 4.781704188171084e-7 4.648323025104017e-7 1.4461190228680722e-7 8.007427472154282e-6 6.940795265138506e-6 1.8827213239329615e-8 7.235739030036048e-7 7.22568996276887e-7 1.4193594980819072e-7 8.021793029256214e-6 9.12286838797752e-6 2.5427684667338444e-12 9507.350780128003 7.38778084907081e8
1850 58870.92300221912 31.85852787543165 2.4775750120861734e-8 4.898116886702896e-7 4.775775478571397e-7 1.363792979078028e-7 8.707398670710615e-6 7.779649295933018e-6 1.9161156644925766e-8 7.086858529590461e-7 7.775207971672551e-7 1.3386149091566762e-7 8.477764016341929e-6 1.0091746372079737e-5 1.9160393458974774e-12 9507.350780127972 7.387780849070822e8
1900 60463.20705712406 31.836671567506627 2.3669996326793942e-8 5.017180156520829e-7 4.866646994270099e-7 1.4864481962324927e-7 9.184411855096143e-6 8.37251739380527e-6 1.8305984892936677e-8 6.970302664371963e-7 8.416740095606329e-7 1.4589424890977823e-7 8.729337591316544e-6 1.0706329794633257e-5 3.647088813498803e-12 9507.350780127996 7.387780849070768e8
1950 62039.87534124738 31.83511299256086 2.229035188045904e-8 5.10663522934431e-7 4.981768627257686e-7 1.5798576041580313e-7 8.70872119195847e-6 9.45079163149675e-6 1.7238990624947208e-8 6.889176743581375e-7 9.077063411091609e-7 1.5506410541566816e-7 8.51108381088369e-6 1.1867353930109179e-5 3.5452800547755435e-12 9507.350780127983 7.387780849070783e8
2000 63632.02025089752 31.853657835517847 2.1952163826707372e-8 5.156974564880022e-7 5.140134792966155e-7 1.3658015002081346e-7 9.357408165453481e-6 1.0876549293987337e-5 1.6977441560412915e-8 6.797970055026087e-7 9.68108113466777e-7 1.3405327231543996e-7 9.203926542427766e-6 1.335509873868637e-5 3.2327875282353653e-12 9507.350780128008 7.387780849070833e8
2050 65225.32302764673 31.86261329973799 2.2454662672709857e-8 5.201890610298314e-7 5.344833583998218e-7 1.182737350593483e-7 1.1780099757862719e-5 1.2091829201720105e-5 1.736606588352694e-8 6.703354770239087e-7 1.0342412513647735e-6 1.1608639870969035e-7 1.0687042341635108e-5 1.4798705116373247e-5 2.0950561271587745e-12 9507.350780127994 7.387780849070795e8
2100 66817.75182665557 31.83835277024899 2.325814366044516e-8 5.257217642289062e-7 5.571603938087872e-7 1.2550783032215824e-7 1.2363293561430744e-5 1.2102613765083896e-5 1.7987464832577744e-8 6.644973245062563e-7 1.0906971586302184e-6 1.2318490036295791e-7 1.111395551529541e-5 1.5312341374660587e-5 3.784696908120548e-12 9507.350780127985 7.387780849070805e8
2150 68409.4798907754 31.83422973614201 2.4017061357402252e-8 5.358879546422455e-7 5.731579278559247e-7 1.3525706240219085e-7 1.0638180912581643e-5 1.191390500911832e-5 1.857439926502302e-8 6.698416618062163e-7 1.1106233000810715e-6 1.3275566655393134e-7 9.674174911207806e-6 1.552015503223481e-5 3.0064004500247282e-12 9507.350780127994 7.387780849070817e8
2200 69979.79435050802 31.85009697253424 2.4418456035307116e-8 5.480754607519115e-7 5.791683201067013e-7 1.2949556692747458e-7 1.0808639777568143e-5 1.1704345237292222e-5 1.8884831291813967e-8 6.82595086154282e-7 1.095138395258318e-6 1.271025663636693e-7 1.0013018500523495e-5 1.5630661752225945e-5 2.2731568420959756e-12 9507.350780128068 7.387780849070783e8
2250 71573.14111854623 31.886439324916882 2.425638443549496e-8 5.581164943422671e-7 5.829659144796173e-7 1.4003292500649279e-7 9.286256996080808e-6 1.1785417857950438e-5 1.8759487787855433e-8 6.980543625140861e-7 1.0702285509907185e-6 1.3744550785020232e-7 9.343582530424944e-6 1.6092284576384936e-5 3.8323203916349064e-12 9507.350780127967 7.387780849070811e8
2300 73168.82267439045 31.943046205049423 2.3545522099060756e-8 5.665639481919299e-7 5.850126595216696e-7 1.3340153401571772e-7 8.748654060528924e-6 1.2178077967151938e-5 1.820971857827331e-8 7.13747181079799e-7 1.0510690035841794e-6 1.3093506776285294e-7 9.582766165957284e-6 1.6881350808993342e-5 1.32969802901033e-12 9507.350780128028 7.387780849070766e8
2350 74767.84489053051 32.01959652892787 2.3638516105357692e-8 5.725983090530531e-7 5.822231285869866e-7 1.1688940590130684e-7 9.0931006895978e-6 1.2448633029617054e-5 1.8281638608690457e-8 7.33064691620524e-7 1.0276628517709499e-6 1.1473025382517427e-7 1.018827824650939e-5 1.661917345298446e-5 1.788520544446326e-12 9507.350780127967 7.387780849070785e8
2400 76369.50311173055 32.00459356071702 2.464459417640825e-8 5.811800962500387e-7 5.801227696964975e-7 1.257635458400936e-7 9.419112956199696e-6 1.3906386118656817e-5 1.9059722801621146e-8 7.703990563165177e-7 9.97671246705893e-7 1.2344422777624543e-7 1.0498792754613174e-5 1.806231640575745e-5 2.0878533522748163e-12 9507.350780127994 7.387780849070774e8
2450 77951.61231484408 31.9321837064096 2.5820457282803078e-8 5.925237677410104e-7 5.823589802058881e-7 1.4078604563326727e-7 9.134313440223074e-6 1.5246001610312215e-5 1.9969115940664934e-8 8.236427277415123e-7 9.60154111643967e-7 1.381852759433239e-7 9.94734896022386e-6 1.935765408424845e-5 4.110593006973316e-12 9507.350780127967 7.387780849070811e8
2500 79546.77985066798 31.878946626587943 2.6537909029026565e-8 6.056512592158182e-7 5.866038336325717e-7 1.2894290742715257e-7 7.927943865268677e-6 1.650857035051332e-5 2.0523981290653003e-8 8.816958438900059e-7 9.181635557130733e-7 1.265638920950103e-7 8.425154362881565e-6 2.03964007041824e-5 3.1944501047106103e-12 9507.350780127965 7.387780849070817e8
2550 81139.80240692646 31.846010254347632 2.6330624943348738e-8 6.196679886426735e-7 5.841271085703718e-7 1.636197682610276e-7 8.202076180850977e-6 1.710428019797388e-5 2.0363671197537117e-8 9.44114263767451e-7 8.746262461216301e-7 1.60594985659266e-7 8.241708822758404e-6 2.04760228231875e-5 3.4364758804864636e-12 9507.350780127968 7.387780849070857e8
2600 82731.69829671533 31.833473506677098 2.5833645161899718e-8 6.333332739954467e-7 5.738541457680225e-7 2.0973130226339654e-7 9.400792164003615e-6 1.6261436711656186e-5 1.9979315227939462e-8 1.004521754466412e-6 8.254539775960659e-7 2.0584885922825484e-7 9.303217940321427e-6 1.876387553844345e-5 4.165363147933545e-12 9507.35078012794 7.38778084907081e8
2650 84323.48626929114 31.841260487962593 2.5509855462852636e-8 6.451767557635203e-7 5.687399753088234e-7 2.0634999337678627e-7 1.0567470922100613e-5 1.4208943112572691e-5 1.972890161383487e-8 1.0559841926574074e-6 7.853241785653618e-7 2.0253224569348045e-7 1.0444298288762302e-5 1.5708295026384578e-5 2.508501651404718e-12 9507.35078012799 7.387780849070777e8
2700 85916.17701730506 31.8691290116656 2.5562578725570113e-8 6.522635266521359e-7 5.698574725893286e-7 1.3313558343364498e-7 1.1904976445439946e-5 1.6114775407770692e-5 1.9769676915861478e-8 1.0949530111714403e-6 7.628535346435015e-7 1.3067275278724216e-7 1.0864713023201352e-5 1.696337367607458e-5 3.1114130478145994e-12 9507.35078012794 7.387780849070797e8
2750 87483.20731246636 31.849230457618905 2.6228493438372637e-8 6.578451496064897e-7 5.688782390337534e-7 1.3735164788650539e-7 1.4732106293783155e-5 1.7051295398018715e-5 2.0284684374953472e-8 1.1164298956100888e-6 7.552882317134506e-7 1.3481084010537543e-7 1.3259115196918209e-5 1.8593089199022165e-5 3.3176744264807123e-12 9507.350780127985 7.387780849070836e8
2800 89075.19642539983 31.83399273620554 2.6902518862818936e-8 6.65596917371243e-7 5.716296307860208e-7 1.3188506691931595e-7 1.5197928614780615e-5 1.7658474880149895e-5 2.0805964525201802e-8 1.1285947402936026e-6 7.561990311888922e-7 1.2944489006695015e-7 1.3647144543164357e-5 2.0130556620903607e-5 2.3727764224668768e-12 9507.35078012801 7.387780849070795e8
2850 90666.93917386861 31.839007633631823 2.7345174678315674e-8 6.734677916468386e-7 5.835365081248627e-7 1.3466503297656414e-7 1.146187274431489e-5 1.8489693860750305e-5 2.1148307233501497e-8 1.1300529423639099e-6 7.661942238986543e-7 1.3217322544883217e-7 1.0978808267162878e-5 2.1901116107000617e-5 3.0366919012535736e-12 9507.350780127968 7.387780849070826e8
2900 92259.45239966824 31.86441295444405 2.6816809709031385e-8 6.815669439628743e-7 5.980300726197883e-7 1.349027353455153e-7 1.150149109960013e-5 1.8712890646125525e-5 2.0739678479234618e-8 1.115578520505978e-6 7.939333609496847e-7 1.3241469341481642e-7 1.2144634988330767e-5 2.290641514676821e-5 3.346952174222392e-12 9507.35078012798 7.387780849070855e8
2950 93853.75549800968 31.910174722640768 2.523893687731472e-8 6.906220409119345e-7 6.100644444822745e-7 1.4260914852296395e-7 1.2625232396390455e-5 1.8663085590096395e-5 1.951937764582207e-8 1.096071180089142e-6 8.340597829968856e-7 1.399699094663583e-7 1.306151067945879e-5 2.3506322242276494e-5 4.781533096752045e-12 9507.350780127996 7.387780849070787e8
3000 95423.59975188473 31.9747856621959 2.4385783881921153e-8 7.003483510272004e-7 6.199206821086983e-7 1.376549523887972e-7 1.512894551635534e-5 1.8354192902350808e-5 1.8859563186218682e-8 1.0717436429039607e-6 8.7425541380057e-7 1.351129157149409e-7 1.5842028391129398e-5 2.3674910425990298e-5 4.333939453336001e-12 9507.350780127996 7.387780849070791e8
3050 97024.42354704514 32.05347207369526 2.441728302537971e-8 7.078534905673687e-7 6.335280433407539e-7 1.95670448611069e-7 1.6051557705517408e-5 1.8853518329628483e-5 1.8883924104828742e-8 1.0451591256652334e-6 9.27016588820545e-7 1.9204983400391878e-7 1.7075534409707074e-5 2.483998844532858e-5 2.517294739443529e-12 9507.350780127957 7.387780849070789e8
3100 98624.87555488304 31.969537140467423 2.5025520272090727e-8 7.117918690492392e-7 6.551633659531288e-7 2.1702730611207262e-7 1.471342526917473e-5 2.078433403820463e-5 1.935432476293794e-8 1.0129181963138312e-6 9.992120727490254e-7 2.1301647580141674e-7 1.517738779485962e-5 2.845111616465595e-5 4.313135079785433e-12 9507.35078012796 7.387780849070821e8
3150 100221.63293930916 31.905374994891055 2.620865854318434e-8 7.110613020450275e-7 6.823113139878615e-7 1.9893287452039816e-7 1.4644495661305639e-5 2.246550201074735e-5 2.0269344394860186e-8 9.749172323656042e-7 1.065217500347874e-6 1.952510929202856e-7 1.4893187439652178e-5 3.0866327875212595e-5 3.708443240990162e-12 9507.350780127947 7.387780849070787e8
3200 101815.69530461177 31.861381879129762 2.6496020239054444e-8 7.092125193280313e-7 7.069414098123059e-7 2.2793128018717685e-7 1.4895857895234888e-5 2.3338227939329953e-5 2.0491585190931357e-8 9.474812228448463e-7 1.122616449259056e-6 2.2372538764216212e-7 1.4944148886294941e-5 3.137649238272048e-5 5.012073583301503e-12 9507.350780127977 7.387780849070843e8
3250 103408.07695927902 31.83775706767998 2.610469669995309e-8 7.129425265533865e-7 7.136482591234891e-7 3.0869230372637637e-7 1.533153141606978e-5 2.333859078957286e-5 2.018894201959007e-8 9.293894835758812e-7 1.1682433578487145e-6 3.0297961976015217e-7 1.5167080224263478e-5 3.061649935920195e-5 4.4421367456507066e-12 9507.350780127985 7.387780849070792e8
3300 104985.1921535486 31.83445651171046 2.5082572344246984e-8 7.204564469530399e-7 7.138473646647808e-7 3.2811990310094205e-7 1.6185011406279877e-5 2.1780006801179325e-5 1.9398447894399268e-8 9.149315670759746e-7 1.22004012049167e-6 3.220534727765624e-7 1.580690129423381e-5 2.779374534570923e-5 3.943990025214666e-12 9507.350780128012 7.387780849070834e8
3350 106577.2599188264 31.8512677770728 2.4386083514216438e-8 7.282083176447545e-7 7.183347949245088e-7 2.3233995432928416e-7 1.6209089305771474e-5 2.4052262450347323e-5 1.885979491691499e-8 9.009716577562723e-7 1.2736114822330276e-6 2.280412512726182e-7 1.5974112298175136e-5 2.9545574158125743e-5 2.855879361973464e-12 9507.350780127992 7.38778084907084e8
3400 108170.51506675576 31.865646647600286 2.417836082721928e-8 7.329937632265757e-7 7.247761031372684e-7 1.1989397062372843e-7 2.180975667990334e-5 2.6807033976424277e-5 1.869914561608644e-8 8.978476074227614e-7 1.3062800925408018e-6 1.1767616740974577e-7 1.970409148626967e-5 3.269288911875277e-5 3.532221562828509e-12 9507.350780128012 7.387780849070823e8
3450 109763.05174582184 31.839663373871463 2.439908489421107e-8 7.326132939180541e-7 7.38974471703153e-7 1.3244128564016902e-7 2.505370351193481e-5 2.6675780234570276e-5 1.8869849970224047e-8 8.986193283843768e-7 1.3250090898049448e-6 1.2999007851187753e-7 2.2446320503220428e-5 3.364133639399611e-5 4.702439336848836e-12 9507.350780127977 7.38778084907075e8
3500 111354.80081754459 31.833791275032976 2.5043999109199797e-8 7.328483260005037e-7 7.528127285552367e-7 1.2803996724820666e-7 1.9753086829972234e-5 2.6110979847203838e-5 1.9368615992012922e-8 8.979627089409519e-7 1.3351202916923139e-6 1.2567088855870122e-7 1.7915762051272454e-5 3.390520405330143e-5 5.248299998759139e-12 9507.35078012794 7.387780849070822e8
3550 112925.03570403637 31.847921267114987 2.5155070237124606e-8 7.372320901116654e-7 7.668123808573854e-7 1.502566383841834e-7 2.0159179106351388e-5 2.4763179368903346e-5 1.9454516569916248e-8 9.069020740607512e-7 1.3246463022553855e-6 1.4747921953721455e-7 1.8639030095920228e-5 3.2986299228982296e-5 4.171077793654392e-12 9507.350780127968 7.38778084907084e8
3600 114518.2287676 31.88250377478646 2.501370660182572e-8 7.439690957287805e-7 7.762813389252391e-7 1.7345697463724533e-7 1.5321941249992632e-5 2.3373032900876076e-5 1.9345188265487485e-8 9.27024073704229e-7 1.2886256385935953e-6 1.702546126766888e-7 1.4485770639482972e-5 3.184558189467714e-5 4.435272470196067e-12 9507.350780127988 7.38778084907081e8
3650 116113.66900981398 31.93736831429854 2.4341942404716136e-8 7.514972129502381e-7 7.793934316207062e-7 1.7141087395832187e-7 1.1420136896355008e-5 2.2436830940698823e-5 1.8825656910713393e-8 9.500730169152816e-7 1.252076641765663e-6 1.6824249771558186e-7 1.2483525315428048e-5 3.118685812551674e-5 3.189874559225577e-12 9507.350780127972 7.387780849070829e8
3700 117712.36362419851 32.012212259845704 2.4114073894999384e-8 7.587711486043369e-7 7.822375915452669e-7 1.8697651447798101e-7 1.7984985011561848e-5 2.336459422015086e-5 1.864942716241815e-8 9.77285058414413e-7 1.213911552083252e-6 1.8352471318819935e-7 1.7679666731572334e-5 3.1298833258715544e-5 3.639068686334294e-12 9507.350780127954 7.387780849070817e8
3750 119314.06277008484 32.011830254418406 2.4369814650906756e-8 7.674048488263352e-7 7.902869499392626e-7 2.393233918650989e-7 1.975584584150461e-5 2.509933120815505e-5 1.884721284739413e-8 1.0152979769436859e-6 1.1701956377875011e-6 2.3490657540165428e-7 1.9346606837631453e-5 3.266285173737035e-5 3.1063526668090285e-12 9507.350780128008 7.387780849070809e8
3800 120912.66559326704 31.937071436348077 2.4873712661807133e-8 7.75499509585801e-7 8.008663189975307e-7 2.1563000891878837e-7 1.092098299538436e-5 2.6275839992312227e-5 1.9236919260671884e-8 1.0569938414507617e-6 1.126167236171101e-6 2.1164508071208137e-7 1.1143069666635111e-5 3.342590301947351e-5 4.138714903005126e-12 9507.350780127994 7.387780849070779e8
3850 122491.52949350725 31.88275942268004 2.543615390768755e-8 7.852090374363419e-7 7.988762006085432e-7 2.0515896901736527e-7 1.1798825455198e-5 2.7111500354705563e-5 1.967190204613707e-8 1.0930555281396774e-6 1.0813547203607564e-6 2.0137280053230558e-7 1.2059209020676799e-5 3.358228823247675e-5 4.188948266177423e-12 9507.350780127968 7.38778084907084e8
3900 124084.69769705638 31.848056830756658 2.519138194527539e-8 7.980134820488541e-7 7.920010230131741e-7 2.7590120575009607e-7 1.4993758400467954e-5 2.7107671040839153e-5 1.9482599445559508e-8 1.1327734512283507e-6 1.0383410727319125e-6 2.7080096718217813e-7 1.4271609555697271e-5 3.254280206233136e-5 3.891694794892837e-12 9507.350780127967 7.387780849070829e8
3950 125676.65079406895 31.833751750919976 2.4615687771165235e-8 8.135788497209702e-7 7.881755758991413e-7 3.754515593646526e-7 1.3376400610163444e-5 2.5267378884634293e-5 1.903736706382694e-8 1.183180841447748e-6 9.979768925442242e-7 3.6850325128305717e-7 1.3267200759278144e-5 2.9260597825441e-5 4.084792386632135e-12 9507.35078012799 7.387780849070793e8
4000 127268.4078775611 31.839785439948255 2.4046190662310804e-8 8.333963674128384e-7 7.869618816169641e-7 3.3606380590992773e-7 1.3263529641668097e-5 2.4403324937468452e-5 1.8596927389808186e-8 1.2352300073615795e-6 9.671295008252253e-7 3.2984445663707207e-7 1.3111553044442727e-5 2.5652526957843745e-5 3.3006089819394623e-12 9507.350780127997 7.387780849070846e8
4050 128860.98076645867 31.86593000510126 2.3594563251393142e-8 8.49551985288541e-7 7.804562011910983e-7 1.6375659531862332e-7 1.7410128459004065e-5 2.9227372507198197e-5 1.8247646196930752e-8 1.2682116880514651e-6 9.468340650061775e-7 1.60727240092435e-7 1.5806147482739912e-5 3.084448385952201e-5 3.7290293667644565e-12 9507.350780127976 7.387780849070797e8
4100 130428.3362765058 31.851492868280424 2.3164401539783872e-8 8.537122388352961e-7 7.75947474313184e-7 1.5423771499174736e-7 2.5910178644518938e-5 3.0098619252494093e-5 1.791496622014246e-8 1.2795702913346298e-6 9.394199642438266e-7 1.5138410225318357e-7 2.323406736904227e-5 3.2643932735255066e-5 3.404269017852691e-12 9507.350780128012 7.387780849070836e8
4150 132020.39433796264 31.834518401675183 2.3569809061879996e-8 8.527066287062002e-7 7.790214502054529e-7 1.1679838629720915e-7 2.5671692724167893e-5 2.8523994392101177e-5 1.8228501714352264e-8 1.2816869755540705e-6 9.358554438117335e-7 1.1463847326017785e-7 2.294730963204442e-5 3.237537252255624e-5 2.608250457432623e-12 9507.350780127996 7.387780849070805e8
4200 133612.11862251713 31.837776281198188 2.3948286620754024e-8 8.483687019302145e-7 7.913801850982774e-7 1.3336904338585101e-7 1.471191405738967e-5 2.6777119692657388e-5 1.852121001751943e-8 1.272464436969082e-6 9.457555665727485e-7 1.3090092707748913e-7 1.3498421752635452e-5 3.1607110783302695e-5 4.54016062846438e-12 9507.350780127945 7.387780849070793e8
4250 135204.52530747314 31.861417999310163 2.3987883687383385e-8 8.409381328550623e-7 8.074338241666303e-7 1.471797855372055e-7 1.2310436621626104e-5 2.5117971863679306e-5 1.8551833736089974e-8 1.247097029139152e-6 9.74664668835306e-7 1.4446442256563514e-7 1.182534356509482e-5 3.0657734741475846e-5 3.990361934310264e-12 9507.350780127976 7.387780849070787e8
4300 136798.63384301946 31.905425246465384 2.3570638078494404e-8 8.405035985036043e-7 8.134284501597046e-7 1.643382176151561e-7 1.5346985464618906e-5 2.3309195652933277e-5 1.82291428624414e-8 1.2216104641824612e-6 1.0112992870506191e-6 1.6129662269598495e-7 1.518732931590835e-5 2.92864466294745e-5 3.268767780053657e-12 9507.350780128012 7.387780849070832e8
4350 138367.86448186514 31.968320557169577 2.3076415652393217e-8 8.477451491603882e-7 8.125346200171319e-7 1.5500002566815847e-7 1.878756139951827e-5 2.2632265003236294e-5 1.784691938560923e-8 1.195519883634884e-6 1.0492638546298486e-6 1.5213591831248409e-7 1.9124978689014083e-5 2.912187758729304e-5 3.4768306601011155e-12 9507.350780127963 7.387780849070833e8
4400 139968.3311634399 32.05192617093521 2.2396394649268106e-8 8.470167027882982e-7 8.352593010066922e-7 2.0951817764237056e-7 2.3737377538901996e-5 2.4027531100322597e-5 1.7321002354509425e-8 1.152955609245666e-6 1.1142454332602325e-6 2.0564125452676204e-7 2.3483754486867363e-5 3.157094995826367e-5 1.8630529976174488e-12 9507.350780127983 7.387780849070783e8
4450 141569.14136466788 31.976033118985143 2.243863965450522e-8 8.386778052421011e-7 8.699452252099428e-7 2.006244864601394e-7 1.9188122669572498e-5 2.5234629448287478e-5 1.7353673944651224e-8 1.1019922264971875e-6 1.1962603363429105e-6 1.969189352700082e-7 1.8581804764461163e-5 3.4438795104940944e-5 2.4995362624899013e-12 9507.350780127974 7.387780849070809e8
4500 143166.17956940332 31.91014030476586 2.3541722329367826e-8 8.303072734704202e-7 9.013452874330724e-7 1.900699638764668e-7 1.6248441405473646e-5 2.5994018393140335e-5 1.8206779898393814e-8 1.0559536115001282e-6 1.2730646313368968e-6 1.8655216031874624e-7 1.6539169171265218e-5 3.578283974667394e-5 2.868664086973068e-12 9507.350780127965 7.387780849070852e8
4550 144760.43541391622 31.86438754498358 2.5112169691962454e-8 8.231547516762234e-7 9.222075591067853e-7 1.6648510130256376e-7 1.7817362058980204e-5 2.5757513226879416e-5 1.9421337995887964e-8 1.0193821057909373e-6 1.3348793649662632e-6 1.6341405097040886e-7 1.791144768518721e-5 3.47047299933457e-5 2.7488939191533306e-12 9507.350780127976 7.387780849070874e8
4600 146352.9221973636 31.83899147889256 2.5315499629704746e-8 8.260242224001105e-7 9.288610296147367e-7 3.114276969402801e-7 2.076806984904891e-5 2.4325109622628034e-5 1.957859001701172e-8 9.98642143495034e-7 1.3887850817605705e-6 3.0566470316433563e-7 2.059930639630931e-5 3.1675288343956165e-5 2.6301250108686025e-12 9507.35078012797 7.387780849070848e8
4650 147930.5139574556 31.83394232788099 2.535202157021228e-8 8.310292345813896e-7 9.392804397656039e-7 3.747429275453236e-7 2.3079767731454202e-5 2.685636014259317e-5 1.9606835483577415e-8 9.827011955671581e-7 1.4388840307882232e-6 3.678105385805862e-7 2.2573528700733095e-5 3.1232863822772036e-5 2.0309123399303047e-12 9507.350780127952 7.38778084907076e8
4700 149522.51157262447 31.849015749332082 2.5148967671780003e-8 8.422220623674297e-7 9.403391512395311e-7 2.3813629702581418e-7 2.2863225217991478e-5 3.0208075653767088e-5 1.9449796946309358e-8 9.80861520353383e-7 1.4629947595422397e-6 2.3373079775157386e-7 2.2521964981046913e-5 3.716764236777276e-5 2.6163045661587886e-12 9507.350780127977 7.38778084907083e8
4750 151115.69537890863 31.86882273303315 2.4965358614790076e-8 8.44680908492101e-7 9.353886634700521e-7 2.1921168088903315e-7 1.994009051349589e-5 3.651587235917509e-5 1.9307796728738547e-8 9.793889816532429e-7 1.4694919458929338e-6 2.151564291382226e-7 1.978943783847686e-5 4.4369206063689077e-5 2.007132904587376e-12 9507.350780127992 7.387780849070802e8
4800 152708.34719595878 31.84112164512023 2.4616438430561707e-8 8.381043111255816e-7 9.41167279781621e-7 2.0765507948971407e-7 2.6764544210752844e-5 3.605291277424574e-5 1.9037947611533295e-8 9.740092799918584e-7 1.4814859939477842e-6 2.038124785777482e-7 2.38988354422334e-5 4.532803201004559e-5 1.926847396958463e-12 9507.350780127963 7.387780849070829e8
4850 154300.12477593558 31.833504636981953 2.4019555653778777e-8 8.366153452032875e-7 9.539027692793793e-7 1.3507902345737018e-7 2.032191090143017e-5 3.364348803927984e-5 1.8576328313172726e-8 9.80509647309757e-7 1.4852434166134606e-6 1.325788376655126e-7 1.8355804143883067e-5 4.3572171209123954e-5 2.6082667302931347e-12 9507.350780127974 7.387780849070823e8
4900 155870.2815701678 31.845898800898212 2.4237137995434984e-8 8.366167535653748e-7 9.607266340465068e-7 1.5116359362727554e-7 2.1501523596631858e-5 3.014975961923024e-5 1.8744602908971238e-8 9.958520028300949e-7 1.4612679574557014e-6 1.4836908539700486e-7 1.9790692054369955e-5 4.006099794807617e-5 2.808685194808485e-12 9507.35078012795 7.387780849070792e8
4950 157463.32861450614 31.878721830128207 2.442683404475613e-8 8.371052622070751e-7 9.683829785571668e-7 1.4813317200624976e-7 1.8574800441510666e-5 2.7312202127983214e-5 1.88913107062546e-8 1.0215176655728383e-6 1.4207064328561418e-6 1.454002886281156e-7 1.74193075877929e-5 3.711672332841748e-5 2.3999894313777582e-12 9507.35078012793 7.3877808490708e8
5000 159058.53519710412 31.931842787615786 2.4483073620686532e-8 8.44259561298433e-7 9.566750578079838e-7 1.9243151730913072e-7 2.0720625538005334e-5 2.7092943381675316e-5 1.893480546554226e-8 1.0579469112564029e-6 1.3706780630726733e-6 1.8887609039032722e-7 2.0825927067412137e-5 3.757724631754657e-5 1.6904553812144434e-12 9507.350780128008 7.387780849070791e8
5050 160656.90973981647 32.004976310594664 2.4289026539849764e-8 8.479829413446018e-7 9.537875859867898e-7 1.6037101411133973e-7 2.3723675462815095e-5 2.7408780557597953e-5 1.8784732653405844e-8 1.0919148003778207e-6 1.3291574796845106e-6 1.574122623463168e-7 2.3204867681758664e-5 3.683795420834486e-5 1.680487177270598e-12 9507.350780127967 7.387780849070774e8
5100 162258.58622118906 32.01920642459572 2.4386595935810128e-8 8.497222069161461e-7 9.565386370092764e-7 2.0654521183976056e-7 2.876778863160572e-5 2.809087782762424e-5 1.886019121617657e-8 1.1283278736031148e-6 1.2884550691494564e-6 2.0273118338311458e-7 2.8218371607260198e-5 3.66192622163014e-5 4.034076102393477e-12 9507.350780128007 7.387780849070833e8
5150 163857.51460604693 31.942744206906667 2.474872493196103e-8 8.551290039882587e-7 9.545982370552253e-7 1.5869908876109368e-7 1.7169920147759745e-5 2.8588606533261754e-5 1.914025581015378e-8 1.1704272441952534e-6 1.2428999842848042e-6 1.5576522753815878e-7 1.6399934608690912e-5 3.644413583944943e-5 1.6018716719516907e-12 9507.350780127996 7.387780849070804e8
5200 165436.27938216235 31.88671922763105 2.5366087488191785e-8 8.633182880560754e-7 9.473556052765975e-7 1.725667799278472e-7 1.777527200386654e-5 2.8106984475235753e-5 1.9617713832247116e-8 1.2074876249307527e-6 1.1987318318091841e-6 1.6937920581750376e-7 1.667391202871733e-5 3.490147169320188e-5 2.9789548349312394e-12 9507.350780128038 7.38778084907083e8
5250 167029.6006154719 31.850251523258915 2.5418026058699487e-8 8.772628359614238e-7 9.363397820409684e-7 1.9111430377376697e-7 1.841840720430496e-5 2.6228037882974742e-5 1.9657882266849695e-8 1.2488055356921016e-6 1.154914549688579e-6 1.8758215890080541e-7 1.8526055563110006e-5 3.1586629330844306e-5 2.5044611958623904e-12 9507.35078012798 7.387780849070735e8
5300 168621.61832401872 31.834177738745126 2.4712536744332712e-8 9.003510034131315e-7 9.263144731019972e-7 3.1776275141538044e-7 1.91009455256537e-5 2.575631935119001e-5 1.9112268462837896e-8 1.300701418913393e-6 1.1164340220849354e-6 3.1188447393180796e-7 1.8816701969722825e-5 2.9123361503509848e-5 3.1829849172530814e-12 9507.350780127983 7.387780849070822e8
5350 170213.35185213693 31.83845583807812 2.437344537459478e-8 9.208839336030346e-7 9.260778405608903e-7 2.822274299273365e-7 1.7078235275725004e-5 2.7993105558565037e-5 1.885002078855085e-8 1.3412586538506822e-6 1.1018572320325185e-6 2.7700385329364944e-7 1.6103350752181506e-5 3.078492763436254e-5 3.8727302118071715e-12 9507.350780127988 7.38778084907083e8
5400 171805.81405400156 31.86287275649032 2.4147714147764478e-8 9.284562946737366e-7 9.295029179629017e-7 1.5155982009971388e-7 1.5882077266188173e-5 3.7678211857195206e-5 1.86754439792599e-8 1.3575759561146575e-6 1.0980926370633803e-6 1.4875649386916084e-7 1.4561717368726054e-5 3.9895775495754984e-5 4.341777228740071e-12 9507.350780127968 7.387780849070781e8
5450 173373.46513178383 31.853898111278887 2.4015022950114078e-8 9.268681376960236e-7 9.249813413028426e-7 2.678891823376154e-7 2.1899143336628958e-5 4.076238641496902e-5 1.857282279514424e-8 1.3583724397017832e-6 1.0956023418817567e-6 2.629327966522298e-7 1.9570140668874942e-5 4.402670556585428e-5 3.644188415419378e-12 9507.350780128016 7.387780849070812e8
5500 174965.59936236488 31.83519006321965 2.4378888976635242e-8 9.270883653891756e-7 9.258167849807568e-7 1.5541354688768985e-7 2.2138538399396264e-5 3.8323744538055387e-5 1.885423078049547e-8 1.355752380054919e-6 1.0954400147356951e-6 1.5254012535628164e-7 1.9740663670712744e-5 4.331616782802443e-5 4.331435347271389e-12 9507.35078012798 7.387780849070754e8
5550 176557.3125385813 31.836692704105225 2.5329818753091197e-8 9.278358569664402e-7 9.325061941649513e-7 1.3920673866206222e-7 1.6071910794474185e-5 3.372104658157899e-5 1.9589664191063065e-8 1.3513873541810706e-6 1.1003058869845547e-6 1.3663063353240618e-7 1.4959839272936456e-5 3.964849055321713e-5 3.1147384547215046e-12 9507.3507801279 7.387780849070817e8
5600 178149.6200995671 31.85857205541142 2.6003029352831356e-8 9.22647514413142e-7 9.432811785690402e-7 1.706488792679772e-7 1.268421776348751e-5 3.035255423662302e-5 2.0110314169035778e-8 1.332653008978936e-6 1.1209272935631909e-6 1.6749909248508912e-7 1.2137693175048427e-5 3.6911645619719544e-5 3.59443366579154e-12 9507.35078012797 7.387780849070842e8
5650 179743.54152941017 31.900824718605147 2.6205941522113664e-8 9.20553339373964e-7 9.451972015272389e-7 1.4858197163629946e-7 1.422646375724324e-5 2.9992822866530892e-5 2.0267243094524377e-8 1.3139896715374347e-6 1.1456646682621855e-6 1.458322670050085e-7 1.4045644279213208e-5 3.757327891798961e-5 4.3268827752364895e-12 9507.35078012801 7.38778084907082e8
5700 181340.09158383284 31.963266911791195 2.6354009324886318e-8 9.25042888988392e-7 9.358879649359998e-7 1.4212991155389248e-7 1.728758259281975e-5 2.947266618888993e-5 2.0381756292108714e-8 1.2948862806586648e-6 1.1734328455283236e-6 1.3950259128988758e-7 1.7577583130055983e-5 3.7863376859396615e-5 3.913431507628013e-12 9507.350780127985 7.387780849070796e8
5750 182912.24487472276 32.043915902540526 2.5842649397464218e-8 9.220432335637868e-7 9.471061617948024e-7 2.2184354460295458e-7 2.775077562377044e-5 3.0043562187865054e-5 1.9986278956556485e-8 1.258163787318771e-6 1.2330009856740137e-6 2.1773917425236562e-7 2.7401935656513738e-5 3.9411161340408365e-5 3.339100997639078e-12 9507.350780127936 7.387780849070835e8
5800 184513.35968093717 31.982677638856877 2.523869001469326e-8 9.14615936870994e-7 9.65012998010998e-7 1.51553026473518e-7 2.3935637970506193e-5 3.02742243015949e-5 1.95191867271598e-8 1.2157801525544704e-6 1.3082697013626283e-6 1.487558381151128e-7 2.3247107120440857e-5 4.118423489811353e-5 3.223274605425687e-12 9507.35078012799 7.387780849070826e8
5850 186110.6862138848 31.915057211086157 2.5710819967309842e-8 9.041453728051738e-7 9.849055599932108e-7 1.2886083684415657e-7 1.439322534872192e-5 2.986152761690653e-5 1.9884324248269958e-8 1.172705837471357e-6 1.3862975558913841e-6 1.264762923172502e-7 1.4770856776910158e-5 4.117258088665396e-5 5.234485297411858e-12 9507.350780127983 7.387780849070793e8
5900 187705.14320236281 31.86754799276907 2.7289532554650162e-8 8.978249316971419e-7 9.94890655328405e-7 1.7331745430487505e-7 1.5719690439010316e-5 2.7457960297204096e-5 2.1105274533752925e-8 1.1393544372954271e-6 1.4470054097156212e-6 1.701212503611306e-7 1.6181212042885718e-5 3.7066561333061387e-5 4.6017983951740586e-12 9507.350780128016 7.387780849070818e8
5950 189297.7428943456 31.84038198343818 2.7931050677502635e-8 9.043415895459922e-7 9.975328703384799e-7 2.3833327978433586e-7 2.1529231920248e-5 2.4963495275425186e-5 2.1601414072146847e-8 1.1247823655474864e-6 1.497657496546592e-6 2.3392383091962676e-7 2.1397864715981787e-5 3.1834371866134626e-5 3.781387774074154e-12 9507.350780127967 7.387780849070851e8
6000 190875.84012187782 31.83358309526238 2.8379527975897792e-8 9.107140351372046e-7 1.0124839399450496e-6 3.3359585629699895e-7 2.6635277991640722e-5 2.5582252521272322e-5 2.194825902032368e-8 1.1144120484059795e-6 1.5491930784607309e-6 3.2742199149608144e-7 2.610293946595279e-5 3.003836355193453e-5 4.6328048950383265e-12 9507.350780127994 7.387780849070817e8
6050 192467.7752846858 31.846916398022092 2.9155251658724863e-8 9.274136314917335e-7 1.0045678860862553e-6 1.6376817177720117e-7 2.691322976212935e-5 2.890973271235348e-5 2.254819092759965e-8 1.118111308318877e-6 1.5550374882353025e-6 1.6073923323762572e-7 2.6510592149966412e-5 3.560337593084951e-5 4.053896925110181e-12 9507.350780128005 7.3877808490708e8
6100 194060.86442657758 31.872137667748277 2.9575852893846032e-8 9.321035584109917e-7 9.918105120301198e-7 1.9164797995818524e-7 2.2436448119036724e-5 3.677869949543143e-5 2.2873476986610886e-8 1.1114066726931786e-6 1.5500623414206491e-6 1.8810298275278432e-7 2.2265101646687745e-5 4.450311385981683e-5 3.856087861639224e-12 9507.350780127954 7.387780849070799e8
6150 195653.63837243247 31.84272025527056 2.9809919668770626e-8 9.187964882836071e-7 1.0038172185748758e-6 2.0851114046467855e-7 2.2095397326425465e-5 3.617718470876933e-5 2.305450037152969e-8 1.0907155873474717e-6 1.5584245722988882e-6 2.0465411283894355e-7 1.9703029422925655e-5 4.533199278607215e-5 4.242983735346907e-12 9507.350780128001 7.387780849070797e8
6200 197245.45147271157 31.833358101412898 2.9782359346006517e-8 9.177777675918643e-7 1.0185889567104438e-6 1.5103795224442204e-7 1.6416483905616915e-5 3.242814266048791e-5 2.3033185672555878e-8 1.0878473079969889e-6 1.5614387084508022e-6 1.4824180646114871e-7 1.4842531415048042e-5 4.187271603241463e-5 4.2551261609698456e-12 9507.350780127954 7.38778084907087e8
6250 198815.53082070954 31.844017416000202 3.028970452406628e-8 9.179499132984525e-7 1.0272980748695936e-6 1.7151488250012346e-7 1.8934080845219125e-5 2.8799947022793992e-5 2.3425558069010774e-8 1.0955671193287447e-6 1.5419357876543458e-6 1.6834426820573904e-7 1.7353258080480978e-5 3.814976068152988e-5 4.031634694703189e-12 9507.350780127954 7.387780849070812e8
6300 200408.43891348166 31.875081362332196 3.00755411841964e-8 9.136472312125327e-7 1.0395278808846925e-6 1.566838831113897e-7 1.8900849781886116e-5 2.8119854990493087e-5 2.325992767224645e-8 1.1057094559837563e-6 1.5138960854051667e-6 1.5379288101813852e-7 1.759999336515801e-5 3.814074023771515e-5 3.808757768227618e-12 9507.350780127987 7.387780849070827e8
6350 202003.4188944169 31.926458060476705 3.0367361375316007e-8 9.170877599817607e-7 1.03166555489987e-6 1.803840732665774e-7 2.2619296196588047e-5 2.7068185028978107e-5 2.34856165966345e-8 1.1265053671195534e-6 1.4653960649264843e-6 1.7705021844110335e-7 2.2644533694971533e-5 3.7481296553814195e-5 5.001219585340249e-12 9507.35078012797 7.387780849070796e8
6400 203601.48039392987 31.99788045976934 2.991272448987818e-8 9.281210114828889e-7 1.0172380264742985e-6 2.232390608580411e-7 2.4175571586893967e-5 2.6802239639338157e-5 2.3134007925419874e-8 1.1673409784292835e-6 1.4056551757243899e-6 2.1912387298437e-7 2.3595613395856678e-5 3.6139946452053876e-5 3.2865343934375402e-12 9507.350780128003 7.387780849070848e8
6450 205203.07090040485 32.026725212629366 2.9632001972554228e-8 9.393415353791096e-7 1.0014478158312751e-6 2.382117407070999e-7 2.8483853229721574e-5 2.6546439554298083e-5 2.2916901758452416e-8 1.2137624996648651e-6 1.3434715528888574e-6 2.3381001600559627e-7 2.797697738756892e-5 3.466568166374564e-5 4.377839562781237e-12 9507.350780127985 7.387780849070829e8
6500 206802.33211080826 31.948564902875837 3.0416606822106866e-8 9.52364952704796e-7 9.758665609723185e-7 1.4973717464367432e-7 1.867323930410606e-5 2.5892921096973764e-5 2.3523702212795568e-8 1.2507253588477502e-6 1.2809171396962997e-6 1.4696848617586682e-7 1.7832353151031098e-5 3.30766336412081e-5 4.844077836128476e-12 9507.350780127974 7.387780849070805e8
6550 208381.02876983673 31.890832781113062 3.142208810016682e-8 9.572025919862126e-7 9.66339600297048e-7 1.5850409718181455e-7 2.0132112468818726e-5 2.4879819606484552e-5 2.4301324855575633e-8 1.2713185552679223e-6 1.2449036185192525e-6 1.5557413252675228e-7 1.8881169885727672e-5 2.9816764855942962e-5 4.699153654866122e-12 9507.350780127967 7.387780849070821e8
6600 209974.51083033634 31.85260407083915 3.215618648351247e-8 9.644930482870396e-7 9.636700263976886e-7 1.6385896727450696e-7 1.7212143727230093e-5 2.5039624293279248e-5 2.4869064442089845e-8 1.3011485804732747e-6 1.2104785476336091e-6 1.608316930597169e-7 1.5910085300276135e-5 2.9066512381061786e-5 2.765052869641374e-12 9507.350780127968 7.387780849070814e8
6650 211566.6011030974 31.834763290273912 3.2086155564186974e-8 9.859566212040941e-7 9.57226723094402e-7 3.067556552518108e-7 2.1552705576726416e-5 2.3927298327871453e-5 2.4814903683217202e-8 1.3499028768134399e-6 1.1710958446923921e-6 3.010837695180857e-7 2.1259766967949932e-5 2.700067133707124e-5 3.3191169677037132e-12 9507.350780128025 7.387780849070795e8
6700 213158.31902011947 31.83728408207009 3.240878306315086e-8 1.0092107516316754e-6 9.544385024994172e-7 2.7148321796496144e-7 2.2020256223530863e-5 2.750114423618565e-5 2.5064418471740722e-8 1.3856188517889057e-6 1.151023512564431e-6 2.66458728857984e-7 2.1550706077089688e-5 2.80033902652708e-5 3.6233744695979204e-12 9507.35078012794 7.387780849070771e8
6750 214750.67836216866 31.85997011604459 3.2147584123939605e-8 1.0187343973616776e-6 9.564622505463434e-7 1.7323575050046285e-7 2.1096028448428223e-5 3.0062830486463048e-5 2.486241151834751e-8 1.395454367178203e-6 1.1513105233847612e-6 1.7003246002447218e-7 1.9342643579032862e-5 3.191980122850633e-5 3.6261083101638735e-12 9507.350780127974 7.387780849070836e8
6800 216318.593017349 31.856449481056444 3.216588582578063e-8 1.016739956145631e-6 9.50061358473219e-7 2.1643724328298998e-7 2.0521267789072396e-5 3.3344830244974913e-5 2.4876565752516586e-8 1.3892715070949732e-6 1.1489411018373006e-6 2.1243341516124305e-7 1.8297166093146826e-5 3.584188832005551e-5 3.301212035005481e-12 9507.350780127928 7.387780849070784e8
6850 217910.8107391107 31.836008183697658 3.256303851162184e-8 1.0198078476442648e-6 9.498818698440558e-7 1.603531691215971e-7 2.009853709767833e-5 3.054516876155319e-5 2.5183717092167102e-8 1.3851045849546783e-6 1.145187924847939e-6 1.5738668447535518e-7 1.800151731655531e-5 3.439099062803435e-5 3.702406966967438e-12 9507.350780128021 7.387780849070809e8
6900 219502.5201218055 31.835755473623774 3.3068494406910016e-8 1.0208658513050315e-6 9.667923282872006e-7 1.655484235274724e-7 1.9006637252278565e-5 2.614574520989067e-5 2.557462834781413e-8 1.3794620179618701e-6 1.1617696024465156e-6 1.624854135508194e-7 1.7305269699277286e-5 3.0612494932300816e-5 2.55107911231984e-12 9507.350780128023 7.387780849070833e8
6950 221094.73585869564 31.85587152273724 3.383078398330959e-8 1.0121163502551706e-6 9.921641008742593e-7 2.0820159226426917e-7 1.1842998474680893e-5 2.5626440414286405e-5 2.6164170537601273e-8 1.3547134514441145e-6 1.1896710420153334e-6 2.043570347307833e-7 1.1674350146645919e-5 3.1076856323609676e-5 3.900083933100124e-12 9507.350780127972 7.387780849070784e8
7000 222688.47743148994 31.89636835978762 3.423648104330453e-8 1.0075123151253871e-6 1.0049287357122855e-6 1.7937936562217625e-7 1.4165303935897872e-5 2.4540969249908895e-5 2.647792995515674e-8 1.3308425875912453e-6 1.218511835878246e-6 1.7606057335014046e-7 1.3684669432871959e-5 3.067154420257939e-5 2.8915437288524125e-12 9507.350780128012 7.387780849070811e8
7050 224284.7603538164 31.957078170131286 3.458383169189607e-8 1.012695606945088e-6 9.96470588729628e-7 2.1134743398195699e-7 1.740515505211976e-5 2.4035495714323163e-5 2.6746565219225754e-8 1.3118917294846937e-6 1.2427413064157184e-6 2.074397456297875e-7 1.6768988939702494e-5 3.081619080140418e-5 2.2901294356096004e-12 9507.35078012799 7.387780849070812e8
7100 225856.17289527552 32.0360440731157 3.367128356165361e-8 1.0107450777642362e-6 1.0070081507607268e-6 2.504551335008347e-7 2.9183813361083622e-5 2.4192759017863983e-5 2.604081554103857e-8 1.2850798419053508e-6 1.3021931949117627e-6 2.4582290822826556e-7 2.8757010893711185e-5 3.168153768760693e-5 2.5840785589832376e-12 9507.350780127996 7.387780849070786e8
7150 227457.52816273423 31.989466937971926 3.3150560685022314e-8 1.005124624520507e-6 1.0143905450866825e-6 1.7126595335046548e-7 2.208015643370611e-5 2.438006448913207e-5 2.5638097053985862e-8 1.2575958427193321e-6 1.3532122470434997e-6 1.6810764567513623e-7 2.151182208804343e-5 3.218520049990184e-5 3.118439094647266e-12 9507.350780127976 7.387780849070785e8
7200 229055.15040601286 31.920124467476594 3.3240387742867733e-8 9.932210969140436e-7 1.027433168888218e-6 1.6158725348992308e-7 1.7665141473064323e-5 2.424705776064295e-5 2.5707567819709413e-8 1.2306800440081499e-6 1.4057188803169454e-6 1.5859805257139583e-7 1.813843719496712e-5 3.2036829109240624e-5 2.3378242325420844e-12 9507.350780127987 7.3877808490708e8
7250 230649.8161752695 31.870863566259246 3.434935001766168e-8 9.864666994362093e-7 1.0393080606214403e-6 2.2170435913327398e-7 1.6194245283436348e-5 2.5029202814493787e-5 2.6565220958743392e-8 1.2073118410573746e-6 1.4684596704177393e-6 2.176144257895119e-7 1.639052619291133e-5 3.236297523588611e-5 2.695185821648257e-12 9507.350780127988 7.38778084907082e8
7300 232242.5366691954 31.8419327498747 3.439818624713586e-8 9.987742552258308e-7 1.0382981722695214e-6 1.7969984801874466e-7 2.0604850503343718e-5 2.457289149868376e-5 2.6602990093083356e-8 1.2052999329695881e-6 1.5167763531602302e-6 1.7637661635669847e-7 2.0503772223861757e-5 3.136487431848794e-5 1.929358203612698e-12 9507.350780127992 7.387780849070805e8
7350 233821.1696264183 31.833385920237397 3.4953232705359874e-8 1.0018130320917372e-6 1.0606638341913693e-6 3.198062394422868e-7 2.5130478507208132e-5 2.545462518597656e-5 2.7032253872734684e-8 1.1952935728596414e-6 1.5669874684775708e-6 3.138860047622313e-7 2.4657316629319366e-5 3.078294851220323e-5 2.3084526765456902e-12 9507.350780128023 7.387780849070785e8
7400 235413.05040165843 31.844976552043114 3.5467664509048394e-8 1.0226989488761105e-6 1.0518730256874705e-6 1.7169835906701138e-7 2.4751766231287587e-5 2.7738320490112047e-5 2.7430106947593723e-8 1.2079882516165006e-6 1.56284018796984e-6 1.6852437762381094e-7 2.4361570475295403e-5 3.420126024234254e-5 1.904837874502946e-12 9507.350780127974 7.387780849070796e8
7450 237006.02175650245 31.875603847312277 3.588198080863597e-8 1.0289846028658e-6 1.045467039875479e-6 1.8842980475472645e-7 2.0476444536708322e-5 3.532997599654883e-5 2.7750532341857996e-8 1.2081117529411667e-6 1.5599716410575733e-6 1.8494406959314925e-7 2.03110456984267e-5 4.260846362636526e-5 2.0087621050927164e-12 9507.350780128016 7.38778084907083e8
7500 238598.92543235977 31.844471436139703 3.619703223718427e-8 1.015399963599943e-6 1.0692311970685665e-6 1.6150553696119187e-7 2.0640547237144646e-5 3.3749900313723846e-5 2.7994187922897767e-8 1.190400375918381e-6 1.586607978380006e-6 1.5851956421159598e-7 1.8463225697905754e-5 4.2178063649182104e-5 2.1686994360176773e-12 9507.350780128001 7.38778084907084e8
7550 240190.7816815505 31.833364150281746 3.6386809451272475e-8 1.0207028511148046e-6 1.079595486179483e-6 1.8710000700644764e-7 2.2445430907013203e-5 2.8854119002318533e-5 2.814095849057627e-8 1.192587230022798e-6 1.5847846840625498e-6 1.836361726233908e-7 2.0263971859215614e-5 3.7168971373589936e-5 2.5493561035597856e-12 9507.350780128028 7.387780849070809e8
7600 241782.59926616086 31.842550206504132 3.7193374589774735e-8 1.0223686265785915e-6 1.0900961051190893e-6 2.2238527315759268e-7 2.1221730394060082e-5 2.747642318085422e-5 2.8764742669844124e-8 1.2024299147843152e-6 1.5627167400232435e-6 2.1827456228195907e-7 1.9521795043827287e-5 3.6329636335016246e-5 3.30067311615442e-12 9507.350780127985 7.387780849070846e8
7650 243353.55923119426 31.87158990077569 3.711870145925196e-8 1.0141261035358956e-6 1.117336615555892e-6 2.006295398745666e-7 2.070301286044578e-5 2.6497539289148078e-5 2.8706991703088506e-8 1.206360124412667e-6 1.5559675561926634e-6 1.9692788205323094e-7 1.924238183665878e-5 3.587251697788023e-5 3.322601274307379e-12 9507.35078012797 7.387780849070793e8
7700 244948.32003767017 31.921221221853962 3.703180866534063e-8 1.0216483125583283e-6 1.1084464311923212e-6 2.3006358345713972e-7 2.5336296444721983e-5 2.4866862952956498e-5 2.8639790248420208e-8 1.2319462942407679e-6 1.5102913138512943e-6 2.2580889207545622e-7 2.524212821411444e-5 3.4375793449038035e-5 2.889935108729484e-12 9507.350780128021 7.38778084907086e8
7750 246546.0758117325 31.990929392382096 3.658755264059745e-8 1.0394445999315756e-6 1.086079654263406e-6 2.1820658773493714e-7 2.7886392290459642e-5 2.4563243823174763e-5 2.829620996394058e-8 1.2765465352658994e-6 1.4401295520358696e-6 2.1418535420405142e-7 2.7179852910244982e-5 3.322796680545846e-5 2.1339631008014363e-12 9507.350780127972 7.387780849070792e8
7800 248147.51762261832 32.03438917918555 3.5971353645176196e-8 1.0519372167323567e-6 1.0697974849029885e-6 1.9470970132800827e-7 2.9909612751093227e-5 2.7271506648838992e-5 2.7819651820721316e-8 1.3175015329100407e-6 1.382180588586721e-6 1.911096361027161e-7 2.952189728108768e-5 3.336249821231601e-5 3.0168891461981733e-12 9507.350780127972 7.387780849070885e8
7850 249747.11898431767 31.954532997374635 3.669809314843075e-8 1.0610731324405726e-6 1.0465472186144748e-6 1.8656671415311645e-7 2.0050743499076785e-5 2.6985049914588586e-5 2.83817001705957e-8 1.3523018709442365e-6 1.331308706473577e-6 1.831169229715207e-7 1.9216076790441475e-5 3.246542626967572e-5 3.575420982044656e-12 9507.350780127974 7.387780849070805e8
7900 251325.77651326056 31.895094846602106 3.7962914238033754e-8 1.0677371899935958e-6 1.034483353676532e-6 2.2254306961065688e-7 2.1530248535453633e-5 2.7202565024812723e-5 2.935989194690904e-8 1.3862274159207256e-6 1.2952008791013151e-6 2.1842691075252754e-7 2.023087108452472e-5 3.2256837468757446e-5 4.39507802611881e-12 9507.350780128008 7.387780849070818e8
7950 252919.4268924758 31.855107606951726 3.908806613040275e-8 1.0720724507751197e-6 1.0468744252322107e-6 1.7129650961254598e-7 2.0217447230883752e-5 2.6546579509041418e-5 3.023006586831136e-8 1.4242152232952273e-6 1.2734505884927107e-6 1.6813269646946192e-7 1.8625789352212685e-5 3.0883795879256056e-5 2.479781967055878e-12 9507.35078012801 7.387780849070743e8
8000 254511.59733453096 31.835502200054613 3.9442943455339934e-8 1.0914974795098335e-6 1.04300001515235e-6 2.6248041807644254e-7 2.638366673741031e-5 2.5783171836827198e-5 3.05045221406554e-8 1.470506732172985e-6 1.2338405163918325e-6 2.576250846202729e-7 2.6048987016062762e-5 2.925673247494469e-5 2.6951121151624103e-12 9507.350780127976 7.387780849070826e8
8050 256103.3073677788 31.836267538101204 3.9902056344213365e-8 1.1117786794982785e-6 1.0395568647938875e-6 2.437995442646735e-7 2.8740218901230515e-5 2.6060818645221302e-5 3.0859592479457834e-8 1.501326921660789e-6 1.2152770846357274e-6 2.392882479021869e-7 2.811286898201241e-5 2.8689111447262544e-5 3.114765257079994e-12 9507.350780127968 7.38778084907083e8
8100 257695.57158712353 31.857221546679803 3.9985026814618696e-8 1.119797006319689e-6 1.049224415451349e-6 1.7823103590405388e-7 2.392322227618242e-5 3.37628801508892e-5 3.092376047374052e-8 1.5005527440451026e-6 1.2236477956559958e-6 1.7493473170682896e-7 2.3560062126583468e-5 3.594528864958442e-5 3.685184537183605e-12 9507.350780128003 7.387780849070837e8
8150 259263.71895589892 31.859154457981436 4.0342694196875704e-8 1.118358426937677e-6 1.0468452262023992e-6 1.914026218382346e-7 1.8984268146226804e-5 3.754029892858114e-5 3.120037452922804e-8 1.4930670423948025e-6 1.2246711100798948e-6 1.8786304483154394e-7 1.873462647339207e-5 4.018030271797109e-5 3.1234396489597793e-12 9507.350780128003 7.387780849070798e8
8200 260856.0278775909 31.836980626135258 4.061127737471889e-8 1.1249549219994145e-6 1.0400411805527744e-6 1.887601652124671e-7 1.963169352386246e-5 3.4012506891327366e-5 3.1408092330896394e-8 1.491490155578863e-6 1.2177098331012865e-6 1.8526712238687796e-7 1.8044770096884847e-5 3.8145946589540775e-5 1.9276619972111333e-12 9507.350780127968 7.387780849070812e8
8250 262447.7411983951 31.834973192443762 4.106598293386238e-8 1.1287929238968556e-6 1.0511674911837758e-6 3.0106500211546336e-7 2.860102988725049e-5 3.0155477618277256e-5 3.175975411371367e-8 1.4769755252035427e-6 1.2378337522613883e-6 2.954964462121796e-7 2.5996557225310527e-5 3.519451811925075e-5 4.036657265238748e-12 9507.350780128005 7.387780849070826e8
8300 264039.87286577147 31.853326114132535 4.1313739525440386e-8 1.1198727693770542e-6 1.0910274075221067e-6 2.3017050809203872e-7 1.439279796321286e-5 2.9066022118145717e-5 3.1951364976136435e-8 1.445176634572885e-6 1.2873520490901114e-6 2.259190812747795e-7 1.4434939446131174e-5 3.515105768534231e-5 3.3587241529619197e-12 9507.35078012797 7.387780849070833e8
8350 265633.4422987087 31.892065866759033 4.1689069069635044e-8 1.1162999698005535e-6 1.1075066301687922e-6 2.0087917986422607e-7 1.770642508382568e-5 2.734177354566634e-5 3.224163865791688e-8 1.4264712020986204e-6 1.3155934383205398e-6 1.9716420005834904e-7 1.7449671318696245e-5 3.4090555753475236e-5 4.2245169103474794e-12 9507.350780128007 7.387780849070817e8
8400 267229.4657592693 31.951042112523528 4.176993255356996e-8 1.1230746831059514e-6 1.1036571792359098e-6 2.322505536548763e-7 2.077226123394827e-5 2.6222584249758718e-5 3.2304177142214155e-8 1.408221268991715e-6 1.3391975203048952e-6 2.2795601261565732e-7 2.0024780710576346e-5 3.3551781394652594e-5 4.212555400644346e-12 9507.350780127976 7.387780849070795e8
8450 268800.11466864974 32.02832021507037 4.072703990780161e-8 1.1266530474922729e-6 1.108520058820816e-6 2.2585147856388766e-7 2.9863016036473604e-5 2.63047107350912e-5 3.1497621165148955e-8 1.3823739897908038e-6 1.390450332068518e-6 2.2167637285089095e-7 2.9494733468142453e-5 3.438880529087858e-5 5.672931678766191e-12 9507.350780127967 7.387780849070843e8
8500 270401.64711442054 31.99640603281252 4.018942481914217e-8 1.128595928486143e-6 1.1085495774483155e-6 2.07169581982303e-7 2.3246224656115702e-5 2.5161955534042087e-5 3.1081838520402525e-8 1.3597514616359287e-6 1.435541293467712e-6 2.0335310846458222e-7 2.2813970746823546e-5 3.400734855199019e-5 3.515179091737393e-12 9507.350780127976 7.387780849070809e8
8550 271999.57257479546 31.925341866320554 4.050525499159286e-8 1.1200538220643085e-6 1.1229986858543234e-6 1.8701924892425002e-7 1.7952943415383287e-5 2.4427321681388475e-5 3.132609636833266e-8 1.3349204940344958e-6 1.4958631732304256e-6 1.8356116961778834e-7 1.8462945159168782e-5 3.273315651062987e-5 4.162856170187666e-12 9507.350780127996 7.387780849070823e8
8600 273594.4546432939 31.874329580703087 4.1409879751638114e-8 1.1111220396275835e-6 1.1540666619791584e-6 1.9845552277371367e-7 1.8586348845991598e-5 2.361767179490504e-5 3.202571824209794e-8 1.313479482447742e-6 1.564914077071154e-6 1.9479385249711888e-7 1.8786203492214682e-5 3.0586151776180553e-5 4.762863339609767e-12 9507.350780127968 7.387780849070812e8
8650 275187.30344309605 31.843633238571186 4.130305416925574e-8 1.12927324913639e-6 1.1508177030748417e-6 1.8481869776419894e-7 2.3878135176454442e-5 2.3680673747623126e-5 3.194310109836794e-8 1.3178722060591922e-6 1.606085694101348e-6 1.8140259204374264e-7 2.3793249928514327e-5 3.0265951614604478e-5 4.069007711935858e-12 9507.350780127994 7.38778084907081e8
8700 276766.5010562492 31.833336382070314 4.136518896162539e-8 1.134961475524583e-6 1.1693884873599268e-6 3.232833555226774e-7 2.577615847620235e-5 2.8454037164919026e-5 3.1991155120956455e-8 1.3030787404917533e-6 1.6635558059938616e-6 3.172982764405455e-7 2.475337848502544e-5 3.567379428586736e-5 4.187642608428138e-12 9507.350780127963 7.387780849070836e8
8750 278358.3348511684 31.843185515387542 4.137191950498963e-8 1.1482514485569548e-6 1.1711845937625524e-6 2.0277558338802348e-7 2.2796553457176705e-5 2.8867657592565433e-5 3.1996360414171457e-8 1.3100005627361808e-6 1.6811034084355106e-6 1.9902604135777193e-7 2.2752484015921403e-5 3.5638331694812716e-5 3.8714877310457544e-12 9507.350780127976 7.387780849070814e8
8800 279951.17382127524 31.87308577650876 4.174460704616644e-8 1.1573476843912251e-6 1.1604848039296974e-6 2.062496496745596e-7 2.0672499194807176e-5 3.73777054306536e-5 3.228459081243282e-8 1.3205082820488817e-6 1.6694914887744917e-6 2.0243435455533646e-7 1.8927020512213944e-5 4.507130952805936e-5 3.352821890731644e-12 9507.350780127965 7.387780849070805e8
8850 281544.2063214394 31.84637586509208 4.216283400252101e-8 1.1488580136222367e-6 1.1796961271920653e-6 2.013845796722772e-7 2.1922078720246685e-5 3.654836367285913e-5 3.260804064506216e-8 1.3175202293720267e-6 1.679609391986514e-6 1.976612797124567e-7 1.9688080666510342e-5 4.551749070289485e-5 4.347549308086253e-12 9507.350780128012 7.387780849070852e8
8900 283136.11344208 31.833525410691426 4.2079085929643594e-8 1.1584803560245323e-6 1.1854392255803794e-6 2.7535352912392476e-7 3.003798833013389e-5 3.1708548037855326e-5 3.254327126610665e-8 1.330634653841031e-6 1.6708132348027273e-6 2.7025641814117637e-7 2.7078300984189938e-5 4.073126707212568e-5 3.655104633141411e-12 9507.350780128007 7.387780849070826e8
8950 284727.8942443385 31.840951191937904 4.299944410735772e-8 1.1699913464651991e-6 1.189333127454852e-6 3.394742417860719e-7 3.0062851727973758e-5 2.7970989075041644e-5 3.3255061105517606e-8 1.3507490190974163e-6 1.6349918319640526e-6 3.3319576852280297e-7 2.7591052297516653e-5 3.690223500942159e-5 4.032362187290768e-12 9507.350780127977 7.387780849070793e8
9000 286298.6887487504 31.868252561081672 4.344855571078423e-8 1.1675041625757868e-6 1.2135668065247911e-6 2.2276701273723166e-7 2.5052157963949443e-5 2.635302741615569e-5 3.360239661552733e-8 1.3609823438950608e-6 1.6183282145248304e-6 2.1865784984303853e-7 2.33150717797835e-5 3.5611541157710726e-5 5.102664597769718e-12 9507.350780127992 7.387780849070823e8
9050 287893.2380268461 31.91613619134104 4.400089308240986e-8 1.176204420225701e-6 1.1990210007381151e-6 2.5470337036242456e-7 2.9135107659135104e-5 2.411628894074088e-5 3.40295652317199e-8 1.390182113702964e-6 1.5630767945164366e-6 2.499910659187712e-7 2.9024198563478833e-5 3.3283021573364764e-5 4.543192645268531e-12 9507.350780127965 7.387780849070848e8
9100 289490.6956084995 31.98412746340663 4.3374294311020065e-8 1.1946642638359409e-6 1.1711982420078127e-6 2.8659625525560787e-7 3.156947060969909e-5 2.363780571661427e-5 3.3544964073750545e-8 1.43950000968674e-6 1.490521170476054e-6 2.8130960092294314e-7 3.224144063728749e-5 3.20785396105672e-5 5.1764443114887925e-12 9507.350780128016 7.387780849070779e8
9150 291091.92555044935 32.04219967297022 4.2710435664134724e-8 1.210608703368746e-6 1.148028402122119e-6 2.1931564018101893e-7 3.159662991596978e-5 2.381831151880156e-5 3.3031546740813846e-8 1.4869936831709784e-6 1.424989662421325e-6 2.1525884040581855e-7 3.1308608536189104e-5 3.120955545649965e-5 4.127849956759042e-12 9507.350780128032 7.387780849070855e8
9200 292691.8744947501 31.96065142027211 4.3195097288343004e-8 1.2215040466181597e-6 1.125731414276537e-6 2.115970418947381e-7 2.11892159108994e-5 2.3508609938738662e-5 3.340637605080668e-8 1.5313216593168894e-6 1.3758825131913613e-6 2.0768481131014572e-7 2.039545882826989e-5 2.922649945177109e-5 4.4835631409914035e-12 9507.350780127983 7.387780849070834e8
9250 294270.52168755856 31.899509444039662 4.4462915336399514e-8 1.2312006142432633e-6 1.1129566039095533e-6 2.3405119544852338e-7 2.2235494298572962e-5 2.3885153372625715e-5 3.438688562535099e-8 1.5763095535121162e-6 1.3440665454291717e-6 2.2972055804933703e-7 2.0947003974536955e-5 2.8404922261590317e-5 4.848044585184956e-12 9507.350780128045 7.387780849070797e8
9300 295864.34803888394 31.857764606072983 4.5792133265248483e-8 1.2358865863145151e-6 1.1197846784150863e-6 1.9651067060820936e-7 2.1504363730220513e-5 2.335129838962817e-5 3.541488085552325e-8 1.6158275656174593e-6 1.3289897036750617e-6 1.9288232063624858e-7 2.1256408252279186e-5 2.7251096055668835e-5 3.1268090883127744e-12 9507.350780127983 7.387780849070797e8
9350 297456.60633598827 31.83639471806373 4.588667525393243e-8 1.2490952726297102e-6 1.1257775778276198e-6 2.956366584529998e-7 3.194838849320721e-5 2.5760704671305337e-5 3.548799807102091e-8 1.656416493040789e-6 1.3079980985813957e-6 2.901664117168898e-7 3.1617092297775616e-5 2.9243333268897404e-5 3.830938634332052e-12 9507.350780127965 7.387780849070785e8
9400 299048.3161481268 31.835403940920294 4.647225254214469e-8 1.261480600897016e-6 1.1199755872782947e-6 3.2876826846139273e-7 3.7048319578927505e-5 2.4774324336635217e-5 3.5940873890062234e-8 1.6812592556542123e-6 1.2925506155606516e-6 3.226869449320891e-7 3.625872351836167e-5 2.73161177778399e-5 3.2516621319746725e-12 9507.350780127977 7.387780849070791e8
9450 300640.49284576316 31.854623828781655 4.651341766885441e-8 1.2633796437368943e-6 1.1273294335196106e-6 2.0951018624480302e-7 3.306970792785247e-5 3.5175554868256845e-5 3.5972710322120026e-8 1.6826060698659e-6 1.3053806379481443e-6 2.0563428690238735e-7 3.262075221443749e-5 3.75576661756645e-5 2.440798893859647e-12 9507.350780128003 7.387780849070821e8
9500 302233.8076736671 31.861477860702486 4.731502056287807e-8 1.2630540360026094e-6 1.1188775932359113e-6 2.5341033721225253e-7 2.4635353647988413e-5 4.0585769765875524e-5 3.659265678158813e-8 1.675757635515019e-6 1.310856531506779e-6 2.487244256451269e-7 2.442570368383807e-5 4.3266700428202155e-5 2.3903453684568983e-12 9507.350780127988 7.387780849070795e8
9550 303801.2493593727 31.83810277197281 4.711116903130953e-8 1.2709597159620027e-6 1.116335636799554e-6 2.3085464583352465e-7 2.3222057523104182e-5 3.7790455816020984e-5 3.643500136904602e-8 1.6747773990695699e-6 1.3251939529879503e-6 2.265819905006856e-7 2.094216965789912e-5 4.222445078520093e-5 2.8090767006878533e-12 9507.350780127992 7.387780849070795e8
9600 305392.9741031987 31.834340320452334 4.759657453501186e-8 1.2773124740865843e-6 1.128226491782156e-6 3.649771676479336e-7 3.777786964621419e-5 3.265967113471805e-5 3.6810405981834505e-8 1.6586842181831885e-6 1.3505619470772782e-6 3.5822824951837283e-7 3.427665025497722e-5 3.803057599958537e-5 4.07199043154493e-12 9507.350780127992 7.387780849070822e8
9650 306985.02917706606 31.85093026163709 4.769946063040673e-8 1.2684210532892874e-6 1.170344829822953e-6 2.795897622926562e-7 2.32118938390652e-5 2.9279860371126078e-5 3.6889976392051364e-8 1.6255130363140978e-6 1.4012396721685517e-6 2.744238422918286e-7 2.149950798490346e-5 3.531638075360543e-5 2.96310219711165e-12 9507.350780127952 7.387780849070822e8
9700 308578.4339649934 31.88791316755144 4.857814262571585e-8 1.2562590130372873e-6 1.1967638356975538e-6 2.485696753748843e-7 2.0136203792591812e-5 2.7064375870927882e-5 3.756953456000808e-8 1.5821700219495284e-6 1.4522505584028682e-6 2.4397559218628313e-7 2.144124293149864e-5 3.3667807808162885e-5 3.360188710407966e-12 9507.350780127987 7.387780849070843e8
9750 310174.2053987606 31.94515336695182 4.8257607968510116e-8 1.2621583878743973e-6 1.1835373000557856e-6 2.5311728144218896e-7 2.162987961239562e-5 2.7972235084491596e-5 3.7321638340722066e-8 1.5581637688939669e-6 1.497619226816743e-6 2.4843712680155694e-7 2.26148646130049e-5 3.287878169455379e-5 2.615433489507872e-12 9507.350780128005 7.387780849070812e8
9800 311744.06896701176 32.020739165187955 4.7329092004648917e-8 1.2687508077129425e-6 1.1793243769844378e-6 2.7378849153428816e-7 3.3838067137366464e-5 2.530250754772667e-5 3.660353940331078e-8 1.527689363358039e-6 1.5463245281683126e-6 2.6873055028428314e-7 3.33069336887338e-5 3.301965447494468e-5 1.8384426891613385e-12 9507.35078012803 7.387780849070837e8
9850 313345.715707691 32.003500340163015 4.6782299034242466e-8 1.2700848930864097e-6 1.1738878727540918e-6 2.1853817830392615e-7 2.8229388408135912e-5 2.5078692257487512e-5 3.618065873582766e-8 1.5025698767149413e-6 1.5921194387286291e-6 2.1450845348004934e-7 2.7731604828853335e-5 3.3784737590980244e-5 2.124326217083743e-12 9507.350780127965 7.387780849070793e8
9900 314943.9521554217 31.93071463005522 4.73359319411216e-8 1.263894866213025e-6 1.1871042896877192e-6 2.101570434559399e-7 1.791469813936283e-5 2.4227706509736416e-5 3.6608829296871736e-8 1.473360129471597e-6 1.6572963571141216e-6 2.0627391178425844e-7 1.846209518245035e-5 3.357234100406784e-5 2.6475944052413764e-12 9507.350780127988 7.38778084907084e8
9950 316539.0582515952 31.877949272198112 4.8207110627289815e-8 1.2505158554560133e-6 1.2307117267656578e-6 2.2758798993281433e-7 2.1790594278800828e-5 2.3092140540241925e-5 3.728258452928131e-8 1.4377205205233587e-6 1.7558444486179356e-6 2.2338881358238253e-7 2.205394376250051e-5 3.135379358209818e-5 2.8127409659842355e-12 9507.350780127983 7.387780849070822e8
10000 318132.042991361 31.845485274965185 4.798629217350539e-8 1.2590004409950636e-6 1.2457591070586346e-6 2.1455547758040838e-7 2.6512410238996405e-5 2.5094294441999798e-5 3.711180717820985e-8 1.4292007001661942e-6 1.8234006875855874e-6 2.1058911005122472e-7 2.6453732344512204e-5 3.201781837721406e-5 3.300597495214395e-12 9507.350780128003 7.3877808490708e8
10050 319711.8334354463 31.833435446300197 4.7657605637804274e-8 1.2662074993836806e-6 1.2580827319878244e-6 3.743856302636532e-7 3.053774660514245e-5 3.2561347011884765e-5 3.685760643145137e-8 1.413834863814612e-6 1.881039699884976e-6 3.674549529300735e-7 2.7598732054116198e-5 4.090658165815211e-5 3.977519775685325e-12 9507.350780127934 7.387780849070858e8
10100 321303.6276525043 31.84154229637775 4.774203271252652e-8 1.2768076869889323e-6 1.2509353845395373e-6 2.342728277958014e-7 2.4650193577198795e-5 3.251008332243412e-5 3.692290093947796e-8 1.4177387215138576e-6 1.8907383452824387e-6 2.2993878382083534e-7 2.4217501925310856e-5 4.003558722026848e-5 2.8081960517660474e-12 9507.350780127992 7.38778084907087e8
10150 322896.34063074447 31.86972906453171 4.7653675394845775e-8 1.2820458941718052e-6 1.2384315194941215e-6 2.3777100153456368e-7 2.2430934934381958e-5 4.11833952318376e-5 3.6854566845855435e-8 1.4265327564879685e-6 1.875278905541195e-6 2.3337264257313733e-7 2.0741924408200015e-5 4.976936073711985e-5 2.3409830819355174e-12 9507.35078012798 7.387780849070846e8
10200 324489.4795489048 31.848425141681812 4.841306396444001e-8 1.2662892437659978e-6 1.2606154535660114e-6 2.655323930537421e-7 2.4732009827811795e-5 4.1463438734448436e-5 3.7441865444426824e-8 1.4219450233005464e-6 1.8764578861023494e-6 2.606208827666573e-7 2.2167715740387212e-5 5.151234577399366e-5 2.1151712972053207e-12 9507.350780127917 7.387780849070767e8
10250 326081.44484846696 31.83383395531169 4.769825515255171e-8 1.2737395068964164e-6 1.2712117107057003e-6 2.77990433251074e-7 3.091387508305986e-5 3.7417679818874043e-5 3.688904409561187e-8 1.4469351969750315e-6 1.8550013820571832e-6 2.728461606601691e-7 2.78623112323236e-5 4.795118256653344e-5 3.238340402578185e-12 9507.35078012799 7.387780849070845e8
10300 327673.19630419835 31.83950240269566 4.882908886924284e-8 1.290614120133961e-6 1.2651833504497295e-6 3.8968578456147866e-7 3.54965879452021e-5 3.17548077061753e-5 3.7763612246933016e-8 1.4826025513494496e-6 1.7874301695603704e-6 3.824757360372418e-7 3.2486293153676966e-5 4.183632421082085e-5 2.346714957743965e-12 9507.350780127987 7.387780849070789e8
10350 329243.8262298045 31.865066313454562 4.9205225205497345e-8 1.2954545747551276e-6 1.2857413213285807e-6 2.638835270798947e-7 2.5883876281308748e-5 2.9146910610124308e-5 3.805450988762445e-8 1.509081377419933e-6 1.7414913521140066e-6 2.590171206467498e-7 2.413172148624164e-5 3.931408762180536e-5 1.8014228887244806e-12 9507.350780128027 7.387780849070798e8
10400 330838.1715082758 31.91120067748472 4.9914134025058274e-8 1.3087638786612034e-6 1.2616889693878473e-6 3.0268516446324677e-7 2.8930277059166986e-5 2.6244943458246513e-5 3.860276828040881e-8 1.5458969096270574e-6 1.666002097586237e-6 2.9708364545281693e-7 2.879669659708696e-5 3.615995774886443e-5 1.407976710047324e-12 9507.35078012797 7.387780849070835e8
10450 332435.3382768702 31.9774709294478 4.897240641131874e-8 1.3271715483138332e-6 1.2360767472498492e-6 2.7438903498675124e-7 3.171114927836032e-5 2.51818788215843e-5 3.7874451671266325e-8 1.5918947850580298e-6 1.5938198083593062e-6 2.6932344989702255e-7 3.231563261759901e-5 3.428318955673481e-5 3.2131538434145454e-12 9507.350780127974 7.387780849070793e8
10500 334036.29300049593 32.05016181975727 4.795644591680474e-8 1.3433685889772993e-6 1.2187538584033287e-6 2.8170033269037815e-7 3.345783706353847e-5 2.4860702403301768e-5 3.708872457599887e-8 1.6386922717840837e-6 1.522110519193748e-6 2.76488184999567e-7 3.317890103747944e-5 3.263150308295209e-5 3.1132118869081043e-12 9507.350780128016 7.387780849070796e8
10550 335636.5971592378 31.96692277003662 4.7435057448720564e-8 1.3596202498087961e-6 1.2041050296263476e-6 2.465374154658822e-7 2.082498935146661e-5 2.4473553909128916e-5 3.668549133094621e-8 1.6971404292231305e-6 1.4663266076765827e-6 2.419803208143696e-7 2.009196111498382e-5 3.14554406023809e-5 2.492605699059355e-12 9507.350780128027 7.387780849070832e8
10600 337215.2632066489 31.904075646891215 4.8171270189374784e-8 1.369992326091305e-6 1.2056837625247203e-6 2.1344985628253218e-7 2.1240287128420608e-5 2.4011968644346117e-5 3.725486612551921e-8 1.7422602435760242e-6 1.4292812390689771e-6 2.0949952285222497e-7 2.007079904102158e-5 3.0102272447046447e-5 2.7690626939168563e-12 9507.35078012799 7.38778084907081e8
10650 338809.2731134367 31.86057316223423 4.8533341047028376e-8 1.3740385672263049e-6 1.2190371669748513e-6 2.0172543797804442e-7 2.2870689426162006e-5 2.2541965420129548e-5 3.753488575682344e-8 1.7788625295312277e-6 1.422389307991317e-6 1.9800252009080678e-7 2.30095637827528e-5 2.635603432416889e-5 3.1401470905697735e-12 9507.350780128003 7.387780849070851e8
10700 340401.62680303765 31.837437070627942 4.771997759092482e-8 1.3905604828228164e-6 1.218424347089495e-6 3.419822845678041e-7 3.561659733841671e-5 2.5674788609442232e-5 3.690584387199139e-8 1.8208907037804249e-6 1.3974378050526388e-6 3.3565359034602944e-7 3.531065918145979e-5 2.9218850547820628e-5 1.9456109623554554e-12 9507.35078012797 7.387780849070834e8
10750 341993.3438235888 31.834687605993192 4.779054208002553e-8 1.405616235142621e-6 1.2078097871988928e-6 3.805115638193861e-7 4.083245766921095e-5 2.6421120845862736e-5 3.696041728368722e-8 1.8502971008729248e-6 1.3748372530392586e-6 3.7347750114857786e-7 3.9947170198206984e-5 2.751863614216052e-5 4.520556617683316e-12 9507.350780127996 7.387780849070839e8
10800 343585.4403392857 31.85217278246688 4.7549911714340306e-8 1.4088296994204735e-6 1.2131760615436422e-6 2.193850756585769e-7 3.497888157398706e-5 3.7904895482142866e-5 3.677431772635374e-8 1.8469712385617445e-6 1.3853308056279008e-6 2.1532605443539385e-7 3.447410783536185e-5 4.0581103170649687e-5 3.6438495570299e-12 9507.350780127992 7.387780849070808e8
10850 345178.71670410386 31.864455129696907 4.8367808062667506e-8 1.4057716884861505e-6 1.2013908565087775e-6 2.903196829306457e-7 2.54846027691937e-5 4.475241364103915e-5 3.7406865276779595e-8 1.8375880507850651e-6 1.3904205568849708e-6 2.8494971601289904e-7 2.5234183111263903e-5 4.747668710005545e-5 3.250421565667433e-12 9507.350780127974 7.387780849070796e8
10900 346746.4742047337 31.839374993101696 4.812823866818984e-8 1.4055966969231156e-6 1.20851384406983e-6 2.3203833940968238e-7 2.8304769059204044e-5 4.1390718509641475e-5 3.722158625669606e-8 1.828911152016205e-6 1.4088253415245587e-6 2.2774372799698252e-7 2.5406856111935975e-5 4.606266366441272e-5 2.896982693171651e-12 9507.350780127985 7.387780849070814e8
10950 348338.21797275404 31.83386117560785 4.835617248160021e-8 1.4103335441141298e-6 1.2229447646331749e-6 3.6139660718225075e-7 3.43104599969729e-5 3.5063247400297934e-5 3.739786651023956e-8 1.8125478968989706e-6 1.431509433661383e-6 3.5471040825427286e-7 3.113056590525866e-5 4.0683340741007285e-5 4.214450710280406e-12 9507.350780127988 7.387780849070865e8
11000 349930.20415921335 31.848688551348484 4.871003930317401e-8 1.4073907284900542e-6 1.2515975755990302e-6 3.374931349590797e-7 2.6286886469581512e-5 2.901938171320604e-5 3.767154127511663e-8 1.776563230703752e-6 1.4793588624081346e-6 3.312552464549424e-7 2.42970718913628e-5 3.4902059399582e-5 4.010341178110184e-12 9507.350780128001 7.387780849070817e8
11050 351523.4519755493 31.883913183624173 4.904953909229072e-8 1.3951013433545365e-6 1.2774303740300073e-6 2.997408977750152e-7 2.2395851603615322e-5 2.632445655778661e-5 3.7934104814707e-8 1.728271378024672e-6 1.535060698468105e-6 2.942053132805343e-7 2.3915454412572526e-5 3.2668757884601024e-5 3.2452027635786463e-12 9507.350780127977 7.387780849070798e8
11100 353118.9789380284 31.93941372626837 4.950129911966411e-8 1.3958785735582383e-6 1.263878033219503e-6 2.8646669132795883e-7 2.2643282843210634e-5 2.8775884645471205e-5 3.828348857247022e-8 1.6960027471403128e-6 1.5741075150953098e-6 2.811709805574288e-7 2.4762896967301565e-5 3.4513122786028937e-5 3.528222268051005e-12 9507.350780127957 7.387780849070809e8
11150 354688.0348307877 32.0133015551838 4.8127418050635007e-8 1.4002325180905209e-6 1.2652959020012078e-6 3.4816020753537207e-7 3.743153669066081e-5 2.4596686833474206e-5 3.7220951604528963e-8 1.6701946156643942e-6 1.6174979611432948e-6 3.4173224194899274e-7 3.673286825945531e-5 3.0517315745126337e-5 3.792964478487542e-12 9507.350780127963 7.387780849070802e8
11200 356289.73174156144 32.01074348429409 4.838714425593819e-8 1.3939172194204267e-6 1.2791887732501722e-6 2.727690368452969e-7 3.2896252324072306e-5 2.5286982633048787e-5 3.7421819569350766e-8 1.6325395712621708e-6 1.6786637602724295e-6 2.67735455105553e-7 3.2305466511105404e-5 3.188805765357125e-5 3.1320585216684067e-12 9507.35078012801 7.387780849070826e8
11250 357888.2867577575 31.93624118515607 4.894391769493163e-8 1.3842884120801413e-6 1.302258916591682e-6 2.3010950536493837e-7 1.9078369262360072e-5 2.4394057627838926e-5 3.785241896743872e-8 1.6022666154641565e-6 1.7496221540809211e-6 2.258572658953e-7 1.943017244959315e-5 3.1961790406522095e-5 5.168005876086426e-12 9507.350780127997 7.387780849070785e8
11300 359483.6246491655 31.881725554878695 5.0831952412578895e-8 1.3674398828499828e-6 1.3360841732577535e-6 2.833316990892119e-7 2.28180851172465e-5 2.3506826751766665e-5 3.9312593889331425e-8 1.5632250806160602e-6 1.827127859701624e-6 2.781043169826066e-7 2.3118457387546055e-5 3.054020474893014e-5 4.150291607418514e-12 9507.350780127976 7.387780849070759e8
11350 361076.75316373166 31.847493493244777 5.054944297488266e-8 1.3695041249739978e-6 1.3520578086458084e-6 2.705442038549576e-7 3.004367871585355e-5 2.419300433909643e-5 3.909410574791467e-8 1.5530912567426243e-6 1.8864418618858476e-6 2.655428303337558e-7 3.0033166934782866e-5 3.094875400592568e-5 4.246716920993692e-12 9507.350780127983 7.387780849070855e8
11400 362668.69009154994 31.833659220420852 5.0211396063778086e-8 1.3759654041816828e-6 1.3667543133795751e-6 4.1434428477326354e-7 3.197418471668126e-5 3.339157767237129e-5 3.883266584053905e-8 1.5374076113755724e-6 1.949238523707804e-6 4.066755468680507e-7 3.1305660475261125e-5 4.203415388034028e-5 4.13463711560633e-12 9507.350780127968 7.387780849070817e8
11450 364248.92784189596 31.840045465527353 5.092439260928247e-8 1.3824730331589798e-6 1.3661569790335373e-6 2.664024554990218e-7 2.796491985061894e-5 3.444087505911833e-5 3.9384085612738507e-8 1.5384714190443574e-6 1.9623396730503807e-6 2.614724659452031e-7 2.7457772936215752e-5 4.26221175484084e-5 3.93397934431875e-12 9507.350780127987 7.387780849070839e8
11500 365841.52205196035 31.86651554734419 5.0773056797555316e-8 1.3834777793850677e-6 1.3546580626404804e-6 2.3167627306300374e-7 2.134515243154939e-5 4.7036022902195604e-5 3.926704499179753e-8 1.5480501421664075e-6 1.9545405143969733e-6 2.273904369222971e-7 2.1003732762108927e-5 5.6937407687818e-5 4.640954726473384e-12 9507.350780127974 7.387780849070834e8
11550 367434.74386600265 31.85062718830942 5.206861393234276e-8 1.3656775063533445e-6 1.3629825224578474e-6 2.798157676954799e-7 2.589837077038649e-5 4.715804855762015e-5 4.0269007517977456e-8 1.5415181654606272e-6 1.948744629873452e-6 2.746389969238982e-7 2.3120872573100087e-5 5.839541534669423e-5 4.463530771088049e-12 9507.350780127987 7.38778084907081e8
11600 369026.775044303 31.834297545557007 5.142900386206942e-8 1.3659572426037687e-6 1.3784385716532602e-6 2.5082664797850076e-7 2.6818223930659314e-5 4.000124843937306e-5 3.9774343635732925e-8 1.550121462231915e-6 1.940600304663e-6 2.4618721562072e-7 2.4035268173115082e-5 5.113296979197314e-5 3.950754749052058e-12 9507.35078012799 7.387780849070868e8
11650 370618.5049102468 31.83820846019379 5.265060311427206e-8 1.3756421102222308e-6 1.374720239074902e-6 3.6465941557564574e-7 3.1162852351020944e-5 3.2369412111545005e-5 4.071910835613385e-8 1.5705997361229228e-6 1.8908709043012772e-6 3.579112488494544e-7 2.8481555412254028e-5 4.255854122020823e-5 4.886114942351903e-12 9507.350780127968 7.387780849070809e8
11700 372188.97069769935 31.862034081340603 5.276413108520496e-8 1.3746362210278565e-6 1.3936351358616629e-6 2.591989956259394e-7 2.4597584297990835e-5 3.0301822723015583e-5 4.08069090175287e-8 1.591652350059621e-6 1.8534285610326758e-6 2.5441723921335237e-7 2.4639492989866983e-5 4.079321740077866e-5 4.727013270675568e-12 9507.350780127992 7.387780849070783e8
11750 373783.11964966136 31.906417757610445 5.364411623163846e-8 1.3844945130302047e-6 1.3691036741341395e-6 2.8815501125605945e-7 2.9353072318746127e-5 2.9963933629722677e-5 4.14874750206348e-8 1.6357064126444523e-6 1.7762689393206421e-6 2.828217893777179e-7 2.9158998640302215e-5 3.906042011717275e-5 3.1321968409827556e-12 9507.35078012796 7.387780849070842e8
11800 375380.00314041233 31.97096324614056 5.357604902082984e-8 1.4049359448246942e-6 1.3396278427894678e-6 2.918908899601597e-7 3.223078748319431e-5 3.148135515934203e-5 4.143483296164135e-8 1.683440110018518e-6 1.6956068133799794e-6 2.864985777587848e-7 3.280269192667866e-5 4.028785788537897e-5 4.245105189882724e-12 9507.350780127976 7.387780849070839e8
11850 376980.6199456922 32.05527042791715 5.2326106565085725e-8 1.416911566603721e-6 1.3416562268074139e-6 3.3424348132574863e-7 3.932509474889975e-5 2.672417681854471e-5 4.046814807349049e-8 1.715565972322792e-6 1.6559160134198637e-6 3.2805858442487484e-7 3.89724528004433e-5 3.281418335207411e-5 5.279402727054814e-12 9507.350780128005 7.387780849070857e8
11900 378581.28651380516 31.97334052154056 5.206325107170913e-8 1.4319436321103922e-6 1.3322814205906537e-6 2.6441617052783235e-7 2.366307051022486e-5 2.677101042091579e-5 4.0264859969587975e-8 1.765739180922194e-6 1.6061825697170337e-6 2.595311340031704e-7 2.3054105072288848e-5 3.235003824808552e-5 3.2848300506057194e-12 9507.350780127977 7.387780849070827e8
11950 380160.0 13.699948746536393 5.3023415955809005e-8 1.4403128567864485e-6 1.330292900119029e-6 2.4497943097922854e-7 2.3564526520578124e-5 2.7599701623293482e-5 4.100743566024414e-8 1.8111114905912013e-6 1.5604844121859652e-6 2.4044531160925767e-7 2.230958356466588e-5 3.2907174114327375e-5 3.9767487292652e-12 9507.350780128005 7.387780849070833e8
12000 381754.2009802719 31.863532438619895 5.329361281411318e-8 1.4437367945763895e-6 1.344072748821029e-6 2.2195375841838467e-7 2.3560683499947146e-5 2.607060932851368e-5 4.121640145567052e-8 1.8422872433548606e-6 1.5507996531177464e-6 2.178591497617658e-7 2.372074276603986e-5 3.0526408099965265e-5 3.1347042973421795e-12 9507.350780128007 7.387780849070832e8
12050 383346.65760182636 31.838630311113004 5.23423877156551e-8 1.4654594445646794e-6 1.337487649332727e-6 2.8076617567256093e-7 3.729838254747131e-5 2.85098450822555e-5 4.0480739648446036e-8 1.8957676496027438e-6 1.5248366426953496e-6 2.755704263259745e-7 3.702773987805663e-5 3.2518686228153555e-5 3.0862523337823606e-12 9507.350780127977 7.387780849070816e8
12100 384938.3893567629 31.834121401967053 5.203550973563964e-8 1.4858099095176873e-6 1.3263492205271513e-6 3.375067440563168e-7 4.116450839527149e-5 2.9358105494533484e-5 4.024340527824429e-8 1.932727648726797e-6 1.5033790868307954e-6 3.3126446015715065e-7 4.026243615263233e-5 3.26065162378235e-5 3.986516753094076e-12 9507.350780128025 7.387780849070837e8
12150 386530.413108305 31.849867676751416 5.237909485760015e-8 1.4847026651394328e-6 1.336205402603174e-6 2.3887438786621644e-7 3.2810450047991434e-5 4.506354137794845e-5 4.0509128346558346e-8 1.9266449458550368e-6 1.5180075641033827e-6 2.3445498818775803e-7 3.227302627521195e-5 4.840289930090522e-5 3.847761900419806e-12 9507.350780127967 7.3877808490708e8
12200 388123.6274215026 31.86758176697976 5.275756665741264e-8 1.482147596788231e-6 1.3279386739303596e-6 3.4156143607917446e-7 2.144585938608848e-5 5.3606612767741016e-5 4.0801832196271076e-8 1.912159868986275e-6 1.5275425654022783e-6 3.352428299477807e-7 2.1172855939491566e-5 5.6618503127787675e-5 1.8988341462012452e-12 9507.350780128001 7.387780849070798e8
12250 389691.7015221894 31.840802830949208 5.337894103104839e-8 1.4821619823167642e-6 1.3233721062285447e-6 2.2634337955139283e-7 2.4968032711083054e-5 4.8835726589472456e-5 4.128239289142279e-8 1.9007704804537866e-6 1.5338327268240641e-6 2.2215476049954842e-7 2.2310065665880212e-5 5.414308733532012e-5 3.04354947611859e-12 9507.35078012796 7.38778084907082e8
12300 391283.47214984713 31.833539110397243 5.317148991126449e-8 1.4869953910573077e-6 1.3388440575226003e-6 2.815695777435352e-7 2.9243895427488214e-5 4.018857736621863e-5 4.112195361594564e-8 1.896091332530629e-6 1.5397361147485014e-6 2.763583017357153e-7 2.651800151788935e-5 4.648328150617825e-5 1.2922316821364916e-12 9507.350780128003 7.387780849070795e8
12350 392875.3973165201 31.84660416622414 5.384397902029111e-8 1.487831612357879e-6 1.3514001219649524e-6 3.4130199379741746e-7 2.6010557169469704e-5 3.627225192812317e-5 4.164204560554425e-8 1.8709948460078303e-6 1.5639799948995755e-6 3.3499258539635003e-7 2.3981673279226153e-5 4.349112473999388e-5 2.661954726029341e-12 9507.350780127987 7.38778084907083e8
12400 394468.496001277 31.8800692781789 5.376208190097436e-8 1.4777141463724371e-6 1.3707234084867962e-6 3.258178134104479e-7 2.258157536990537e-5 3.2773325185233e-5 4.157870772334429e-8 1.8206037403982158e-6 1.6263525973423344e-6 3.1980637679701537e-7 2.4061288202858082e-5 4.056694837249364e-5 3.3902245820040697e-12 9507.350780127941 7.387780849070837e8
12450 396063.78624786646 31.93382810242181 5.437575116596348e-8 1.47546991594056e-6 1.363848152240744e-6 3.282796391547158e-7 2.312093002416865e-5 3.097597408504614e-5 4.2053309414750955e-8 1.7702754185331748e-6 1.6815902936823166e-6 3.222132104895834e-7 2.5229636744099405e-5 3.8974166628872636e-5 1.6946863249474658e-12 9507.350780128008 7.387780849070861e8
12500 397632.01131387864 32.006012128512396 5.308281308828266e-8 1.481651356619567e-6 1.3686262340819293e-6 3.222845044326831e-7 3.9750609956524495e-5 3.004061024474964e-5 4.105337242395988e-8 1.74696730534673e-6 1.7127380761719206e-6 3.163379381473544e-7 3.885288754496693e-5 3.9065264337096245e-5 2.0461092771939843e-12 9507.35078012801 7.387780849070847e8
12550 399233.69473285275 32.01812785693107 5.3399169820275644e-8 1.4769997484870197e-6 1.3845629067624753e-6 2.948871906405263e-7 3.6700086988999335e-5 2.8938338370317425e-5 4.129803750384112e-8 1.7240254718588957e-6 1.7515810677800103e-6 2.894422494214369e-7 3.605474574919979e-5 3.872835890950062e-5 3.82397097835181e-12 9507.350780127941 7.387780849070868e8
12600 400832.57549122063 31.941913613708692 5.348224075273049e-8 1.4687199113076243e-6 1.409805263267411e-6 2.528277662526346e-7 1.9184484467940382e-5 3.115895478104398e-5 4.136228319335068e-8 1.6936169797810684e-6 1.823427632171131e-6 2.4815395383424386e-7 1.9665582716645467e-5 4.077564073216395e-5 2.6115816077020614e-12 9507.350780127957 7.387780849070823e8
12650 402428.1525696776 31.88565111092612 5.527670632272432e-8 1.4542810318850398e-6 1.4384690196940366e-6 2.573724963099485e-7 2.3731316626879968e-5 2.99020662181395e-5 4.2750093277830634e-8 1.6504577379080937e-6 1.9088837188170027e-6 2.5261947858156896e-7 2.4064309451504855e-5 3.885542899374468e-5 2.5845303701692074e-12 9507.350780128005 7.387780849070787e8
12700 404021.4323700904 31.84965271667374 5.513968632311516e-8 1.4533675864432645e-6 1.4592327586319634e-6 2.739031601183286e-7 3.0484572249169754e-5 2.633117006322116e-5 4.2644124269519353e-8 1.6371148982740162e-6 1.9628018902214576e-6 2.68840570882854e-7 3.0500806702538455e-5 3.380645406432532e-5 2.3431502440648304e-12 9507.350780127987 7.387780849070804e8
12750 405613.432104225 31.83404828746933 5.450939826911234e-8 1.469074180655126e-6 1.4566089890685744e-6 3.1249320604688634e-7 3.576584388031242e-5 3.308667531255726e-5 4.215666988190056e-8 1.6405782174943675e-6 2.0005982664556663e-6 3.0671169668660044e-7 3.271313460461499e-5 4.168949289532716e-5 2.668737637181422e-12 9507.350780127996 7.387780849070809e8
12800 407194.23434408865 31.83869490386821 5.5346242007252385e-8 1.4815129330400949e-6 1.4459029994960737e-6 2.9287990557189207e-7 2.8473667032153253e-5 3.65062052639181e-5 4.2803871031226775e-8 1.6534753146409881e-6 1.9915863647963895e-6 2.874592083125416e-7 2.7934921421427358e-5 4.5235035043650907e-5 2.5478398558509378e-12 9507.350780128001 7.387780849070823e8
12850 408786.7169416133 31.863442197829126 5.4829763149132786e-8 1.4787063289585692e-6 1.4528935010258848e-6 2.572993469414771e-7 2.015659935677118e-5 5.126642213009349e-5 4.240443479763117e-8 1.6510873849446206e-6 2.0123747200546673e-6 2.5254002585445793e-7 1.9901986278397285e-5 6.218240347653599e-5 2.8096529513953825e-12 9507.350780127968 7.387780849070858e8
12900 410379.99825822096 31.852976330321635 5.645446169966916e-8 1.463682442711829e-6 1.4558373295091086e-6 3.477379203240674e-7 2.208577184817333e-5 5.143206022598904e-5 4.366094986799193e-8 1.6371986377389185e-6 2.0129398145883737e-6 3.4130412753225153e-7 1.9679978771545586e-5 6.347767258232827e-5 1.654187961269476e-12 9507.350780127988 7.387780849070792e8
12950 411972.102764738 31.834911576293724 5.574239056753778e-8 1.463148067117705e-6 1.4716243134429362e-6 2.7607117320269464e-7 2.113348064126675e-5 4.2389668848783274e-5 4.3110245794223205e-8 1.6413969586115204e-6 2.0166575197928235e-6 2.7096791616759966e-7 1.903012067112042e-5 5.403216530170128e-5 2.834430774592054e-12 9507.350780127972 7.387780849070807e8
13000 413563.818628911 31.83706725823255 5.640466851713482e-8 1.4740024788413473e-6 1.4643654133418453e-6 3.2544657556045164e-7 2.9387929796468356e-5 3.611228786956875e-5 4.362244064119274e-8 1.6654279642812454e-6 1.966874772802066e-6 3.1942385709282846e-7 2.6852767777013234e-5 4.731777101407268e-5 3.4349510177338155e-12 9507.350780127994 7.387780849070812e8
13050 415134.1210217808 31.8591543595469 5.58836166705895e-8 1.472085161392118e-6 1.4820687997084274e-6 2.699741405775806e-7 2.3714070298779652e-5 3.4521189845625105e-5 4.3219467735384097e-8 1.6867884163720323e-6 1.9338244042519466e-6 2.649915838531012e-7 2.390658797149924e-5 4.637363031618409e-5 2.6103553998011563e-12 9507.350780128012 7.387780849070786e8
13100 416728.0811835627 31.90178369997093 5.680701667696422e-8 1.477884084286179e-6 1.461568485656284e-6 2.715229744675655e-7 2.6137719507454946e-5 3.109017826752504e-5 4.3933610074632804e-8 1.7257726896559902e-6 1.8625465146504712e-6 2.664979017672855e-7 2.594538212484939e-5 4.268533904267578e-5 2.808342507510652e-12 9507.350780128001 7.387780849070811e8
13150 418324.68875352805 31.964600494702786 5.6974932412394663e-8 1.502913205692352e-6 1.4190625133612955e-6 3.2623291138090733e-7 3.0425136519648624e-5 3.047655856631975e-5 4.406347333640797e-8 1.7789672265567424e-6 1.7778239035012336e-6 3.202029632225877e-7 3.093031332114105e-5 4.0221036675549906e-5 2.686128538932904e-12 9507.350780127974 7.387780849070868e8
13200 419924.9441963283 32.04722115599494 5.631275160453213e-8 1.5220394662728526e-6 1.4080121355952818e-6 3.1719896937936904e-7 4.321338565034504e-5 2.808537630261679e-5 4.355135361699906e-8 1.8181761120602331e-6 1.7293909943051128e-6 3.1132990541039476e-7 4.27181793066634e-5 3.705059182362187e-5 2.8193863056556306e-12 9507.350780128001 7.387780849070852e8
13250 421525.9402458122 31.979899806391433 5.6289207346163054e-8 1.5350605304081527e-6 1.4004061491703321e-6 2.772223684346069e-7 3.070661532159666e-5 2.717208761454128e-5 4.353314487656983e-8 1.8649380334596578e-6 1.6912834991205645e-6 2.721041086788855e-7 2.9919352902097914e-5 3.2852183985903095e-5 1.8628179983671192e-12 9507.350780127987 7.387780849070845e8
13300 423123.14617850684 31.912999534458557 5.728273999145682e-8 1.543720665965698e-6 1.394876090395731e-6 2.428330219052621e-7 2.684545211269464e-5 2.8819239188529958e-5 4.4301526642341205e-8 1.915194510547839e-6 1.6410181433285792e-6 2.3833904889909298e-7 2.5450351348545867e-5 3.437482252453689e-5 1.8476923745215636e-12 9507.350780128003 7.387780849070804e8
13350 424699.1307321144 31.866646116901837 5.794462359240803e-8 1.5425249160063013e-6 1.4042383370724866e-6 2.6537826625720613e-7 2.3205940140327976e-5 2.720377410675329e-5 4.481341650694249e-8 1.948869633967208e-6 1.6187476715014724e-6 2.6048437538128797e-7 2.157648493890763e-5 3.18985790127145e-5 1.3729086956447722e-12 9507.350780127972 7.387780849070839e8
13400 426291.6980230684 31.83997777543182 5.76471009501624e-8 1.5593176444879565e-6 1.3938517780608344e-6 2.541708036005666e-7 3.1812164025773297e-5 2.492394562610795e-5 4.458331740071293e-8 1.9940585748073524e-6 1.5996229982483946e-6 2.494679260787356e-7 3.1640751204605406e-5 2.849963245184074e-5 1.852836512897415e-12 9507.350780127985 7.387780849070839e8
13450 427883.45215132216 31.83370603251753 5.770591214091678e-8 1.5817300688826594e-6 1.3784750355241423e-6 3.2085553962183626e-7 3.891113925154586e-5 2.5114533378743632e-5 4.462880100672361e-8 2.0340530504311367e-6 1.5844896235847867e-6 3.149183387360154e-7 3.574191449454049e-5 2.792114686831343e-5 3.539757811699569e-12 9507.350780127945 7.387780849070821e8
13500 429475.41054874647 31.847707999087216 5.824124658273413e-8 1.5820023033424589e-6 1.3899216749357536e-6 2.733363783746166e-7 2.9537544696339006e-5 3.854125255731783e-5 4.504281983692698e-8 2.0405949809781515e-6 1.5953826677173936e-6 2.682803510091855e-7 2.9038631754031845e-5 4.148667660784457e-5 4.1405566079242064e-12 9507.350780128032 7.387780849070835e8
13550 431068.5388616408 31.870849039289045 5.860797596601209e-8 1.57387968399549e-6 1.3916603699466278e-6 3.421361235650078e-7 2.0039927454074757e-5 4.713891100880548e-5 4.532644229481741e-8 2.0340293142029704e-6 1.5989773591234317e-6 3.35807098437235e-7 1.9823698970610374e-5 4.952740281986931e-5 3.335947891608178e-12 9507.35078012798 7.387780849070863e8
13580 432000.0 7.509206054441165 5.948201997904237e-8 1.5705032064754286e-6 1.386741985854144e-6 3.5284524998685057e-7 2.1982962968983542e-5 4.4885596606786314e-5 4.600241352362732e-8 2.024867860940707e-6 1.6020558769893708e-6 3.46317093058288e-7 1.956629049984721e-5 4.861302478649191e-5 2.6727101296004364e-12 9507.350780127992 7.387780849070817e8
