#timestep time dt l2_h l2_h_vcon1 l2_h_vcon2 linf_h linf_h_vcon1 linf_h_vcon2 l2_H l2_vcon1 l2_vcon2 linf_H linf_vcon1 linf_vcon2 dsdu_ut mass entropy 
0 0.0 100.0 0.0 0.0 0.0 0.0 0.0 0.0 0.0 0.0 0.0 0.0 0.0 0.0 -2.7952564926631375e-13 9507.350780127921 7.387780641008914e8
50 1639.4565905352897 32.75307286777874 4.067975302736202e-6 2.4270379380458008e-5 5.553761090994928e-5 1.3186330213260406e-5 9.332699301138556e-5 0.00012734659892718695 3.1461051075885785e-6 4.202678098946661e-5 5.092142044866118e-5 1.2942865370854098e-5 8.936937599042634e-5 9.773366534887136e-5 -2.0699291577053696e-5 9507.350780127894 7.38778064086883e8
100 3275.546510881263 32.694858650034874 4.053882687206968e-6 2.5194437607727036e-5 4.33200111932182e-5 1.8522664809835197e-5 9.444540322913093e-5 9.457326508448976e-5 3.135206110814746e-6 5.239235918505054e-5 6.342552088455878e-5 1.818132868897354e-5 0.00017190095406046854 0.00028578953798658486 -2.424827791494389e-5 9507.350780127941 7.387780640446063e8
150 4909.220868990339 32.6561710990526 4.009557782798835e-6 2.9065384252067807e-5 5.018444843666513e-5 2.349273864739237e-5 0.00012962921743767526 9.838239023455689e-5 3.1009259596898817e-6 5.544264258953792e-5 7.7830692371094e-5 2.3058580264331283e-5 0.0002582771607938257 0.000452550166972971 -2.362249924294625e-5 9507.350780127917 7.387780640073264e8
200 6541.466284454262 32.63737956677 3.7189171195925902e-6 3.402339696582883e-5 4.9832829786629646e-5 2.2791678165377834e-5 0.00014793352183114415 9.744076922680068e-5 2.8761492570460275e-6 6.114477116182873e-5 7.865384012238435e-5 2.2370037022849353e-5 0.00037012573704085495 0.00047571267885520343 -2.357250196825047e-5 9507.350780127923 7.387780639677374e8
250 8173.288194850579 32.63884954071104 3.6264534932442175e-6 3.89012650279605e-5 5.238872045979669e-5 2.0079136929065595e-5 0.0001660003235604626 0.00010699546883092353 2.8046394111215667e-6 6.895277240140041e-5 7.847137758358278e-5 1.970910940460087e-5 0.00048115980291692733 0.00040912401874874726 -2.1928194725956077e-5 9507.350780127903 7.387780639311137e8
300 9782.78531555462 32.66018149829311 3.7047259773822066e-6 4.3737205841819926e-5 5.574748669395065e-5 1.8914530083452314e-5 0.0001814295822287765 0.00011953936131368559 2.8651740613599123e-6 7.640642301692321e-5 8.372199452573171e-5 1.8564680963065728e-5 0.0005591866988406812 0.0003487482157774923 -2.215462449350584e-5 9507.350780127881 7.387780638955622e8
350 11416.444473614734 32.66861323090155 3.7735462475731496e-6 4.8317665235527795e-5 5.895268608121479e-5 1.982507758932222e-5 0.00019218998267578224 0.00012971769203457765 2.9183985249902527e-6 8.263691540548587e-5 9.141447177664049e-5 1.9458289220535958e-5 0.0006228581500327038 0.0003214986962800842 -2.198325525209802e-5 9507.350780127903 7.387780638595648e8
400 13049.114008620809 32.642076321640126 3.835190871784049e-6 5.2643522711606526e-5 6.239635148382015e-5 2.3819941318708263e-5 0.0001993712905965584 0.00013643114056273483 2.9660734621897074e-6 8.787919785964996e-5 9.958270909172635e-5 2.338155122787307e-5 0.000672189699844745 0.00035661485573380543 -2.2128358900148918e-5 9507.350780127934 7.387780638235332e8
450 14680.974457828854 32.63585395662322 3.867297876755749e-6 5.678282513856699e-5 6.541770716952731e-5 2.648113873424228e-5 0.00021111680497544062 0.0001434715947547057 2.9909044910969157e-6 9.255055579797198e-5 0.0001084433364754018 2.5992021423596486e-5 0.0007122250930122598 0.00040396758379488275 -2.2021218980414288e-5 9507.350780127847 7.387780637875051e8
500 16313.04152646251 32.64991156551324 3.898945546453897e-6 6.070838988688408e-5 6.85927104868519e-5 2.660752812720665e-5 0.0002308036959718238 0.0001586622108151296 3.0153802776669003e-6 9.68796429720619e-5 0.00011874461467195514 2.611535824632618e-5 0.0007333401680613118 0.00044629885759190496 -2.208723719059886e-5 9507.350780127883 7.387780637515337e8
550 17933.516263800822 32.68365180614055 3.910387314415614e-6 6.445950990508814e-5 7.130845048965314e-5 2.5139971907398126e-5 0.0002461730555262368 0.0001717000379151613 3.024229152583686e-6 0.00010094422004113362 0.0001296232703233549 2.4676754877508388e-5 0.0007381229630755471 0.000495371499540404 -2.213536383653624e-5 9507.350780127905 7.387780637156965e8
600 19568.982993830294 32.73716175862124 3.930813359520814e-6 6.812634472791344e-5 7.358286524831747e-5 2.3726124475973023e-5 0.0002584362396397972 0.0001810974850898295 3.040026319492267e-6 0.00010488485619426175 0.0001399228670047191 2.3287879246173796e-5 0.0007512900268541437 0.0005518611877542457 -2.2246174263366246e-5 9507.35078012794 7.387780636794157e8
650 21207.61119914043 32.80960809354274 3.930561925965509e-6 7.17440886612475e-5 7.534142323886474e-5 2.3175109967327603e-5 0.0002677269360683335 0.00019587614962736374 3.03983186492074e-6 0.00010872452751090542 0.00014862228376232153 2.2746890724223226e-5 0.0007798008283866632 0.0006095784373280536 -2.233739567154721e-5 9507.350780127874 7.387780636428778e8
700 22847.687956512524 32.76748012840567 3.937495289311661e-6 7.52926182985264e-5 7.63581946627882e-5 2.2952519742634618e-5 0.0002734094559461479 0.00020720018644828972 3.0451940139550143e-6 0.00011246271377407528 0.00015519168034682873 2.2528828821912247e-5 0.0007961046654216379 0.0006552375629272371 -2.2381724795379986e-5 9507.35078012785 7.387780636062111e8
750 24484.40003716146 32.70540708454421 3.922255280353044e-6 7.87902658337837e-5 7.706204822788887e-5 2.386535244039552e-5 0.0002994723451978342 0.00021353003302989894 3.033407641998818e-6 0.00011612073574498893 0.0001593670926571904 2.3425050592251586e-5 0.0007968091347449964 0.0006847710487508054 -2.243773340839767e-5 9507.35078012787 7.387780635695206e8
800 26115.986287033105 32.662697727038015 3.9058879092031806e-6 8.22078319059331e-5 7.71614426938695e-5 2.6441282997715526e-5 0.000327372622766684 0.00021279893616132895 3.0207493866891256e-6 0.00011979569017533979 0.00016094012891245736 2.5952895888430364e-5 0.0007849594365685036 0.0006983304806754769 -2.2405728448390756e-5 9507.350780127888 7.387780635329338e8
850 27748.45252583834 32.63975123623024 3.888052436739043e-6 8.55728727065425e-5 7.703836083870045e-5 2.829680626274436e-5 0.00034290680570508514 0.00021536762072745026 3.0069557259999215e-6 0.00012360651543244074 0.0001602223630733837 2.77729518756533e-5 0.0007659088791479429 0.0006893944075224852 -2.239288127874669e-5 9507.350780127887 7.387780634963671e8
900 29380.28519831628 32.63699173887669 3.864549761875625e-6 8.889499959166387e-5 7.662027192113456e-5 2.9273559555541732e-5 0.0003435284422052746 0.0002195021685586167 2.9887791443034638e-6 0.00012757395864501558 0.00015775218346129758 2.8733077218322357e-5 0.0007360783236301509 0.0006749209091062848 -2.235853661391308e-5 9507.350780127888 7.387780634598473e8
950 31012.497961197434 32.654553348514014 3.848729976761642e-6 9.217340826841732e-5 7.606231481582816e-5 2.9496934894855755e-5 0.00033160905910581103 0.00022385847184206042 2.976544383018526e-6 0.00013166892906525261 0.0001542885028777541 2.8951971499052372e-5 0.0007446208362896158 0.0006409671670035258 -2.2291546074672643e-5 9507.350780127874 7.387780634234108e8
1000 32646.023719142 32.67618398828367 3.842491262261618e-6 9.536401492182525e-5 7.56269050485914e-5 2.935799492554873e-5 0.0003106579161151673 0.00022843800600223029 2.9717194639626528e-6 0.00013579238266048086 0.0001504824231181175 2.8815031684523086e-5 0.0007306312077968418 0.000611979192224629 -2.2251945748696572e-5 9507.350780127914 7.3877806338703e8
1050 34278.9716114752 32.64571210457453 3.846120213593579e-6 9.841028798981407e-5 7.52604180200988e-5 2.9188790098849328e-5 0.00029670394495099657 0.00022953390570324008 2.9745260351601766e-6 0.00013984196535445998 0.000146737909925481 2.8652385810527836e-5 0.0006746902122774329 0.0005970361159818793 -2.2259943767547986e-5 9507.350780127937 7.387780633507001e8
1100 35898.14992036273 32.63554314947661 3.859053425228714e-6 0.00010124409596527251 7.50047949749861e-5 2.9014524105290292e-5 0.00030251085731014055 0.00023171389507977997 2.9845283680547573e-6 0.00014379348456594336 0.00014322708731712315 2.8478314402901148e-5 0.0006057163240447461 0.0005957064994896113 -2.2312646940414213e-5 9507.350780127874 7.387780633146122e8
1150 37530.09723846724 32.645522327409424 3.865599014307671e-6 0.00010394202626386931 7.497770228360525e-5 2.863416671047184e-5 0.000309050796374291 0.00023700357733256365 2.989590618855013e-6 0.00014784975438726658 0.000139998099920735 2.8104518576497892e-5 0.000523700522240781 0.0006011485382798953 -2.2303567302239164e-5 9507.35078012788 7.387780632781986e8
1200 39163.05735066504 32.67560112140019 3.8820643438889064e-6 0.00010644705038822263 7.519223568234377e-5 2.791660429242324e-5 0.0003049128849595793 0.00024454000051635477 3.0023246336029044e-6 0.0001519008603083042 0.00013730410564670426 2.740221187995521e-5 0.0004296193666363777 0.0006117806897333986 -2.2303532574956378e-5 9507.350780127856 7.387780632417862e8
1250 40798.02565836511 32.7253723175894 3.906777285248797e-6 0.00010865635925256805 7.570219499482205e-5 2.6933580902239808e-5 0.00029573461628930835 0.00025640413276257546 3.021437215477321e-6 0.00015565751912178578 0.00013528804429532962 2.6436323547931257e-5 0.00037801231105303457 0.0006187484658098466 -2.2372152362980975e-5 9507.350780127897 7.387780632052711e8
1300 42435.97216989642 32.794229144903895 3.919467060600247e-6 0.00011057143144858414 7.65264701550351e-5 2.5831682086186344e-5 0.00028519168577411486 0.0002758192943298389 3.0312512787582463e-6 0.00015907833151674705 0.00013389308326972236 2.5354220491549218e-5 0.00041142626072360894 0.0006343340483709647 -2.2413246283322665e-5 9507.350780127901 7.387780631685874e8
1350 44052.86029830426 32.78272106794451 3.924340489990595e-6 0.00011220830339015535 7.748297896415665e-5 2.4697657064017346e-5 0.000318643486689703 0.0002784476730051156 3.0350203087924084e-6 0.0001620679131783524 0.00013306119387106055 2.4241236862434777e-5 0.00046926953486252745 0.0006463053278180613 -2.2407106028455924e-5 9507.350780127905 7.38778063132343e8
1400 45690.23648358519 32.716778990608766 3.92574977423797e-6 0.00011357770229890878 7.867099787389211e-5 2.375816451753566e-5 0.0003546049638782228 0.00027007168852258734 3.0361102260211306e-6 0.00016438064690983605 0.00013303034121224332 2.3319736540164235e-5 0.0005474790165045538 0.0006581506827406812 -2.23425053392911e-5 9507.350780127927 7.387780630956993e8
1450 47324.801373133814 32.66999925721921 3.933649117426319e-6 0.000114655712308541 8.020485141513161e-5 2.5679867898579812e-5 0.00038427189386305843 0.0002640984735178531 3.042219447958225e-6 0.00016584147826409517 0.00013400616681087448 2.5205889446801266e-5 0.0006183155662291917 0.0006737475308531375 -2.226805697041632e-5 9507.350780127903 7.387780630592475e8
1500 48957.5288039693 32.642966817533214 3.934401283007402e-6 0.00011551278692579924 8.203589463828424e-5 2.7565944799617835e-5 0.0004125557728411006 0.00026137583997433086 3.0428011604306263e-6 0.00016664333170390724 0.0001357145113904754 2.7055762041334658e-5 0.000682389313399758 0.000685672880259961 -2.224170365590387e-5 9507.350780127868 7.387780630229104e8
1550 50589.416778850464 32.636064835807026 3.911743987823962e-6 0.00011619665764556574 8.400864274812714e-5 2.8804543724794247e-5 0.0004203155522258109 0.000260288645547883 3.0252783814565854e-6 0.00016692445059624935 0.00013779856008752232 2.827221991709813e-5 0.0007340259477253204 0.0006845449392281936 -2.2188458283162506e-5 9507.350780127881 7.387780629866525e8
1600 52199.11657046008 32.64914735665549 3.89114278499403e-6 0.00011671863260041545 8.600728809815218e-5 2.959662970330118e-5 0.0004063579480909376 0.00025798004495018593 3.009345750448105e-6 0.0001666374716035039 0.00014028818981899702 2.9051139783031253e-5 0.0007783617084898268 0.000681146035723276 -2.2089788422501546e-5 9507.35078012791 7.387780629510074e8
1650 53832.34156699471 32.68254962997161 3.883725426740398e-6 0.00011715771488136308 8.818069440273758e-5 3.0236203993804206e-5 0.00037385471646743406 0.0002542085316276131 3.0036092877263717e-6 0.00016580608569605207 0.0001435075712394928 2.9676738761167866e-5 0.0008181812625914053 0.0006731191311638159 -2.201013061052641e-5 9507.350780127901 7.387780629150077e8
1700 55465.64357664255 32.65065462557941 3.878387174610984e-6 0.0001175933005443392 9.044027226143423e-5 3.0704001047591636e-5 0.0003299772346451084 0.0002436342337056866 2.999480771438379e-6 0.00016467542564357432 0.00014719641337251094 3.0137903547057774e-5 0.0008208338614504424 0.0006595439372367194 -2.1971398319063002e-5 9507.35078012789 7.387780628790966e8
1750 57097.71913630537 32.63604760754289 3.876175629739016e-6 0.0001180940545349771 9.252471611227049e-5 3.0787956743669886e-5 0.0003241334049280939 0.00024157149954124433 2.9977703990543874e-6 0.00016351805436133268 0.00015081731802338858 3.0218995449043932e-5 0.0008302271252408099 0.000651227568430771 -2.1964665081269824e-5 9507.350780127903 7.387780628432428e8
1800 58729.58272272291 32.64175959385565 3.876086737391434e-6 0.00011868863886856962 9.432944788848362e-5 3.021774491351794e-5 0.0003215505490558573 0.0002550607075662125 2.9977016511761607e-6 0.00016246565485548693 0.0001542043985241637 2.9658458294426378e-5 0.0008495137280319714 0.0006329997553779663 -2.197705221378095e-5 9507.350780127908 7.387780628073926e8
1850 60362.24704719228 32.66763058726823 3.8651058392740645e-6 0.00011940444610472128 9.586136190176982e-5 2.8850616532561725e-5 0.0003115452524498729 0.00026880223435140954 2.989209205406569e-6 0.0001616119121059665 0.00015743358147254897 2.8318076151185186e-5 0.0008653005652769211 0.0006065626096636333 -2.197136579513337e-5 9507.350780127941 7.387780627715114e8
1900 61983.76992012563 32.71286372218263 3.848947039631606e-6 0.00012027594168884218 9.698030285943744e-5 2.7010681578639614e-5 0.0003014618443771104 0.0002747588790106681 2.976712255866335e-6 0.0001610992840814482 0.0001602129780413228 2.6512223745272672e-5 0.000879053549303902 0.0005635726664161599 -2.193991876397275e-5 9507.350780127908 7.387780627359039e8
1950 63620.98575100697 32.777622259863925 3.8411315475994305e-6 0.00012135688223307283 9.757464000801707e-5 2.5388235174392023e-5 0.0003035170399029564 0.00027784151304675056 2.9706678830353076e-6 0.00016103407735527166 0.00016208383674187006 2.4919084966381363e-5 0.0009005945926453927 0.00050627045857542 -2.1923796109979308e-5 9507.350780127921 7.387780627000031e8
2000 65261.308893214795 32.79817393614561 3.834456798660822e-6 0.00012265919240078075 9.763862642686982e-5 2.4295767898063218e-5 0.00031018219811640907 0.0002731871339814713 2.9655057421260407e-6 0.00016143901410762816 0.0001627624751784997 2.3846699172529943e-5 0.0009275929980277535 0.00042271481894523626 -2.1932958859043468e-5 9507.350780127921 7.387780626640307e8
2050 66899.3613841972 32.728429388258455 3.815768458977092e-6 0.00012417126882205542 9.723887280986855e-5 2.3083717516112927e-5 0.00032070042982913424 0.0002647128334794283 2.951052487974463e-6 0.00016230402188904485 0.0001623166959203228 2.2657526524892876e-5 0.0009435074786285774 0.0004296696022024182 -2.1900687698372383e-5 9507.350780127867 7.387780626281215e8
2100 68534.40892264363 32.67771411924194 3.78672686047146e-6 0.0001258872870008324 9.646435412724842e-5 2.2444295131899697e-5 0.0003327104727245788 0.00025729073130903516 2.928592193948292e-6 0.000163699435078387 0.000160949228480763 2.2030761841171997e-5 0.0009465717633129634 0.00043042828851075094 -2.179055083418893e-5 9507.350780127901 7.387780625923947e8
2150 70164.9449393412 32.64667968366273 3.760503055101276e-6 0.0001277774077624706 9.546755778374703e-5 2.3143172942988416e-5 0.00034190527048610177 0.00026045070575497927 2.908311134729703e-6 0.00016567025441940834 0.0001588876333207757 2.2715084794548063e-5 0.0009534303006224744 0.00044014821110591857 -2.1658745183711942e-5 9507.350780127896 7.387780625569793e8
2200 71796.91358520335 32.635655280432324 3.7415018272717943e-6 0.0001298162733538533 9.437773723386043e-5 2.4395309117519805e-5 0.00036718966882163607 0.0002666238740360535 2.893615898038842e-6 0.00016816294155146805 0.0001563927250005082 2.3944472903480454e-5 0.0009579605748147959 0.0005001150146533043 -2.1553772351297123e-5 9507.350780127921 7.387780625217192e8
2250 73428.84796551526 32.64492245155266 3.731969939907087e-6 0.00013197549298865944 9.328419783922892e-5 2.562372189226154e-5 0.0003928562132684196 0.00027205556290600197 2.886244093321996e-6 0.00017105784390696003 0.00015383273878952873 2.515283593299582e-5 0.0009606491587713109 0.0005523251514158166 -2.1476543669758222e-5 9507.350780127894 7.387780624866145e8
2300 75061.76381845755 32.67449293702707 3.7296840184754975e-6 0.00013421621633445633 9.226519482262099e-5 2.5218385507618014e-5 0.0004020714809101314 0.00028229963254505525 2.8844761993321375e-6 0.00017421736537512718 0.00015147542950000575 2.475198119442857e-5 0.0009331871362609609 0.0005725549116284103 -2.1452939581204212e-5 9507.350780127916 7.387780624515688e8
2350 76695.31451357977 32.655798844732665 3.7261722432439957e-6 0.0001364793086542356 9.138464689445631e-5 2.3300690327918395e-5 0.00040258708834986154 0.00028641010135157786 2.881760250199676e-6 0.00017750058445991455 0.00014939504271261703 2.2870206274045302e-5 0.000838217245841998 0.0005777048287529217 -2.1454339392081647e-5 9507.35078012792 7.387780624165239e8
2400 78314.86511481141 32.63741562243803 3.728666213265224e-6 0.00013867001503617462 9.067893509894527e-5 2.1914479077915695e-5 0.00039524798982691823 0.0002897824954939447 2.883689045542916e-6 0.00018078214503324747 0.0001477406270787928 2.150988879199723e-5 0.000729211284757925 0.0006028509959194704 -2.1433313760887402e-5 9507.350780127885 7.38778062381788e8
2450 79946.69507932499 32.63913038675101 3.753070797976883e-6 0.00014075843558153663 9.015317991233838e-5 2.198282842613471e-5 0.00037951634908047865 0.0002966856192003404 2.902563149464544e-6 0.00018402911520419928 0.0001467197945620438 2.15758662951883e-5 0.0006372570635633997 0.0006441448428831736 -2.1428597059321392e-5 9507.350780127885 7.38778062346826e8
2500 81579.12684642614 32.6610469257691 3.79393314907631e-6 0.00014266418441041148 8.983039917547737e-5 2.2105840225074574e-5 0.0003550781386521181 0.000306413934043678 2.9341654188827633e-6 0.00018707281067554144 0.00014636591617566417 2.1697528961305224e-5 0.0005753572113266336 0.0006770239671553532 -2.1513139436289194e-5 9507.350780127881 7.387780623117886e8
2550 83213.16312111914 32.702842355173004 3.824780630957327e-6 0.00014432556347923687 8.970709987679738e-5 2.1081551851724162e-5 0.000356294475687981 0.0003206491382768289 2.958022353371772e-6 0.0001897813233245899 0.0001463668692450383 2.0692617221253634e-5 0.0005026292190044114 0.0006869584857927178 -2.1654366731032474e-5 9507.350780127917 7.38778062276522e8
2600 84849.78529464095 32.76399168491429 3.833418449556256e-6 0.0001456962352451921 8.976347106538303e-5 2.0726916850706607e-5 0.00036959567933324267 0.0003443715828309332 2.964702700028121e-6 0.00019207897003169693 0.0001465483841709978 2.034432660775741e-5 0.00043476205354430494 0.0006845336746540339 -2.1738483791307865e-5 9507.350780127937 7.387780622409986e8
2650 86465.63100476972 32.81467322710489 3.835478524368435e-6 0.00014674001899420461 9.000723630284771e-5 1.9597590253924485e-5 0.00038187785362338316 0.00036715806632509876 2.9662959279612317e-6 0.00019388195671769665 0.00014716879702786532 1.9235441827971048e-5 0.0004807976657340076 0.0006945614425083598 -2.1716404485158658e-5 9507.35078012786 7.387780622058784e8
2700 88104.41186135307 32.74111388906514 3.850988152069318e-6 0.00014748800224145814 9.04854374287354e-5 1.817748976630801e-5 0.00038854532805215165 0.00035295206821378165 2.978290818614031e-6 0.00019517365612388874 0.0001486220555228811 1.7841733068896558e-5 0.000539186181656076 0.000717593583329612 -2.1638642946310516e-5 9507.350780127888 7.38778062170352e8
2750 89739.99323092407 32.686441434917775 3.875968279067542e-6 0.00014795615215625922 9.123926139469476e-5 1.803714373449653e-5 0.00039247134752191834 0.00034322783862713506 2.997610037458981e-6 0.0001958623599557993 0.0001510548680192526 1.770478621332482e-5 0.0005858445430529305 0.0007522482562079373 -2.1586600199601004e-5 9507.350780127896 7.387780621350074e8
2800 91373.33699708692 32.65131223701605 3.891274283367649e-6 0.00014819951998523215 9.228766787345644e-5 1.9837579914818084e-5 0.0003986562703095429 0.0003359559499560441 3.0094474491247146e-6 0.00019592202857241195 0.00015429447806425842 1.9470647559478412e-5 0.0006138656461512462 0.0007797615107669672 -2.1573709535457303e-5 9507.350780127888 7.387780620997651e8
2850 93005.43292071915 32.63618776429174 3.885990409306405e-6 0.0001482779436704235 9.361125070651608e-5 2.027297278326416e-5 0.0004007424925453895 0.00032908579501217926 3.005360987941812e-6 0.0001953798656185641 0.00015799602272777307 1.98984747274546e-5 0.0006715486481010586 0.0007828343867259086 -2.1555911711364136e-5 9507.350780127883 7.38778062064561e8
2900 94637.2886756295 32.641326213535045 3.866958869108747e-6 0.0001482511829481325 9.518945669326795e-5 2.043435126564242e-5 0.0004054610460261648 0.00032234920152619557 2.9906423081654954e-6 0.00019435389684691442 0.0001620684556396403 2.005824430320197e-5 0.0007521312843527387 0.000754022557133899 -2.1486506170046518e-5 9507.350780127887 7.387780620294403e8
2950 96248.2487338585 32.66631281327001 3.8529228953968296e-6 0.00014818390907240695 9.696118917797971e-5 2.1342402633132686e-5 0.00042543589990917457 0.0003149407589965616 2.9797871172415763e-6 0.0001930556886888844 0.0001666032644586106 2.0947532814837313e-5 0.0008278877233330523 0.000754109876835035 -2.138937488236405e-5 9507.35078012792 7.38778061994902e8
3000 97881.9290900079 32.662504570682415 3.8600349408943105e-6 0.00014814020423429392 9.889800475006539e-5 2.3092051882345766e-5 0.0004282572823681066 0.0003007663343751949 2.985287456108051e-6 0.00019165795737529848 0.00017169962440113028 2.266489631034798e-5 0.0008790917545987444 0.0007764878313800438 -2.1322412255251438e-5 9507.350780127952 7.387780619600213e8
3050 99514.38702798294 32.63965081121288 3.887638680441401e-6 0.00014817428294619308 0.0001008593053362468 2.4895933243505588e-5 0.0004169729808970765 0.0002804986345962941 3.006635733693663e-6 0.00019034780190109026 0.0001770232881507648 2.443720202790097e-5 0.0009047864485154958 0.0007754595357839162 -2.1333288397476416e-5 9507.350780127865 7.387780619252155e8
3100 101146.22032522746 32.63711695692397 3.918903212919089e-6 0.00014832093616455006 0.00010270229390675636 2.5830931698154383e-5 0.00041560762033693337 0.0002557612585690116 3.030815208245983e-6 0.00018917979838809157 0.00018236327941109008 2.5353098624992382e-5 0.0009201689300704691 0.0007209352098038939 -2.140758691179448e-5 9507.350780127888 7.387780618903424e8
3150 102778.44387340828 32.65482592275644 3.938539294951677e-6 0.00014861062495546973 0.000104287751562458 2.5476025392483727e-5 0.0004241106104491746 0.00026793075940869564 3.046001430722928e-6 0.00018815805307256312 0.0001876622854031009 2.500517722930731e-5 0.0009268834169498491 0.0006493900427769173 -2.1491062050720578e-5 9507.35078012792 7.387780618553364e8
3200 104399.02077082565 32.69211708151536 3.944637687069356e-6 0.0001490734041857795 0.00010547921895434201 2.4179617973471877e-5 0.0004311150391429372 0.0002736005993530302 3.0507178267584786e-6 0.00018736200536854467 0.0001926749959957812 2.3734073949140387e-5 0.0009331435992407707 0.000560855796628542 -2.1550523377530346e-5 9507.3507801279 7.387780618204576e8
3250 106035.00012177414 32.74911262028361 3.943764842974444e-6 0.00014975026071515962 0.00010617609307726407 2.3033571804535105e-5 0.000438374340872321 0.0002773630466154177 3.0500427835096084e-6 0.00018696425913880684 0.00019695394015487497 2.2608258568434395e-5 0.0009561538126152827 0.0005891897657149595 -2.1573311291875443e-5 9507.350780127901 7.38778061785173e8
3300 107674.31202948057 32.824913561366195 3.942035178597682e-6 0.00015066621512488127 0.00010629591341457097 2.2128536520057313e-5 0.0004467159649087191 0.0003279169776854809 3.048705089564796e-6 0.00018720015677012186 0.00019992433236033468 2.1719462705826667e-5 0.000995275001502548 0.0006442258204543749 -2.1550286756349716e-5 9507.350780127914 7.387780617498219e8
3350 109313.86004560055 32.75469046876258 3.9436572667210874e-6 0.0001518335571495317 0.00010584085450553811 2.1023408997944238e-5 0.00045026090459646616 0.00033368720088530323 3.049959585807303e-6 0.00018818906911896385 0.00020130081423275627 2.063527983442999e-5 0.0010144182247291858 0.0006324396757174875 -2.150228881004184e-5 9507.35078012788 7.387780617145318e8
3400 110950.02150852437 32.69612272296633 3.941624262999045e-6 0.00015325230783185136 0.00010488418641469449 2.0473835228953134e-5 0.00045541772061530366 0.0003338232581973427 3.0483872942083906e-6 0.00018990046608893948 0.0002010241165439511 2.0096485040644624e-5 0.001024212310989191 0.0006441676164024439 -2.146262036504029e-5 9507.3507801279 7.38778061679384e8
3450 112581.27311241398 32.65701939205959 3.925536184004156e-6 0.00015489979746365672 0.00010355865519643827 2.233783515035004e-5 0.0004609566506469381 0.0003383923137729251 3.035945038851495e-6 0.00019219511367626072 0.00019927182545649403 2.1925083084902057e-5 0.0010319452102037607 0.0007250831638165357 -2.1420936794262827e-5 9507.350780127894 7.387780616444025e8
3500 114213.5492471411 32.63776085918211 3.8967786216177995e-6 0.00015674205883492483 0.00010199872204463576 2.4176480158951797e-5 0.0004609117319049573 0.0003482629861626931 3.0137044136831827e-6 0.0001949262665744788 0.0001963987074558034 2.3729167029093775e-5 0.00101672600006636 0.0007811070261189318 -2.1356269332012896e-5 9507.350780127921 7.3877806160949e8
3550 115845.37723397413 32.63872262799092 3.8657824922228424e-6 0.0001587407623264549 0.00010033783544239098 2.5100661370371612e-5 0.00045354760576649344 0.00035691917276376524 2.989732517654554e-6 0.00019802913016881785 0.00019281356323853783 2.4637984898876574e-5 0.0009837620688906688 0.0008180413065995773 -2.126855714830726e-5 9507.350780127874 7.387780615747081e8
3600 117477.77148776109 32.66000482258802 3.845761994308646e-6 0.00016084786636061965 9.868322040174528e-5 2.5372000818031132e-5 0.0004409451904137036 0.00036546268047792736 2.974248994265597e-6 0.00020146058569033573 0.0001888563975460238 2.4902725240007836e-5 0.0009384099764391187 0.0008106263506389842 -2.1199850041230508e-5 9507.35078012789 7.387780615400516e8
3650 119111.43306396098 32.66911569791878 3.843062818185266e-6 0.00016299737717324892 9.712794729398889e-5 2.5390509437883265e-5 0.0004213726870690056 0.00037176720740212353 2.972161495901865e-6 0.0002050818856588692 0.00018483372098397337 2.4920758063159275e-5 0.0009384418379410325 0.0008066951188447967 -2.1180809710699352e-5 9507.350780127927 7.387780615054384e8
3700 120744.12348045538 32.64241196493406 3.853252524490964e-6 0.00016510793745515908 9.576720752550282e-5 2.534899334848286e-5 0.0004155819068207356 0.00037456626734377847 2.9800420469534636e-6 0.0002087058257132762 0.00018105928146104513 2.488248172254788e-5 0.0009066215323672197 0.0008145387752351408 -2.12118714507975e-5 9507.350780127903 7.387780614708389e8
3750 122363.38642800065 32.635994676972615 3.868447315924057e-6 0.00016708551592484576 9.466013306072259e-5 2.5163101637459773e-5 0.000425507148027076 0.00037959364204271696 2.9917934484201743e-6 0.00021216616351399132 0.00017777629958018272 2.46984025625681e-5 0.0008574660471546347 0.0008325153541108986 -2.1275434806409592e-5 9507.35078012789 7.387780614364471e8
3800 123995.45216850974 32.64972413873405 3.884240857638582e-6 0.00016888994572465313 9.379689959350516e-5 2.4679093437539876e-5 0.0004340951808063589 0.00038784266672037596 3.0040079134934972e-6 0.00021540359967589685 0.00017505211249188194 2.4222580255921843e-5 0.0007897927922321969 0.0008508581435735555 -2.134885330347824e-5 9507.350780127896 7.387780614016608e8
3850 125628.71663576542 32.68348580589084 3.899776419808937e-6 0.00017044492661118726 9.319803015789445e-5 2.389629710571561e-5 0.00044103659056829854 0.0004006097091437026 3.0160228614358178e-6 0.00021825039506288157 0.00017298808568678105 2.3456002690228632e-5 0.0006993545130662053 0.0008688074600503065 -2.141258711588661e-5 9507.35078012788 7.387780613667407e8
3900 127264.17095350484 32.73683586231606 3.915246045986072e-6 0.00017170686160166934 9.289371293299501e-5 2.3595548398199434e-5 0.0004497104414072601 0.00042058015746120997 3.0279868155669473e-6 0.0002205516856442689 0.00017163500459861704 2.3159715958996763e-5 0.0005955975482282082 0.0008906825524472961 -2.145657001698502e-5 9507.35078012789 7.387780613316733e8
3950 128902.77898487644 32.80913191682835 3.929233496065839e-6 0.0001726524495243955 9.291083504527741e-5 2.3161752235252e-5 0.00046076062374053546 0.0004508944622521492 3.0388044791141464e-6 0.0002221802066044715 0.00017103478489630225 2.273379423426765e-5 0.000507458398622416 0.0009195945892690165 -2.1472780284893922e-5 9507.350780127887 7.387780612964967e8
4000 130518.1043381507 32.76911345960189 3.938874946093943e-6 0.00017326892579078187 9.32507696613707e-5 2.2460223494083898e-5 0.0004697323525680441 0.0004396923075761678 3.0462610177911367e-6 0.00022304155107257187 0.00017120881084294352 2.2045550129498582e-5 0.0005167959482688276 0.000937782920107102 -2.145111322230998e-5 9507.350780127907 7.387780612618295e8
4050 132154.8876386831 32.70662689897241 3.940531944132539e-6 0.00017359259450660958 9.394372407748705e-5 2.1252337287935787e-5 0.0004777254933874155 0.0004215427782709292 3.0475425127852644e-6 0.00022312355178731805 0.00017216824190187667 2.086021622198974e-5 0.0005622032537405264 0.0009558945424612066 -2.139244493500735e-5 9507.350780127916 7.387780612267585e8
4100 133789.03588904542 32.66343190350344 3.93248736169235e-6 0.00017365755927403387 9.500356298372405e-5 2.155003708977307e-5 0.0004835752136079955 0.00040779198399567787 3.0413209652035964e-6 0.0002224451315435388 0.00017388589395706726 2.1152003736929318e-5 0.0006640285223363211 0.000976736052479145 -2.1306475378168815e-5 9507.350780127914 7.387780611918714e8
4150 135421.52822056034 32.64006667198915 3.9183084648405655e-6 0.00017351432352473892 9.640019307102985e-5 2.341114441686663e-5 0.00048287468333069693 0.0003959944258873858 3.0303552398772277e-6 0.0002211040475423194 0.0001762831968438827 2.2977732051494446e-5 0.0007507250676343848 0.000998044290073752 -2.122044885131966e-5 9507.350780127945 7.387780611571562e8
4200 137053.36562613025 32.636871851709394 3.902276509019803e-6 0.00017322003432217547 9.809242515657739e-5 2.46561785872912e-5 0.00047501072824621306 0.0003848006957673541 3.017956389260532e-6 0.0002192399114273684 0.00017928021580621456 2.4200884936171107e-5 0.0008205487289971683 0.0009963662665714913 -2.114079245017485e-5 9507.350780127925 7.387780611225988e8
4250 138664.45781877503 32.653639969625196 3.889940802835259e-6 0.00017283810022098136 0.00010000965185616392 2.542293077932697e-5 0.0004629849867601861 0.0003731357290488848 3.0084161572410862e-6 0.00021705127629684478 0.00018277518047068515 2.4953371621640815e-5 0.000881407387935161 0.0009782588203887937 -2.1082754684518904e-5 9507.350780127905 7.387780610885924e8
4300 140297.94607205052 32.67754821360972 3.8848752666962345e-6 0.00017242243042097434 0.00010210273177996478 2.587361025934028e-5 0.00046037599959334767 0.0003575389828295681 3.0044985550109036e-6 0.0002146648630669747 0.00018676331278570844 2.5395017177153813e-5 0.0009329005921808202 0.0009433251286619698 -2.1063838761917948e-5 9507.35078012792 7.387780610541751e8
4350 141930.94596469938 32.64643984515534 3.889234433193591e-6 0.00017203971745479297 0.00010419753351353285 2.600763285759538e-5 0.0004682363027313377 0.0003324577102583085 3.0078698625936064e-6 0.00021228789003819554 0.00019101885370508372 2.5529480650524558e-5 0.0009489976365534392 0.0008892271639592611 -2.109347727505421e-5 9507.350780127934 7.387780610197587e8
4400 143562.90760604534 32.63563088051192 3.901177465158354e-6 0.00017174155776765508 0.00010614978400615713 2.577135676490042e-5 0.0004767681686325521 0.0003075203356788581 3.0171064068366255e-6 0.00021007502225358382 0.00019531985451935898 2.5295063691303477e-5 0.0009673512042459592 0.0008503958152297563 -2.116158629200607e-5 9507.350780127874 7.387780609852822e8
4450 145194.84702469982 32.64512856174474 3.915336155336223e-6 0.00017157620072098275 0.00010784265277644127 2.5163266285363557e-5 0.00048439906784493366 0.00027603038562207553 3.028056504654373e-6 0.00020816739331260404 0.0001994326641455864 2.4697852676411474e-5 0.0009907938675419244 0.0008150372271600155 -2.1242378132709505e-5 9507.350780127894 7.387780609506822e8
4500 146827.77528649892 32.674731849615796 3.9279666035733155e-6 0.0001715948684310058 0.00010915604215887734 2.4283217563876495e-5 0.0004898603659706134 0.00025972570403707293 3.0378246853233396e-6 0.0002067052947035422 0.00020308536336786505 2.383565121264456e-5 0.001010661292842073 0.0007596891273786365 -2.1314333469170113e-5 9507.350780127877 7.387780609159342e8
4550 148449.5418303272 32.72356255101726 3.938788331265322e-6 0.0001718428786273986 0.00010994708299888866 2.3279725707872114e-5 0.0004954843106305729 0.00029262450663859827 3.046194031307375e-6 0.0002058200826891657 0.00020593551587332328 2.284999968426362e-5 0.0010379073271784243 0.0006837509835762502 -2.1366194370867466e-5 9507.350780127867 7.387780608813255e8
4600 150087.3822816404 32.79181230719854 3.945350094763353e-6 0.0001723645322600656 0.00011014659206325236 2.3003930179258833e-5 0.0005008060253797512 0.00032521721919732564 3.051268791137063e-6 0.00020559411347686955 0.00020772812154071614 2.2578721487407724e-5 0.001072725944753055 0.0005950776348033946 -2.1388544738005628e-5 9507.350780127883 7.387780608463069e8
4650 151727.76258432327 32.784171669279324 3.941980685661372e-6 0.00017318514204466159 0.00010976352102377859 2.2361530950324907e-5 0.0005033006665044019 0.000349850137883885 3.0486629456248997e-6 0.00020610252355893105 0.00020823330667095425 2.194825929145045e-5 0.001096291843149544 0.000613815052852689 -2.1364405799022143e-5 9507.350780127856 7.387780608112297e8
4700 153365.20122357568 32.71783245608908 3.928819323307376e-6 0.00017430738853206355 0.00010887012547274445 2.1168827403384337e-5 0.0005029142332456481 0.00035808670385533125 3.038484164723789e-6 0.00020736991207205173 0.0002073922717877359 2.0778193361545156e-5 0.0011082133957031161 0.0006304091832060019 -2.1287352136749676e-5 9507.350780127903 7.387780607763063e8
4750 154999.80844318296 32.67064543626359 3.911769926859776e-6 0.00017572024433986215 0.00010758127378309714 1.959599997297003e-5 0.0005057344028480182 0.00036061071171711003 3.025298442279994e-6 0.00020936685081854032 0.0002053459895667378 1.923435776806443e-5 0.0011276814562167926 0.0006633437899911292 -2.1172436216192386e-5 9507.350780127923 7.387780607415956e8
4800 156630.11581029207 32.64322007907821 3.894483854543582e-6 0.00017738336652083108 0.00010606101605448012 2.130294511820103e-5 0.0005046549097676127 0.0003587922108429584 3.011929678618305e-6 0.00021199903459780847 0.00020240237385606768 2.0908710084352792e-5 0.0011455422765743772 0.0007291165436151235 -2.1063711095887033e-5 9507.350780127937 7.387780607071706e8
4850 158262.00477616905 32.63585950346421 3.875252952168293e-6 0.00017925575702288778 0.00010444253172148984 2.249365850210838e-5 0.0004969522260425605 0.0003745673423896773 2.9970568154166977e-6 0.00021515895590204176 0.00019887564040507144 2.2077944846836657e-5 0.0011403944621286059 0.0007798685873321256 -2.097724655434417e-5 9507.350780127923 7.387780606728755e8
4900 159894.0431639382 32.64880468096754 3.858203819794979e-6 0.00018127508633441515 0.00010283367015844112 2.311717933039601e-5 0.0004833513636575634 0.0003887255138322862 2.9838712972036287e-6 0.0002187215002198503 0.0001950768949973352 2.2691154265646617e-5 0.0011179473944634211 0.000797183938679263 -2.091421567380903e-5 9507.350780127856 7.387780606386905e8
4950 161527.2466037839 32.68203508684479 3.850683645866152e-6 0.0001833707536359417 0.00010133098823256882 2.32693652234865e-5 0.0004638515427829207 0.0004027846917009257 2.978055318529837e-6 0.000222550184575283 0.0001913140832673388 2.2838809481857728e-5 0.0010737075999631555 0.0008146790222284994 -2.088539524227106e-5 9507.350780127941 7.387780606045626e8
5000 163160.56000464872 32.65087176726117 3.856425007997385e-6 0.0001854601422169062 0.00010002229032545884 2.3103169763929438e-5 0.00045244809812447495 0.0004088088092521698 2.9824955934543665e-6 0.00022646558680056178 0.00018786953144117168 2.267716978510031e-5 0.0009598714411936137 0.0008351800975792711 -2.0906609781554893e-5 9507.350780127941 7.387780605704445e8
5050 164780.1129746212 32.63623450192298 3.873127310756918e-6 0.00018743681307704132 9.896723251024263e-5 2.2706853823200173e-5 0.0004654704378659661 0.0004156322783855789 2.99541287935372e-6 0.00023022757521999146 0.00018494392497935442 2.2287248795329806e-5 0.0008272238798921348 0.0008568278811951684 -2.098056710211149e-5 9507.35078012792 7.387780605365298e8
5100 166411.98016215477 32.64172035877504 3.894707491220287e-6 0.0001892453481997134 9.816990924151372e-5 2.2856083536811135e-5 0.0004775603869086706 0.0004245151232879191 3.0121026355405475e-6 0.00023370322469668518 0.0001825542396756231 2.2433029056994387e-5 0.0007803925710213196 0.0008788166831258186 -2.108442574624939e-5 9507.350780127934 7.387780605022112e8
5150 168044.63663413195 32.66735923951559 3.914846195049598e-6 0.0001907954284537997 9.766674276470012e-5 2.3524132428168268e-5 0.00048632174227398464 0.0004366864845245098 3.027677577437012e-6 0.0002367131521649748 0.00018075418518576192 2.308987423820487e-5 0.0007129595702250844 0.0008971647485078319 -2.118153620809551e-5 9507.350780127921 7.387780604676993e8
5200 169679.0816659453 32.71279021297119 3.932002801063752e-6 0.00019202851046118402 9.748812859230927e-5 2.3852026025966577e-5 0.0004929805294492223 0.0004538646970053541 3.0409462139940467e-6 0.00023913810516817851 0.00017959054230075452 2.3411856729844118e-5 0.0006280105400438675 0.0009199005425936511 -2.124789466941784e-5 9507.350780127897 7.387780604330194e8
5250 171316.29140523172 32.777452819381814 3.947228199543407e-6 0.00019291240228348454 9.765076324628871e-5 2.3828480743430317e-5 0.0004995285865915727 0.0004784168440796139 3.052721286446317e-6 0.00024086499066476239 0.0001791282158151916 2.338816476159584e-5 0.0005597162579738652 0.0009507530786259151 -2.1278594681230165e-5 9507.350780127885 7.387780603982058e8
5300 172931.21021359562 32.80015703349516 3.958728243722887e-6 0.00019343681972712324 9.814865125242873e-5 2.3403546062438332e-5 0.0005052370457054756 0.00048565041791199663 3.061615231232127e-6 0.00024176812629061878 0.00017942850406684347 2.297098568531481e-5 0.0006067416541579923 0.000981215604022835 -2.1276622427806007e-5 9507.350780127923 7.387780603638337e8
5350 174569.35018065033 32.729950428151355 3.962622879126349e-6 0.00019363119575497792 9.899306470140678e-5 2.250076396236165e-5 0.0005083303561329044 0.0004572547553951918 3.064627278115244e-6 0.00024178025591062245 0.0001805569992835848 2.208529636519594e-5 0.0006316393705135658 0.0010001463792434365 -2.1235419884855322e-5 9507.350780127905 7.387780603290141e8
5400 176204.4615370294 32.67875242819161 3.95642076909723e-6 0.00019352422969889173 0.00010017880420915358 2.1117337883147884e-5 0.0005088489094700676 0.0004361730530340916 3.059830668355492e-6 0.0002408875228843949 0.0001825197852801801 2.0728353278695836e-5 0.000660108409416864 0.001015840494351375 -2.1154421005502607e-5 9507.35078012791 7.387780602943475e8
5450 177837.51139144832 32.647185034895976 3.944521588278379e-6 0.00019316767147023995 0.00010169107389889251 1.9325781510530517e-5 0.0005063802038118244 0.00041935887025904017 3.0506280378656596e-6 0.00023922590598887716 0.00018525226399274082 1.8968289901816764e-5 0.0007309525367214037 0.001032066366148104 -2.105716759802471e-5 9507.350780127883 7.387780602598861e8
5500 179469.49295682856 32.63567437253464 3.929497062072129e-6 0.00019262710842780375 0.00010349176581670342 2.0287092021079586e-5 0.0004973038245365429 0.00040436746209732583 3.039008316720369e-6 0.0002370120235706411 0.00018863443112316904 1.9912199018237537e-5 0.0007889396008168767 0.0010261229924410976 -2.097263948168945e-5 9507.350780127977 7.387780602255917e8
5550 181101.415724212 32.64444870924663 3.9143447768277474e-6 0.0001919715736085206 0.00010552739183275366 2.1469250499472843e-5 0.00048209221913104235 0.00038930870328268913 3.0272897888412943e-6 0.0002344575606210149 0.00019253729149026815 2.1074631263340142e-5 0.0008704910539938125 0.0009982799436507662 -2.091528416708569e-5 9507.350780127927 7.38778060191415e8
5600 182713.74832460628 32.67304169769233 3.904811312286012e-6 0.00019127518726008206 0.00010768894946142318 2.2826460676728384e-5 0.00048115845357526077 0.0003784992130966231 3.019916764363145e-6 0.00023175109773004607 0.00019678476460059446 2.240434499837965e-5 0.0009456933874937248 0.0009525462516658834 -2.0898813884872717e-5 9507.35078012788 7.38778060157712e8
5650 184347.32610367515 32.65673718193673 3.9059298835309925e-6 0.00019058356261664926 0.00010992079540788606 2.4002289665367198e-5 0.0004934590000592523 0.0003584034965450895 3.020781848942997e-6 0.00022894171535535395 0.00020136336892666122 2.3558726769310173e-5 0.0009830019323617209 0.0009770592117456377 -2.0925672427408074e-5 9507.350780127927 7.387780601235585e8
5700 185979.5919158889 32.637661662250416 3.919025274679706e-6 0.00018996704567212356 0.00011205933977693102 2.4427626443773613e-5 0.0005055037006381348 0.00033160494420410926 3.0309096088031005e-6 0.00022620029015790535 0.00020608141561783387 2.3976723259679654e-5 0.0010016465608433196 0.0009790228304610768 -2.0993166569073778e-5 9507.350780127901 7.387780600893477e8
5750 187611.42224668682 32.63890868157946 3.939954054382238e-6 0.0001894823333736178 0.0001139598400654557 2.394010711767638e-5 0.0005189897128958656 0.0002990250909957938 3.0470955823692465e-6 0.00022369675830331509 0.00021075508495199644 2.3496927540225948e-5 0.001017028724252263 0.0009263534910078689 -2.108758830831677e-5 9507.35078012788 7.387780600550185e8
5800 189243.83104173074 32.66035947177148 3.962265032736427e-6 0.00018918329645792217 0.00011548925125712161 2.4226511717207305e-5 0.0005290674678448778 0.0002686869474261047 3.0643505256101693e-6 0.00022162786375020898 0.00021509621875435663 2.3779024056018137e-5 0.0010330689941459037 0.000859616548703798 -2.1185249822966914e-5 9507.350780127937 7.387780600205166e8
5850 190864.56622854638 32.701279642803456 3.98084191001401e-6 0.0001891147375316966 0.00011653318409789343 2.4195940136158984e-5 0.0005355059616800009 0.0002804757430812611 3.0787175765726265e-6 0.0002201921329239055 0.00021871047377287314 2.3749607672017102e-5 0.0010588267757750877 0.0007730635856189141 -2.1260650490884563e-5 9507.350780127894 7.387780599861202e8
5900 192501.09471364276 32.76182184434179 3.993167141214749e-6 0.00018931334115720468 0.0001170333502637315 2.3752025022565636e-5 0.0005411878077411897 0.0003177166366123234 3.08824970741052e-6 0.00021951185443268715 0.00022131729219609656 2.3313719573723535e-5 0.0011000528506413696 0.0006749884091462777 -2.129795987916913e-5 9507.350780127887 7.387780599512836e8
5950 194141.03039494937 32.816657037754204 3.99790233711389e-6 0.00018981106605041743 0.0001169480896359268 2.312693941288651e-5 0.0005452963108097167 0.00037269767053604467 3.091911829939055e-6 0.0002196736560927739 0.00022265019467100945 2.269953887721319e-5 0.0011426742426228552 0.0006682405614562545 -2.1295344142805906e-5 9507.350780127903 7.387780599163517e8
6000 195779.90009827437 32.74268648025346 3.994184046718244e-6 0.00019061975532933282 0.0001162977567609101 2.2356936341837057e-5 0.0005428543126513886 0.0003833710486428161 3.0890361653800368e-6 0.0002206576126657277 0.0002225823675020219 2.1943983563617606e-5 0.0011552628994565017 0.0006716967790335225 -2.1255151538569523e-5 9507.350780127908 7.38778059881485e8
6050 197415.54894889068 32.687572486316235 3.980773742242931e-6 0.0001917376534522057 0.00011516418530211629 2.1189921960468344e-5 0.0005426632953525324 0.00038754226245778565 3.0786648567411185e-6 0.00022237940978479532 0.00022111572917235718 2.0799458294416833e-5 0.001161584468881894 0.000708375316331352 -2.11879273971166e-5 9507.350780127928 7.387780598467687e8
6100 199046.5444124744 32.65201495248121 3.960967004787796e-6 0.0001931352174575098 0.00011368198926247996 2.046017685209975e-5 0.0005396798791464556 0.0003857642620674523 3.063346652170565e-6 0.00022474467026353784 0.00021841715856721133 2.0081750389280457e-5 0.0011662512781518378 0.0008079318424927713 -2.1102277188775397e-5 9507.350780127901 7.387780598122834e8
6150 200678.6624114103 32.63637590754784 3.93816261189459e-6 0.00019477565032841672 0.00011198241329582073 2.191369679135493e-5 0.0005298477875907354 0.00037998598292196214 3.045710110250558e-6 0.00022769807311912848 0.00021476856516178938 2.1508807702504697e-5 0.0011478238133790502 0.0008787010919197387 -2.1017009750549888e-5 9507.3507801279 7.387780597779096e8
6200 202310.51426207222 32.64099227867624 3.917672890212777e-6 0.0001966083725454931 0.00011019867089250938 2.296658473350822e-5 0.0005136716500336578 0.0004026862278079624 3.0298636969287327e-6 0.00023116436993542077 0.0002105298127993453 2.254382466846173e-5 0.001115160335033672 0.0009272385640433571 -2.094371439656783e-5 9507.350780127905 7.387780597436692e8
6250 203943.11532273178 32.665931946121155 3.907262873746251e-6 0.00019856675996415688 0.00010845056770448641 2.362281005519477e-5 0.0005027329627134427 0.0004212629497458513 3.0218127616232604e-6 0.00023500435676168581 0.0002060847573807004 2.3185747346121046e-5 0.0010671866231250977 0.0009360641954687388 -2.090493089706915e-5 9507.350780127883 7.3877805970952e8
6300 205576.79051785142 32.66264073186154 3.9100639145533465e-6 0.00020057049883829515 0.00010683152943905917 2.3925769465649287e-5 0.0004854175208281002 0.0004315299424893099 3.023979040456928e-6 0.00023902244194741812 0.0002018053403209537 2.3483181994474445e-5 0.0009714866547323722 0.0009463840353486586 -2.091524119859866e-5 9507.350780127903 7.387780596753634e8
6350 207209.253202689 32.63970693925176 3.922221682595349e-6 0.00020252679354368876 0.00010541579558251888 2.3908645746277853e-5 0.0004882874592777077 0.00043691111217901706 3.033381658045049e-6 0.00024299884293652252 0.0001979956163860201 2.346814436683158e-5 0.0009246427827473227 0.0009627773519381654 -2.0975734783910222e-5 9507.350780127897 7.387780596411787e8
6400 208828.63970964335 32.637038888474315 3.937776820258327e-6 0.0002043304130919614 0.00010425654152938741 2.36041148908074e-5 0.0005063269707377056 0.0004494187804162223 3.0454117453520098e-6 0.0002467016600987102 0.0001948228329417925 2.3167515735604017e-5 0.0008826062139371488 0.000985641105434576 -2.106861022908464e-5 9507.350780127925 7.387780596071429e8
6450 210460.85344251367 32.65451603118685 3.9533848946054005e-6 0.00020592649843982803 0.00010336440004222684 2.3859259194997195e-5 0.0005211581829328055 0.0004651487965425865 3.0574827730186657e-6 0.0002500040017736835 0.0001922640943096502 2.3418249263431363e-5 0.0008197490015321277 0.0010065936265992808 -2.116477883716608e-5 9507.350780127932 7.38778059572672e8
6500 212094.45163074785 32.69195416769191 3.967747596867589e-6 0.00020722976082780832 0.00010277947015971364 2.408259777931826e-5 0.0005325127765367675 0.0004850877847410283 3.0685906504226477e-6 0.0002527060964071255 0.00019035930868994925 2.3638836033650955e-5 0.0007331737637806978 0.001030237944813612 -2.1237448053226655e-5 9507.350780127954 7.387780595380324e8
6550 213730.42086787286 32.74887167646723 3.980610443644631e-6 0.00020818975269872475 0.00010252177776948452 2.4171525587968546e-5 0.0005425092839500324 0.0005106100276653397 3.078538564294377e-6 0.0002546517865583346 0.00018915129203912526 2.3725188266542666e-5 0.0006313473164199354 0.001058945515104041 -2.1274143220754036e-5 9507.350780127877 7.387780595032524e8
6600 215369.71862205575 32.82458919062446 3.9909179988736514e-6 0.00020878266224284058 0.00010260366524477053 2.3984811971033744e-5 0.0005511239199657266 0.0005437030455524629 3.08651025776388e-6 0.00025570697599935465 0.00018870899536547843 2.354142391626768e-5 0.0006061753922892858 0.001094013076957534 -2.127195376803582e-5 9507.350780127863 7.387780594683769e8
6650 216983.32269125603 32.75648087142333 3.99524334114171e-6 0.00020900650245835988 0.00010302455999613924 2.3284797082499846e-5 0.0005512990176211134 0.0005090351693601505 3.089855406243035e-6 0.0002557912017652793 0.00018909615254290353 2.2854968077515952e-5 0.000605659889429788 0.001107954723576537 -2.1229442064463055e-5 9507.350780127903 7.387780594340777e8
6700 218619.56077173926 32.6974029280286 3.989546769715514e-6 0.000208896928245064 0.00010381300859080495 2.187805929014071e-5 0.0005495853827725892 0.00047980504024580217 3.0854497717133364e-6 0.00025491657280607346 0.00019036505367131724 2.1474761157907155e-5 0.0006091185623561579 0.0011226778596728723 -2.1147955044649195e-5 9507.350780127883 7.387780593994013e8
6750 220253.33706606872 32.6577222467435 3.975582059756259e-6 0.00020850067933117364 0.00010496186244090646 2.002953140929259e-5 0.0005455404266524525 0.0004564953736604573 3.074649695001556e-6 0.0002531904411551853 0.00019247952937124122 1.965949184993557e-5 0.0007219398324909525 0.0011495142754811248 -2.1042255929895572e-5 9507.350780127888 7.38778059364937e8
6800 221885.63518092272 32.63794585555972 3.9575297525413796e-6 0.00020788215438603732 0.00010643952618420035 2.183078387001239e-5 0.0005359421287518086 0.0004371094065588421 3.0606883378871244e-6 0.00025079546446662786 0.00019533618044325994 2.142682746941605e-5 0.0008166317454774721 0.001163483441709603 -2.0948174127965326e-5 9507.350780127941 7.387780593306727e8
6850 223517.45908137437 32.6383846765655 3.9384723296138985e-6 0.00020711492467111387 0.00010820314812569278 2.3064671513259452e-5 0.0005280880230056442 0.00042661168704445884 3.045949640833843e-6 0.00024793310477367957 0.00019880602971619039 2.2639427250931934e-5 0.0008934913026686965 0.0011520515635565969 -2.0878903372457733e-5 9507.350780127927 7.387780592965468e8
6900 225129.8213024495 32.65877243255302 3.924570444334515e-6 0.00020628071806862275 0.0001101608422771883 2.386578130203157e-5 0.0005190803813109762 0.0004177742315778173 3.0351981516947004e-6 0.00024483392267904874 0.00020270738484669522 2.342442795933955e-5 0.0009609818090234511 0.0011231922481699595 -2.0846159800482363e-5 9507.350780127874 7.387780592629151e8
6950 226763.45755198938 32.67024475855148 3.92091178965855e-6 0.00020542858033288668 0.00011225812910722366 2.433666084839817e-5 0.0005024113979909515 0.00040207964707240115 3.032368608419426e-6 0.00024160227056143341 0.00020700501082743502 2.3886433226991514e-5 0.001010672180820861 0.0010734761213051331 -2.085833553811823e-5 9507.35078012789 7.387780592288619e8
7000 228396.18844762165 32.642914238255244 3.928256062627212e-6 0.00020463811693894338 0.00011433913824515904 2.4446185741089406e-5 0.0005118730543929276 0.0003763771393589323 3.0380485481873864e-6 0.00023846079685252918 0.00021148751247658236 2.3996383287441406e-5 0.0010305555407771254 0.0009994945536767148 -2.0919044705623515e-5 9507.350780127928 7.387780591947641e8
7050 230028.07056445215 32.63589839652058 3.942869350743155e-6 0.00020397123955834333 0.00011625375927251446 2.417676334530493e-5 0.0005240553735335349 0.00034586971511752716 3.04935022456429e-6 0.00023558270017001699 0.00021593332617909515 2.3730247018377837e-5 0.0010531284937838736 0.0009256743965816884 -2.1016278374633014e-5 9507.350780127927 7.38778059160545e8
7100 231660.11955522193 32.64916042925572 3.960324897027225e-6 0.00020348531693543796 0.00011784446967372268 2.3584210009244065e-5 0.000530995274522462 0.0003099404632151566 3.0628500566021557e-6 0.00023313920375813433 0.00022005151686387773 2.3147931799006664e-5 0.0010802159490342917 0.0008835413418265488 -2.1122222455122372e-5 9507.350780127925 7.38778059126153e8
7150 233280.0 19.338431910640793 3.977426581707146e-6 0.0002032345006603075 0.00011896724584678701 2.4087026367613088e-5 0.0005423638503998835 0.00026869950328601726 3.076076217903713e-6 0.00023130902791427502 0.00022348356046458649 2.364326043398489e-5 0.0011044056992705563 0.0008186554863287851 -2.1210374056246242e-5 9507.350780127894 7.387780590918676e8
7200 234915.36980080808 32.734847700203936 3.9915032160825786e-6 0.00020326034486688435 0.00011954286021271465 2.4262165482885806e-5 0.0005530430765144318 0.00030896822260557694 3.0869628551143807e-6 0.0002301968551230323 0.00022596187385407883 2.3814032001080333e-5 0.0011374238898861464 0.0007307673258770722 -2.1268245775641128e-5 9507.350780127901 7.387780590571232e8
7250 236553.8632406252 32.80655175655573 3.999042999190776e-6 0.00020360257582825904 0.00011951271542079627 2.396717633671747e-5 0.0005612209453148429 0.0003765966729517667 3.0927939992049055e-6 0.00022990642136100554 0.00022719611345349384 2.3524381456847443e-5 0.0011773493621873993 0.0006928920791577851 -2.1286621876427462e-5 9507.350780127932 7.387780590222588e8
7300 238194.03979978457 32.77076201420028 3.99807344335214e-6 0.00020428129552913584 0.0001188788948354159 2.3214319404990475e-5 0.000562876228624561 0.00040890916544864404 3.0920441606868733e-6 0.0002304730016368265 0.00022703376691636388 2.27856658838502e-5 0.0011986408457960159 0.0007278036058651534 -2.125555919792793e-5 9507.350780127887 7.387780589873643e8
7350 239830.89454566606 32.70784055921063 3.988225597791913e-6 0.00020529818018758658 0.00011770787774228187 2.2018343139913952e-5 0.0005638417402335155 0.0004174445740486377 3.0844279991036697e-6 0.0002318872012028135 0.00022547392137084292 2.1612067761483716e-5 0.0012120825287640887 0.0007357860099802858 -2.117557313215668e-5 9507.350780127932 7.387780589526324e8
7400 241465.09189287762 32.664188157332006 3.971875118134094e-6 0.0002066374509291886 0.00011613162323797175 2.031146580723211e-5 0.0005650821186253374 0.0004172890199228513 3.0717828073969027e-6 0.0002340994564806699 0.0002227031895166501 1.9936319984489345e-5 0.0012374878797203287 0.0007943345864743791 -2.106140273209841e-5 9507.350780127907 7.387780589181138e8
7450 243095.2875931342 32.64037177297853 3.953021366806827e-6 0.00020825394132024442 0.00011430557816589329 2.02538517761795e-5 0.0005594332960007971 0.00041031666199460603 3.0572016266044723e-6 0.0002370143290087424 0.00021904292336042484 1.9878888981859963e-5 0.00124862848040764 0.0008478425773872067 -2.0954167511722703e-5 9507.350780127874 7.387780588838739e8
7500 244727.12744022664 32.63667485770991 3.9337361477925205e-6 0.000210101869620797 0.0001123561091332756 2.1392715851928063e-5 0.0005464320069543872 0.0004084806443523503 3.0422867558084904e-6 0.00024052575001896624 0.0002148290158848228 2.099763463770092e-5 0.0012331578591802447 0.0008854714093870505 -2.086983201720768e-5 9507.350780127887 7.387780588497564e8
7550 246359.30039369786 32.6532981349754 3.918490469342769e-6 0.00021211291861835028 0.00011040615003645148 2.204820373872185e-5 0.0005291352732867688 0.0004255428141613833 3.030495999161199e-6 0.0002444857473899372 0.00021041041364345894 2.164100267069287e-5 0.001195941676657415 0.0008973575375095361 -2.0819756054527295e-5 9507.35078012791 7.387780588157377e8
7600 247992.77170800578 32.677727589000256 3.912188776137232e-6 0.00021420661652088736 0.00010855536151531824 2.2362803532029577e-5 0.0005133305901042662 0.0004354479667509966 3.0256223734132657e-6 0.00024871472417353535 0.00020609296366293274 2.1949138842958648e-5 0.0011248246691833031 0.00092021115892647 -2.081513842730249e-5 9507.350780127897 7.387780587817417e8
7650 249625.77861222587 32.64654308777131 3.917049708812549e-6 0.00021628681659384928 0.00010688365066540801 2.2535188050235794e-5 0.0004929503560907947 0.0004432374750421603 3.029381738693727e-6 0.00025299186297961435 0.0002021254254920886 2.2120823664530815e-5 0.0009879704711864559 0.0009421888189100804 -2.0861123795580245e-5 9507.350780127897 7.387780587477156e8
7700 251245.36428220355 32.63566456528482 3.93111297859876e-6 0.00021823685540453894 0.00010546255509001338 2.3184268922449895e-5 0.0005117573211796171 0.0004555024658917937 3.0402580399527527e-6 0.00025705128878660076 0.00019869783556681952 2.2755781337113094e-5 0.000888491581049663 0.0009667554385781649 -2.0947369868645373e-5 9507.350780127852 7.387780587138659e8
7750 252877.29943151973 32.64492781787756 3.950224775959639e-6 0.0002199943761224642 0.0001043081171117429 2.433990471912938e-5 0.0005261873375801872 0.0004681092015832497 3.0550387892977507e-6 0.00026073779220843365 0.0001958501331094736 2.38897415643179e-5 0.0008425674407785244 0.0009933396274555415 -2.1048490434088447e-5 9507.350780127927 7.387780586795974e8
7800 254510.21155818057 32.674291244641964 3.970221298819865e-6 0.0002214657608967307 0.0001034631909808157 2.509698877066245e-5 0.0005363319752328257 0.0004824917428912901 3.0705037707739005e-6 0.0002638225843523424 0.00019368137903385348 2.463435359194134e-5 0.0007680941273011226 0.0010218336115218438 -2.113607088753742e-5 9507.350780127923 7.387780586451502e8
7850 256145.0962472598 32.7233528811209 3.9881763270247685e-6 0.00022259101375461622 0.00010295144133703428 2.5435934034673024e-5 0.0005557602946163214 0.0005138603316584905 3.0843898939050028e-6 0.00026613238994471316 0.0001922553137699192 2.496642367632694e-5 0.0006759811536445226 0.0010571955105743984 -2.119227623679043e-5 9507.35078012792 7.38778058610545e8
7900 257782.92394035577 32.79151311127525 4.001282031327857e-6 0.00022333642001511197 0.00010278918862554801 2.5314111083400618e-5 0.0005723500059195256 0.0005527075043881184 3.0945256297862336e-6 0.00026752967775466936 0.00019162454656360776 2.4846198904540942e-5 0.0006286852119627829 0.0010977635737497234 -2.1209264295248365e-5 9507.350780127897 7.387780585758141e8
7950 259396.73966480227 32.78610316677699 4.006296747044266e-6 0.00022369178465824697 0.0001029805531884883 2.4675276160924837e-5 0.0005835898928783724 0.0005536889652217064 3.098403928339334e-6 0.00026792231660395727 0.00019182119460259357 2.4219217284334652e-5 0.0006406877188823058 0.0011247660045579898 -2.1182331513474222e-5 9507.350780127883 7.387780585415994e8
8000 261034.26254875786 32.719276602737665 4.001031416617098e-6 0.0002236851886171159 0.0001035465403952366 2.3412319784546366e-5 0.0005894184479607678 0.0005249538196319816 3.0943318084965785e-6 0.0002672918385454353 0.0001928777566144449 2.298030494550521e-5 0.0006482496913470996 0.0011384227714352313 -2.1108342842035433e-5 9507.350780127881 7.387780585069681e8
8050 262668.92909180914 32.67158133347756 3.986637582755459e-6 0.00022335414071166703 0.00010450240064881039 2.160846635275239e-5 0.0005905696239597851 0.0005016426921077758 3.0831998544267086e-6 0.0002656953339854773 0.00019478130734021926 2.120974793494908e-5 0.0007101290378550654 0.0011581593222060986 -2.099316793391125e-5 9507.350780127917 7.387780584725608e8
8100 264301.7116917906 32.643606302861535 3.968822651073185e-6 0.00022275725754283883 0.000105836005879794 2.000529544579944e-5 0.0005859267386928117 0.0004820206480489131 3.069422079640122e-6 0.0002633003959679494 0.00019745747997451462 1.9635111568075468e-5 0.0007667359210595865 0.0011758396931756622 -2.0875469118064133e-5 9507.35078012798 7.387780584383724e8
8150 265933.6072023295 32.63574454743428 3.950362369331896e-6 0.0002219686472335997 0.00010750698077458291 2.154024336069296e-5 0.0005737665360404894 0.00046453858240202707 3.0551452017459634e-6 0.00026032459945622395 0.00020078833301493602 2.1142139434964526e-5 0.000857318675703649 0.0011703614382704845 -2.0782536392978715e-5 9507.350780127925 7.387780584043933e8
8200 267565.6270759137 32.64819017353148 3.934928963354608e-6 0.00022106480052765288 0.00010945165497411731 2.279252341720184e-5 0.0005562677884357201 0.00044755615152414826 3.0432092597211712e-6 0.00025698453454247125 0.0002046509272141761 2.2372610980532306e-5 0.0009391557909244264 0.0011410971117857584 -2.072810397761877e-5 9507.35078012791 7.387780583705267e8
8250 269179.288034966 32.680423106278646 3.927245852274282e-6 0.00022013140097190955 0.00011154524406822923 2.3544017554726383e-5 0.0005403186266434064 0.0004351951929940295 3.037267268136787e-6 0.000253523370719846 0.00020887819609662 2.310839005738305e-5 0.0010130023174517505 0.0010880888512244454 -2.072089987630403e-5 9507.350780127927 7.387780583370862e8
8300 270812.6457943141 32.65160408600525 3.9300561673426475e-6 0.0002192185199352243 0.00011370605550194462 2.3949989200305748e-5 0.0005234003459131941 0.0004123245527710156 3.0394407195293376e-6 0.0002500535084130011 0.0002134418809317662 2.3508186624578515e-5 0.0010391962809718283 0.0010210664384129248 -2.076194078084099e-5 9507.350780127954 7.387780583032115e8
8350 272444.7514131966 32.63631382458626 3.9433139422898665e-6 0.00021840395398481678 0.0001157571810167099 2.4031261124424855e-5 0.0005375061869945955 0.0003841607808842411 3.049694064345466e-6 0.0002468088769126556 0.00021810256033076296 2.358721933044823e-5 0.0010605527686145004 0.0010284090429524848 -2.0845164444273975e-5 9507.350780127941 7.387780582692684e8
8400 274076.61084253003 32.64134051440052 3.9635671516721516e-6 0.0002177464449710961 0.00011754485884180778 2.3729761498343047e-5 0.0005477335119669582 0.000350598869202683 3.0653575629512357e-6 0.00024397355284133643 0.00022259026189897397 2.3290502432860096e-5 0.001085586924554497 0.0009904432681090316 -2.095094752071554e-5 9507.350780127907 7.387780582351664e8
8450 275709.23670513945 32.66652460581904 3.985498676710018e-6 0.00021730304641217243 0.00011892943428724153 2.4513525860634975e-5 0.0005552418782425664 0.0003110689044667987 3.0823190432457067e-6 0.00024172782533521346 0.00022656593725693512 2.406094258987724e-5 0.001110589175370566 0.0009345654905993281 -2.1053565187074693e-5 9507.350780127896 7.387780582008795e8
8500 277330.15423978673 32.71105588400129 4.003981707380153e-6 0.00021712625718581845 0.0001197912285715358 2.4947777825257508e-5 0.0005671768744767634 0.0002896768270656522 3.096613514788773e-6 0.00024023248358672587 0.00022965248755354135 2.4487385073436114e-5 0.0011421401763622512 0.000851076285538156 -2.1130599617642484e-5 9507.35078012787 7.387780581666822e8
8550 278967.2619489032 32.77512051422297 4.015936813315485e-6 0.00021725567555579232 0.00012007401031479778 2.506738064728115e-5 0.0005768925347958559 0.00036746408026353645 3.1058593968407982e-6 0.00023955917764965288 0.00023159518564238744 2.4604237331080675e-5 0.0011807601862866201 0.0007506601691249106 -2.1169464877026658e-5 9507.350780127907 7.387780581320505e8
8600 280607.5652810604 32.80186148151378 4.019146735756364e-6 0.0002177228102943178 0.00011975358621882492 2.4543390038431564e-5 0.000582444540613211 0.0004281321037657601 3.108341897994788e-6 0.00023976312983373395 0.00023215083758620073 2.408978108419688e-5 0.0012092309891931722 0.0006926301534439675 -2.1162913192130534e-5 9507.35078012787 7.387780580973265e8
8650 282245.7804818321 32.73125926381191 4.012613160800907e-6 0.00021853597270541356 0.00011887222795124684 2.3453460520821625e-5 0.0005821820587966662 0.0004403234547715385 3.103288938719564e-6 0.00024083912390531728 0.00023123401950444198 2.3020371428719222e-5 0.001212129502437185 0.0006936256568097465 -2.1104825371725755e-5 9507.35078012791 7.387780580626909e8
8700 283880.9467306542 32.67964462396761 3.997381746942633e-6 0.00021969162092108988 0.00011752885656550924 2.172897813501524e-5 0.0005832747833147654 0.0004427260603104583 3.0915092140731126e-6 0.00024275334336743487 0.00022893788939419378 2.132881535152403e-5 0.0012181982319734287 0.000771134783610682 -2.1003167529662352e-5 9507.350780127917 7.387780580282674e8
8750 285511.80325686885 32.64767605553196 3.979208126105095e-6 0.00022115627681313708 0.00011587096578643162 1.988892043558528e-5 0.0005809190757093434 0.0004373518443216881 3.077454035002198e-6 0.0002454361731163841 0.00022554244816891503 1.9521000479734648e-5 0.001224912355163455 0.0008647241987284759 -2.088827499197469e-5 9507.35078012794 7.387780579941093e8
8800 287143.79750139924 32.63569917642505 3.960857585927376e-6 0.00022288948294015142 0.00011403662931146378 2.1163437948246858e-5 0.0005722056770207078 0.00042608427082257386 3.063262029425549e-6 0.00024880209263832936 0.0002213974273504601 2.0772375469524853e-5 0.0012074417827282336 0.000946455230000676 -2.0791128920332107e-5 9507.35078012791 7.387780579600952e8
8850 288775.7096021293 32.6440071992004 3.944864645914653e-6 0.00022482913987405888 0.00011215895023948216 2.2515400655359814e-5 0.0005579587893885622 0.0004157282550980614 3.0508933529914346e-6 0.00025271799200262204 0.00021687959967330633 2.2101477047426315e-5 0.0011763526365150404 0.001003264609952415 -2.072481854942508e-5 9507.350780127928 7.387780579262302e8
8900 290408.55550253356 32.672633009083626 3.935323864167306e-6 0.00022689451636097337 0.00011034939198427547 2.327442200476431e-5 0.0005405495945415804 0.0004306892700214755 3.0435146695050857e-6 0.0002570090943429513 0.00021232854389762165 2.2844007301274497e-5 0.0011251555265111663 0.0010271523287813922 -2.0703492741251564e-5 9507.350780127897 7.387780578924083e8
8950 292042.1335561793 32.656863989730326 3.935173893192884e-6 0.00022898937474214305 0.00010869377557931537 2.3657272344774005e-5 0.0005235799691385938 0.00043467177819483943 3.043398684425133e-6 0.0002614614302563638 0.00020801781294693255 2.3220061715611074e-5 0.0010106972876038072 0.0010494567272362472 -2.073296336860896e-5 9507.350780127883 7.387780578585794e8
9000 293674.4033376104 32.63769574855116 3.944274548925601e-6 0.00023100560616146518 0.00010726323402853386 2.376945133361627e-5 0.0004999777539011375 0.0004460699119269725 3.050436981697959e-6 0.00026582766518505537 0.0002041507211765101 2.3330722142719306e-5 0.0009062963639439538 0.0010725142331628069 -2.0809082940075943e-5 9507.35078012788 7.38778057824681e8
9050 295293.91695533844 32.638766074135866 3.959267124236112e-6 0.00023282851720966873 0.00010611099763782264 2.3503578208795834e-5 0.0005165551608904956 0.00045760934496821446 3.0620319925455986e-6 0.0002698338153513585 0.00020087631562228932 2.3068493146312323e-5 0.0008701368535526951 0.0010983290150602188 -2.0910260572029622e-5 9507.350780127888 7.38778057790893e8
9100 296926.31236867653 32.65997164779885 3.9766190124508054e-6 0.00023439798934658693 0.00010525300621001878 2.4176361736904533e-5 0.0005316752689020324 0.00047087603454230994 3.075451657140169e-6 0.00027330868743881826 0.00019823743628427269 2.372979966904724e-5 0.0008094249543031542 0.001120484456636747 -2.100817855640992e-5 9507.350780127948 7.387780577566813e8
9150 298560.27682526875 32.7010601519722 3.993704901584479e-6 0.00023562734894652085 0.00010472971703255534 2.5436564515149837e-5 0.0005420652752640177 0.0004947723620294732 3.088665602424648e-6 0.0002760084713800798 0.00019634425706704153 2.4967360792635002e-5 0.0007257004912176989 0.001149450835333322 -2.1078787910728737e-5 9507.350780127945 7.387780577222894e8
9200 300196.79206561815 32.761512884874215 4.0082894894290464e-6 0.00023646949305725204 0.0001045611403228859 2.5968699258709325e-5 0.0005584748443104207 0.0005286306308327384 3.0999450824845016e-6 0.0002777662613858088 0.00019526399172971635 2.548951733727104e-5 0.0006261248547092793 0.0011848203974043022 -2.111052502485069e-5 9507.350780127887 7.387780576877577e8
9250 301836.71852007904 32.81742150700648 4.017238081794721e-6 0.0002369067098312242 0.00010475725167717063 2.570327909577885e-5 0.0005733334490757653 0.0005588529605040107 3.106865776454294e-6 0.0002784776625118074 0.00019504119741189992 2.522825430272516e-5 0.0006300109567690953 0.0012197158707265997 -2.1101188617333385e-5 9507.350780127861 7.387780576531453e8
9300 303448.50500534923 32.74436637165474 4.016973944883128e-6 0.0002369483750461811 0.000105310442958028 2.4682038316386175e-5 0.0005807893881280231 0.0005292407706958851 3.106661497315096e-6 0.00027811714948194357 0.00019567257169360213 2.4226146525467918e-5 0.0006376232277443879 0.001229611530644651 -2.104594239643369e-5 9507.35078012792 7.387780576191759e8
9350 305084.2254168377 32.688761234819616 4.005404023011095e-6 0.00023663466148235373 0.00010625255020470688 2.292576668446311e-5 0.0005851810584654796 0.0005059798514875592 3.0977135102737302e-6 0.0002767196131083778 0.00019715424417566073 2.2503305117249786e-5 0.0006533697425431855 0.0012410622617503194 -2.095123447242598e-5 9507.350780127921 7.387780575848241e8
9400 306717.66045040893 32.65265632406214 3.986797042251592e-6 0.00023602043527703298 0.0001075696773564232 2.051365643162362e-5 0.0005860356210337227 0.0004873302104495589 3.083323177775092e-6 0.0002744180365746428 0.0001994200583267758 2.0134268502229792e-5 0.0007524976206640945 0.0012627162249926138 -2.0837198100206975e-5 9507.350780127917 7.3877805755069e8
9450 308349.7980047571 32.636525334356236 3.9656144390624875e-6 0.0002351787862450571 0.00010922139188377602 2.1018034637140857e-5 0.0005799276905373697 0.00047145285350421785 3.066940901303583e-6 0.0002714096935464695 0.00020238625408320633 2.0629614591261115e-5 0.0008492836479115531 0.0012677245085178966 -2.0737639853167556e-5 9507.350780127883 7.38778057516767e8
9500 309981.64469190815 32.640646367722134 3.945906817449596e-6 0.00023419005639505153 0.00011114811991083084 2.2142961789753704e-5 0.0005668736710251268 0.00045691377387360775 3.0516993512947054e-6 0.00026791331290995814 0.0002059633859201766 2.173531976603526e-5 0.000932495277808183 0.0012471805144082665 -2.0667257869408966e-5 9507.350780127907 7.387780574829916e8
9550 311595.2124303044 32.664694965323 3.933653609016564e-6 0.0002331426875157456 0.00011324231861044746 2.2847942642453555e-5 0.0005500071512177081 0.00044217631114771384 3.042222921678618e-6 0.000264194135429905 0.00020999639902317084 2.2425216202625e-5 0.001009105128897909 0.0012064608781919746 -2.064082310942952e-5 9507.350780127883 7.387780574496696e8
9600 313228.8882780993 32.663687577184376 3.932291580162865e-6 0.00023208614574484723 0.00011543793655839388 2.3218514429821373e-5 0.000528233131339405 0.0004219173150032322 3.0411695509933923e-6 0.0002603927947048383 0.0002144308834009921 2.278897324457331e-5 0.0010604719476041036 0.0011412118505040574 -2.0664181871083115e-5 9507.350780127876 7.387780574159354e8
9650 314861.38701612287 32.640114661062476 3.941703853511365e-6 0.0002311072217452144 0.00011756452958192878 2.3360215865548628e-5 0.0005255376497712181 0.00039772131526811155 3.048448848199616e-6 0.0002567866265677991 0.00021900172015160857 2.2929995857189352e-5 0.0010900017767042454 0.001049042188862326 -2.0735392659955085e-5 9507.350780127921 7.387780573821523e8
9700 316493.2252315232 32.63686466391737 3.958457673479684e-6 0.0002302727669465665 0.00011946760976708195 2.3142767344411526e-5 0.0005375934921791837 0.00036799611454735266 3.061405976660441e-6 0.00025357664068942083 0.00022344314883051357 2.2714776750325118e-5 0.0011223325145287497 0.0009594307457467077 -2.0837567551391078e-5 9507.350780127914 7.387780573482314e8
9750 318125.41797765874 32.653861172409435 3.977748933255562e-6 0.00022964508001444093 0.00012100274323858028 2.4099517491721073e-5 0.0005614803637176407 0.00033214998040402154 3.0763255192824834e-6 0.00025093390781312166 0.000227456897751219 2.3653997068579913e-5 0.0011559770306040654 0.0009153213368647736 -2.094232931022968e-5 9507.350780127916 7.387780573141317e8
9800 319745.3799435335 32.69043623363282 3.995088883195297e-6 0.00022928170712396424 0.0001220457856203987 2.5226887826104483e-5 0.0005710050574292859 0.0003032836321579886 3.0897359510104273e-6 0.00024901260742218607 0.00023070872407742978 2.476202164283155e-5 0.001186777204213643 0.0008430161957535226 -2.10239123812809e-5 9507.350780127908 7.387780572801301e8
9850 321381.2572790212 32.746728796312645 4.0078453032534285e-6 0.0002292214770179581 0.00012253300976603176 2.5930657535810096e-5 0.0005868390061290564 0.00033352332862405463 3.0996015562107486e-6 0.00024788287759630313 0.00023295780815224863 2.5451782227088422e-5 0.0012241917447188332 0.0007468665296533166 -2.1068493802711773e-5 9507.35078012786 7.387780572457004e8
9900 323020.4323552885 32.821840819831515 4.013813101622221e-6 0.00022950289677089582 0.00012242386817870861 2.592141229669455e-5 0.0005875237869899386 0.0004216721743498963 3.104216953190984e-6 0.00024763084342882736 0.00023392562629449026 2.5442238113759465e-5 0.0012658569143045011 0.0007583201389397785 -2.106768930868738e-5 9507.35078012792 7.387780572111633e8
9950 324660.1422435306 32.757879915059696 4.011223112297462e-6 0.00023014309489367905 0.00012174195834748158 2.5212173313858912e-5 0.0005745910016159099 0.00044818976855396427 3.1022138980986373e-6 0.0002482947034116562 0.00023345217647043228 2.474681249331828e-5 0.001278831063491416 0.0007679683167866235 -2.101666001493348e-5 9507.350780127923 7.38778057176652e8
10000 326296.44052120124 32.698416374506785 3.999371222569131e-6 0.00023114289111619284 0.00012057092143342532 2.3820532593430898e-5 0.000577222544950026 0.00045935087014561515 3.0930478417603252e-6 0.00024987822739332496 0.0002315418020969076 2.338137226104242e-5 0.0012881201255281914 0.0007788110008359789 -2.0920704688042988e-5 9507.350780127943 7.38778057142333e8
10050 327930.2573046281 32.658334261259725 3.982310875869901e-6 0.00023248187823801742 0.00011904353007086538 2.1742998999223185e-5 0.0005792419313301245 0.0004604432984704739 3.0798536505730434e-6 0.00025233624800014037 0.00022841343401144973 2.134136328007413e-5 0.001309247116220756 0.0008504037529338839 -2.079947701347887e-5 9507.350780127888 7.387780571082523e8
10100 329560.46364621655 32.63816024620732 3.964250397103753e-6 0.00023411487862377777 0.00011730489174248392 1.9878143915360194e-5 0.0005752900095365138 0.0004533314656158896 3.0658859737167097e-6 0.0002555648568770672 0.00022443614250907852 1.9510286098881322e-5 0.0013062752934268288 0.0008944052828953854 -2.0694878207897404e-5 9507.350780127907 7.387780570744393e8
10150 331192.2870616193 32.63815984387583 3.946831709461417e-6 0.00023599266642281962 0.00011547678145892718 2.1444954279834003e-5 0.0005638514068181434 0.00044017274520211005 3.0524146475455312e-6 0.00025943445541905307 0.00021998336258016607 2.1049492794427695e-5 0.0012775614963030238 0.0009361056569717107 -2.062338207684079e-5 9507.350780127896 7.387780570407305e8
10200 332824.6288177429 32.65848980933901 3.933880426742164e-6 0.00023804006127381574 0.00011367238663985264 2.2587480983760608e-5 0.0005485432396380469 0.00042342176829988665 3.0423983387732987e-6 0.0002637658052319422 0.00021540559834613967 2.2169782093348313e-5 0.0012268275439660363 0.0009744103212350574 -2.05957994267255e-5 9507.350780127887 7.387780570070889e8
10250 334458.2578160436 32.67046823165244 3.9297247296773655e-6 0.0002401666451819691 0.00011197992919565455 2.3198942027758788e-5 0.0005277574401351586 0.0004371584980341605 3.039184391098132e-6 0.000268351166063287 0.00021098716129123223 2.2769769209140748e-5 0.001133105603423831 0.0010049622476016233 -2.0617105841931234e-5 9507.350780127888 7.387780569734323e8
10300 336090.99704523763 32.64302644420896 3.936475583211268e-6 0.0002422644523211924 0.00011047545183851637 2.335577894069958e-5 0.0005234995319039975 0.00044387899733228434 3.0444053900480703e-6 0.00027294505204030416 0.0002069579358590289 2.2926060779370615e-5 0.0009854213735208026 0.0010346924118128972 -2.068657862770899e-5 9507.350780127921 7.387780569397215e8
10350 337710.62600483216 32.635877194749796 3.9520834372552015e-6 0.000244209657734909 0.00010922193643465638 2.386124115685141e-5 0.0005382409514622353 0.00045076591088624534 3.056476247335676e-6 0.00027726206072213236 0.00020349497381353749 2.3420514881299095e-5 0.0008928925076900532 0.0010666140605024358 -2.0791044453277998e-5 9507.350780127887 7.387780569061353e8
10400 339342.66720312246 32.64887521875956 3.972154129360951e-6 0.0002459343118191775 0.00010822950328055158 2.4955118387556185e-5 0.0005662503318355754 0.00046324765650327814 3.071998590086472e-6 0.00028112562044344485 0.00020064028456669953 2.449347236067659e-5 0.0008428225176818436 0.0010979039226619559 -2.0905274044351313e-5 9507.350780127874 7.387780568721104e8
10450 340975.87069086847 32.68191143148751 3.99202693839829e-6 0.000247341235429378 0.00010753626103376502 2.559280666541344e-5 0.0005779915654137235 0.0004834198041077939 3.0873678933285054e-6 0.00028427460679118435 0.00019850179343139268 2.5121309463190952e-5 0.000766127901901502 0.001131447166117234 -2.1000116943887647e-5 9507.350780127908 7.387780568378847e8
10500 342611.22801509826 32.734547119999654 4.008233793542542e-6 0.0002483701987290311 0.0001071669761406021 2.6316342234432125e-5 0.0005922601464637415 0.0005099178972660752 3.099902008202456e-6 0.00028651457367304226 0.0001971482320299333 2.5830271466234266e-5 0.0006743926766230187 0.0011707183605090016 -2.105735209300925e-5 9507.350780127948 7.387780568034902e8
10550 344249.7037458157 32.80614597616467 4.018210426525438e-6 0.0002489892692611853 0.00010714174386877835 2.641669935414822e-5 0.0005948483403694319 0.000544833922904317 3.1076177718551944e-6 0.000287702481046231 0.00019663108458725374 2.5928633928823314e-5 0.0006146929990321383 0.0012139222576416978 -2.1068927871722746e-5 9507.350780127874 7.387780567689729e8
10600 345862.22191152547 32.77257852053956 4.0198541740651684e-6 0.0002491928802581668 0.00010746602360513211 2.575796314176279e-5 0.0005724502564164058 0.0005297605837627314 3.1088890191331914e-6 0.00028776245638859597 0.0001969694325815788 2.5282266596993138e-5 0.000621231671206308 0.0012352902637503597 -2.103142383332249e-5 9507.350780127885 7.387780567350249e8
10650 347499.1552628196 32.70917432065121 4.011709156595727e-6 0.00024901130269794976 0.00010816940420709439 2.4351938036377216e-5 0.0005696620220347328 0.0005025271037733115 3.102589796755948e-6 0.0002866954359736302 0.0001981781203456648 2.390257993264131e-5 0.000655888453055468 0.0012467324331223713 -2.094740952210252e-5 9507.35078012791 7.387780567006586e8
10700 349133.4065820273 32.665020795216044 3.996219979528733e-6 0.00024849099219338905 0.00010925101517827587 2.223964572338566e-5 0.0005716068648607204 0.00048168964479088 3.0906107222871385e-6 0.0002846016559058991 0.0002002089862341029 2.1828906701647894e-5 0.0007268100225012121 0.0012708689718132899 -2.0831102448090685e-5 9507.35078012785 7.38778056666523e8
10750 350765.95334672526 32.64067214658965 3.978519905418738e-6 0.00024769895392340427 0.00011067521029043602 2.0329018654282967e-5 0.0005676729905942642 0.000464931493843698 3.0769217764567366e-6 0.000281679117971432 0.00020296555239981515 1.995266590586154e-5 0.0008109608153500991 0.001283060088813983 -2.0723750228035787e-5 9507.350780127888 7.387780566326082e8
10800 352397.79576776794 32.63648710466165 3.960659868039787e-6 0.0002467162818391549 0.00011238747916122241 2.215195943431876e-5 0.0005569898730825258 0.0004505166712674365 3.0631091176664323e-6 0.0002781676045623689 0.00020634085226970656 2.1742804499103992e-5 0.0009059527413433936 0.0012664421304065308 -2.0645486871933614e-5 9507.3507801279 7.387780565988569e8
10850 354029.94693181774 32.65262504978888 3.946335688798702e-6 0.0002456230579745552 0.0001143227529485693 2.347967448384508e-5 0.0005424238498353879 0.0004366952383461063 3.0520310333336916e-6 0.0002743076809138981 0.00021024075630873024 2.3046126842534325e-5 0.0009898122052002024 0.0012264332808052622 -2.0608291978877362e-5 9507.350780127943 7.387780565651946e8
10900 355644.84343443584 32.67908092696239 3.940205854874366e-6 0.00024450953136711704 0.00011636453046190983 2.422408123055276e-5 0.0005294055919893451 0.00042618314892593344 3.0472903207222206e-6 0.0002703769266018537 0.00021450446506371336 2.3775933361655378e-5 0.0010613246279253018 0.0011632161015369936 -2.0619581247667558e-5 9507.35078012789 7.387780565319111e8
10950 357277.9014436985 32.64724587552414 3.944782582275132e-6 0.00024342688213151303 0.00011843340585270758 2.449587982517148e-5 0.0005321656927806187 0.0004048565856077199 3.050829886323789e-6 0.0002665148538375843 0.00021905622357865372 2.4045205571827198e-5 0.0010894508324012443 0.0010736041371018888 -2.068100722907229e-5 9507.350780127868 7.387780564981967e8
11000 358909.8847887786 32.63570696420856 3.95916195579608e-6 0.0002424597061530011 0.00012035974516442331 2.432382774971179e-5 0.0005446054330838375 0.0003788738806276637 3.0619506570047384e-6 0.00026297890795794004 0.00022360587813619794 2.3874269316171688e-5 0.0011187219708561338 0.0009907014580905784 -2.078260405290416e-5 9507.350780127916 7.387780564643633e8
11050 360541.80932021915 32.64447123336708 3.979064805926713e-6 0.00024167417811284722 0.00012199496828702951 2.428612016082328e-5 0.0005724354512518767 0.00034732477578230334 3.0773431935364345e-6 0.0002599586832422972 0.00022786195993795033 2.3836955061707623e-5 0.0011536361052818431 0.0009547248107991448 -2.0898661728896836e-5 9507.350780127901 7.387780564303561e8
11100 362174.6860022258 32.67334120101598 3.999481445636908e-6 0.00024113260040606189 0.0001232063345130495 2.5864213092189685e-5 0.0005949933236336318 0.0003097222579178368 3.093133086466191e-6 0.00025762235017756625 0.00023150627177802953 2.538731561025615e-5 0.0011840191178513185 0.0008957800273620488 -2.100091473834034e-5 9507.350780127921 7.387780563961366e8
11150 363795.78756926436 32.7214313545635 4.016349574162004e-6 0.00024088904056020972 0.00012388652168689632 2.6663626915551612e-5 0.0006181995054982686 0.00031135523446993287 3.10617861928245e-6 0.00025610795245204583 0.00023421035583108443 2.6171554984587008e-5 0.001218563931137756 0.0008103304902008374 -2.106888540188885e-5 9507.350780127897 7.387780563620402e8
11200 365433.5031097534 32.78896490300718 4.026884213760087e-6 0.00024098112225572142 0.00012399073062170483 2.6729102508082803e-5 0.0006290515343055796 0.0003903246029861389 3.1143259360632806e-6 0.0002554708003407399 0.00023576402217557072 2.6235034804830247e-5 0.001255300133880865 0.0007083604628099175 -2.1092666756441113e-5 9507.350780127927 7.387780563275079e8
11250 367073.9120250204 32.787592166730455 4.028542661454988e-6 0.00024143919758903067 0.0001235059181488965 2.6090426747504653e-5 0.0006140751995718653 0.0004466224188154737 3.1156085521989735e-6 0.0002557707422821533 0.0002359585782866068 2.560819560030376e-5 0.0012735720438142124 0.0007146504650171045 -2.106507805387032e-5 9507.350780127897 7.38778056292918e8
11300 368711.50007615617 32.72039852099151 4.020537340103395e-6 0.00024226959826312684 0.0001224866204013175 2.4757758029680482e-5 0.000595210565142032 0.0004627970426441843 3.1094173684974757e-6 0.0002570192418315362 0.00023472808855881254 2.4300936042920726e-5 0.0012731847262480193 0.0007301906386693058 -2.0984765939899858e-5 9507.350780127894 7.387780562584813e8
11350 370346.212993096 32.672319683073475 4.005281284209781e-6 0.00024346293463377243 0.00012104467924923805 2.2694651814699264e-5 0.0005719004650564422 0.00046806163088048043 3.097618586107126e-6 0.00025919130273372793 0.00023218883318481152 2.227594730645417e-5 0.0012838462082195579 0.0008070172217106107 -2.0862831653257153e-5 9507.350780127876 7.387780562242737e8
11400 371977.0523693137 32.643971830926766 3.988377902342336e-6 0.0002449785192743592 0.00011932900236966539 1.9932524717846127e-5 0.0005701829449265282 0.00046418156230671435 3.0845457889350794e-6 0.00026220473268019856 0.00022863813843022142 1.9563723448427665e-5 0.0012896324229386608 0.0008908101770589565 -2.074182668952501e-5 9507.350780127917 7.387780561903522e8
11450 373608.95533207816 32.63568518843258 3.971304134581899e-6 0.0002467693405312563 0.0001174692080217629 2.110059065325914e-5 0.000561810363787859 0.0004531415225484678 3.0713412181206352e-6 0.0002659467060779774 0.00022442346894884494 2.071060590353821e-5 0.0012683249598472639 0.000984598563753043 -2.0649631668202392e-5 9507.3507801279 7.387780561565791e8
11500 375240.961407025 32.647706757502725 3.956133254886946e-6 0.000248764901336202 0.00011558546825737614 2.2475828265315343e-5 0.0005484090719237288 0.00043723135878968286 3.059608309598359e-6 0.000270254688425314 0.00021990007886035732 2.2061868347969495e-5 0.0012265499914400713 0.0010441947233886045 -2.0597824673825213e-5 9507.350780127876 7.387780561229302e8
11550 376874.0867724499 32.6800326416009 3.947058862007461e-6 0.0002508764724837632 0.00011377783642832411 2.3294271884419557e-5 0.0005386162980411229 0.0004403523864608932 3.0525903235835955e-6 0.0002749301532482327 0.00021538289876646733 2.2863268782200796e-5 0.0011589932401481874 0.0010752651370730863 -2.0594701172772004e-5 9507.350780127917 7.38778056089303e8
11600 378507.4529115141 32.651756713857964 3.947972900535828e-6 0.00025299880622263877 0.00011212747396982833 2.367821500252055e-5 0.0005459749781983053 0.0004497520459988882 3.0532972259293417e-6 0.0002797315877969265 0.0002111391741333448 2.3241386523648584e-5 0.00101793143666277 0.0011031295241428949 -2.064307375391881e-5 9507.350780127885 7.387780560556295e8
11650 380139.56292536267 32.63633970532944 3.959378523789421e-6 0.00025501835635533584 0.0001107003734559852 2.3649724030309882e-5 0.0005566507809222653 0.0004580768695540231 3.062118147124616e-6 0.0002843861168502944 0.0002073689637412152 2.3212743785550258e-5 0.0008879767826072714 0.0011319651943261855 -2.0737246302005177e-5 9507.350780127925 7.387780560218662e8
11700 381759.21936138324 32.64112909637574 3.9776302818334905e-6 0.00025681765552375524 0.00010954145720447674 2.4026295740941895e-5 0.0005767630635428375 0.0004673146033596981 3.076233756227925e-6 0.0002885970357315209 0.00020421243341593327 2.3581531346865006e-5 0.0008504027005314656 0.001162904587294426 -2.085362453652222e-5 9507.350780127896 7.387780559881909e8
11750 383391.8276545752 32.6660394043817 3.998173927365677e-6 0.0002583329456208419 0.00010866194667710834 2.5918582062582847e-5 0.0006027616839339162 0.00048234275231192676 3.092121873366994e-6 0.0002921770758268279 0.0002017074613602642 2.5440024429528936e-5 0.0007851501473662527 0.0011920216308343903 -2.096334767078103e-5 9507.350780127885 7.387780559540492e8
11800 385026.1883240359 32.71075181865119 4.016770533892293e-6 0.00025947649980870735 0.00010810011161560753 2.7052488719724684e-5 0.0006205302181489883 0.0005085045537104753 3.106504182605578e-6 0.0002948688156339681 0.00019995758053681343 2.6553255834235173e-5 0.0006979385077672109 0.0012267681370192326 -2.1041024739714865e-5 9507.350780127901 7.387780559197192e8
11850 386663.27810539445 32.77470985284659 4.02991865441922e-6 0.00026020280923466985 0.00010787803708851021 2.7361149614946318e-5 0.0006378603891688565 0.0005426272708061025 3.1166727224970822e-6 0.00029650096436867893 0.000199024807380882 2.6855642179319293e-5 0.0006244925456290888 0.00126529856545129 -2.107378675669202e-5 9507.350780127905 7.387780558852394e8
11900 388303.57729558187 32.80247216220834 4.0344520972626135e-6 0.0002604969699863996 0.00010801155460423803 2.684618887801162e-5 0.0006300958983774351 0.0005581456766617507 3.1201788125362837e-6 0.0002969658426210332 0.0001989501967846711 2.635002798330036e-5 0.0006372542803233102 0.0012945040392816813 -2.1057306387065975e-5 9507.350780127925 7.387780558506773e8
11950 389913.6542148767 32.73278268218493 4.028528347259434e-6 0.00026037663138137594 0.00010850641611504906 2.559844964970269e-5 0.0006064220961237031 0.0005284015785153382 3.115597481836043e-6 0.00029624824660723337 0.00019973335365288707 2.512571434362103e-5 0.0006438465765964699 0.0013013061911410332 -2.0988292966951185e-5 9507.350780127937 7.387780558168182e8
12000 391548.8842894103 32.6806810188934 4.012712147935533e-6 0.0002598831430707396 0.00010940060656767923 2.3638099278893042e-5 0.0005892682486206134 0.0005053030861578042 3.1033654937402935e-6 0.0002943882606590808 0.00020138828852726145 2.3202744861798017e-5 0.0006732617669849639 0.0013157122728535528 -2.087411851433002e-5 9507.35078012794 7.387780557825922e8
12050 393182.00687863695 32.6481807420718 3.993226894938359e-6 0.00025907893908561677 0.00011067815090219719 2.106208790954206e-5 0.0005889844949603667 0.0004874068132977803 3.0882959199560675e-6 0.00029155777933825193 0.0002038513235780802 2.0672456753316272e-5 0.000776009047809801 0.0013338747748071337 -2.0747433491629772e-5 9507.35078012794 7.387780557486067e8
12100 394814.01408139407 32.635721745269926 3.9736630596247195e-6 0.00025804458071433927 0.00011229223955371461 2.0454226220569052e-5 0.0005823802817498588 0.00047274841943163124 3.073165571901385e-6 0.00028799919336584736 0.00020702890569729212 2.0076299737582813e-5 0.0008773581367504497 0.0013316129854947312 -2.0642914726179462e-5 9507.350780127903 7.387780557148305e8
12150 396445.9149822876 32.64354669318535 3.956936368975409e-6 0.00025686652245383537 0.00011417360595098618 2.195991075781125e-5 0.0005698854297160974 0.0004593476986702297 3.0602294248100756e-6 0.00028398028732740316 0.00021081109674961804 2.1556120540536372e-5 0.0009670820183866904 0.0013033542746588148 -2.057523201727042e-5 9507.350780127907 7.387780556812056e8
12200 398060.6325722032 32.67127238144412 3.94726053246014e-6 0.0002556417022728965 0.00011620591168270612 2.299613616265028e-5 0.0005529532610418765 0.00044521935397254144 3.0527462921897017e-6 0.00027981123246611963 0.0002150186408218963 2.2570806402159382e-5 0.0010498298335614162 0.0012522467018320476 -2.0558106535420424e-5 9507.35078012791 7.387780556480045e8
12250 399694.23288845195 32.657797604534515 3.947270808818372e-6 0.0002544227351415829 0.0001183113084569007 2.3630379817107198e-5 0.0005474614016721149 0.0004268055682713825 3.0527542397573406e-6 0.000275647719391973 0.00021957246237321057 2.3193565600208612e-5 0.0010964117733572288 0.0011738944499062442 -2.059513013506385e-5 9507.350780127941 7.387780556144003e8
12300 401326.53265004896 32.63797438592322 3.956979689289117e-6 0.0002532998076769407 0.00012032067210429957 2.3828396038248453e-5 0.0005568487469007187 0.0004022193486027379 3.0602629280275565e-6 0.0002717637209094861 0.00022419531124543156 2.3388699263469875e-5 0.0011287747974359503 0.0010611381274760203 -2.0681262059439874e-5 9507.35078012788 7.387780555807185e8
12350 402958.35960945504 32.63847676903814 3.973068977302253e-6 0.00025234000490732535 0.00012208465272258053 2.368912352476586e-5 0.000591525826489722 0.00037207980011206383 3.072706118416663e-6 0.00026834530642071987 0.00022861755561120705 2.3250632610589234e-5 0.0011644430433052323 0.0009454221315146832 -2.079542665425996e-5 9507.35078012792 7.387780555468781e8
12400 404590.7279422914 32.65918888769629 3.991079413147029e-6 0.00025160728898790955 0.00012346244451544539 2.536829547223912e-5 0.0006232036519071861 0.0003356819740249206 3.086635092903818e-6 0.0002655580757431295 0.00023252600724850772 2.4899720886795136e-5 0.0011995081325239193 0.0008975649122464408 -2.0906525415848168e-5 9507.350780127881 7.387780555128385e8
12450 406210.79149504896 32.69936710053403 4.007443868632634e-6 0.0002511625124958476 0.0001243311050173656 2.6671409029649245e-5 0.0006473431143670854 0.0003225750602182841 3.099291093283932e-6 0.0002635612963606012 0.00023555977515744446 2.6179509602564487e-5 0.0012339249501408488 0.0008200720576298756 -2.098865370690857e-5 9507.350780127921 7.387780554789068e8
12500 407847.20585865475 32.75918693276525 4.019873706274119e-6 0.0002510455605202002 0.00012463133467266544 2.7247888917010253e-5 0.0006646054338146007 0.0003687403999750416 3.108904125021742e-6 0.0002624346700169893 0.00023746146891503282 2.6745151470361575e-5 0.0012739420591515577 0.000722866560596496 -2.1028401286546492e-5 9507.350780127885 7.387780554445105e8
12550 409487.03823719267 32.82035938838178 4.025625617069309e-6 0.000251295663362938 0.0001243368533850376 2.706806035163986e-5 0.0006615168637230482 0.0004482764059209376 3.113352558108822e-6 0.0002622754404079889 0.00023798119773169794 2.6567757527546484e-5 0.0013125773436041233 0.000744044561925497 -2.1018881600680385e-5 9507.350780127896 7.387780554100325e8
12600 411126.0724504919 32.74557320294826 4.022431794918532e-6 0.00025192661794053617 0.00012348756062861854 2.6161800379084965e-5 0.0006282808420599607 0.00046501195118790864 3.1108825086537547e-6 0.00026311718327000133 0.00023703199324442411 2.5678588527396722e-5 0.0013214734484469147 0.0007410842867848116 -2.0952595413562613e-5 9507.350780127932 7.387780553756269e8
12650 412761.84394664527 32.68960279278152 4.0096627377968155e-6 0.00025293678763742934 0.0001221805342125238 2.4554135354381802e-5 0.0006084784444727504 0.00047114201572055845 3.101007130156517e-6 0.0002649423049636455 0.00023471494273911075 2.4101661578875953e-5 0.0013333482442230778 0.0008077297847077781 -2.0840754834389998e-5 9507.350780127925 7.387780553414387e8
12700 414395.3114918927 32.653121305936224 3.991911495316053e-6 0.0002542995290779112 0.00012055518417892233 2.2259490189133237e-5 0.0006101141882383587 0.00046822742759773553 3.0872786115499087e-6 0.0002676786017144474 0.00023131405595955444 2.1847843165501512e-5 0.0013506866877627962 0.0008687195106573422 -2.0708919890812695e-5 9507.350780127967 7.387780553075007e8
12750 416025.64815845335 32.636614690721096 3.972609583261435e-6 0.00025596662273754463 0.0001187532771048542 2.0176093072155165e-5 0.000604896317648184 0.00045801987191414374 3.0723508306316576e-6 0.000271208312813886 0.0002271940930301367 1.980316933925015e-5 0.001339731474190907 0.0009108576667396887 -2.059594699326614e-5 9507.350780127876 7.387780552738378e8
12800 417657.4889420182 32.64032921005517 3.954108926108671e-6 0.0002578808498585058 0.00011689541918439112 2.186154334680508e-5 0.0005923979401955783 0.0004424652696047264 3.058042727059367e-6 0.000275397175815175 0.00022268599151333338 2.1459049848582157e-5 0.0013047456199410327 0.0009968189929704962 -2.0516825612543817e-5 9507.35078012794 7.387780552403017e8
12850 419290.03401927144 32.66437622711879 3.941367249870524e-6 0.00025995709593294833 0.00011509500854786066 2.297039879394877e-5 0.0005754413084381489 0.0004369741015127376 3.04818852448578e-6 0.00028006152655462674 0.0002180984973361166 2.2545408076374455e-5 0.001246590398369203 0.0010359899003680774 -2.0484867400648814e-5 9507.350780127903 7.38778055206837e8
12900 420923.7076176576 32.66390109560853 3.938929005491306e-6 0.00026209463090596814 0.00011343856974426058 2.3563755232046268e-5 0.0005661770655137104 0.00044618831589259065 3.046302826435939e-6 0.0002849787241279278 0.00021369905127678447 2.312782045968712e-5 0.0011346917511026757 0.0010698788693805925 -2.0506526717249985e-5 9507.350780127936 7.38778055173359e8
12950 422556.2138116006 32.640202088836034 3.947994157617336e-6 0.00026417885399765314 0.00011199633078611007 2.3712261988252943e-5 0.0005751843406749526 0.0004556917728563673 3.053313665805482e-6 0.0002898781197908259 0.00020971857684631812 2.327559927112888e-5 0.0009793657850696524 0.0011030320495148654 -2.058069296780465e-5 9507.350780127916 7.387780551398342e8
13000 424175.8995372259 32.6367768008377 3.9655117725264025e-6 0.00026608459313785717 0.00011081987267272736 2.4042636684518717e-5 0.0005912402578995489 0.00046548136166578235 3.066861500694822e-6 0.0002944455709074617 0.00020633976846300985 2.3598052098996866e-5 0.0008635337629238246 0.0011385441915194052 -2.069016719108531e-5 9507.350780127868 7.387780551064029e8
13050 425808.0808618674 32.65349803204831 3.986753761820883e-6 0.00026774100529684347 0.00010991892465169724 2.5328977950514523e-5 0.0006260519032711409 0.000477104985191246 3.0832897054021365e-6 0.0002984762500674303 0.00020362099184847418 2.4860690232625764e-5 0.0008113973360786363 0.0011711847045196787 -2.0806541323703968e-5 9507.350780127874 7.387780550725446e8
13100 427441.60905967845 32.69018944575637 4.0070504222817326e-6 0.00026904862358798824 0.00010933470143544553 2.6764897642159276e-5 0.0006531798396427613 0.0004981335871162202 3.0989868083574414e-6 0.0003016800189586715 0.0002016745935131789 2.627168779853706e-5 0.0007347222313685239 0.0012071545586777282 -2.0900406892075165e-5 9507.3507801279 7.387780550384793e8
13150 429077.47132049024 32.746374949837474 4.0229081594365935e-6 0.00026994629189500005 0.0001090937045244454 2.744068464483003e-5 0.0006731611382647213 0.000529450575509638 3.111250921126935e-6 0.0003038481986836965 0.0002005526403507179 2.6933913346139352e-5 0.0006430351457432091 0.001247637350601329 -2.095365586103477e-5 9507.350780127903 7.387780550042382e8
13200 430716.626010682 32.821381721177794 4.0314557658257544e-6 0.0002704039258629926 0.00010921352771384959 2.7350761332447004e-5 0.0006745723201840563 0.0005702546733983401 3.117861499146553e-6 0.0003048372531867092 0.00020027765261518626 2.684517004025276e-5 0.0006379381636196239 0.0012901775941834078 -2.095724695724567e-5 9507.350780127874 7.387780549698756e8
13240 432000.0 4.059252770151943 4.031561531066226e-6 0.0002704537220698309 0.00010956353583339589 2.6766675753096045e-5 0.0006526560207168504 0.0005495709499787737 3.117943296239172e-6 0.00030473890509611224 0.00020066015514760849 2.6272298551583207e-5 0.0006439791888018811 0.0013001363232982908 -2.0922002724697493e-5 9507.350780127908 7.387780549430025e8
