#timestep time dt l2_h l2_h_vcon1 l2_h_vcon2 linf_h linf_h_vcon1 linf_h_vcon2 dsdu_ut entropy h_squared 
0 0.0 100.0 0.0 0.0 0.0 0.0 0.0 0.0 2.6802995045747787e-11 7.387780849071555e8 1.040022101565639e8
200 1325.1010281696128 6.6185678915014226 2.3501300195430683e-6 2.2626565174213185e-9 3.733886864045476e-9 1.512520657342975e-5 3.2946773309561195e-8 2.6221229632028553e-8 2.0126471787477204e-11 7.387780849071345e8 1.040022101565617e8
400 2647.571764640391 6.606601654808698 2.2862091995460002e-6 3.2151671561969916e-9 3.8327285319657585e-9 1.5328553217841545e-5 4.5015940308701374e-8 2.8896823600632615e-8 2.5110095624468657e-11 7.387780849071383e8 1.0400221015656374e8
600 3967.8947364085493 6.59709157174264 2.280001943556977e-6 4.2369751162249646e-9 4.319226095948085e-9 1.5458707821380813e-5 5.471882991159305e-8 3.1216202955874905e-8 2.7616102502772738e-11 7.38778084907153e8 1.0400221015656258e8
800 5286.568793779575 6.590110566642408 2.255721631221647e-6 5.2375269270186165e-9 4.8000599263404905e-9 1.4772660506423563e-5 6.270095953553323e-8 3.5080543137056e-8 3.1533104706748965e-11 7.387780849071294e8 1.0400221015656227e8
1000 6604.022874862505 6.584509515539331 2.2452038658676223e-6 6.18647135065505e-9 5.326126955859865e-9 1.4286174064181978e-5 6.933471441428196e-8 4.21273466111316e-8 2.8654093712865163e-11 7.387780849071491e8 1.0400221015656462e8
1200 7920.523000328594 6.580943567812348 2.2324875401861723e-6 7.081517185314465e-9 5.835664519964658e-9 1.3737135304836556e-5 7.530043610870507e-8 4.844851041185816e-8 3.0295961682886615e-11 7.387780849071534e8 1.0400221015656011e8
1400 9236.57247194332 6.579993415207555 2.224913050585404e-6 7.912626731345258e-9 6.3279876190880776e-9 1.3140455394022865e-5 8.032159337645339e-8 5.4006812959250805e-8 3.257343514053994e-11 7.387780849071814e8 1.040022101565663e8
1600 10552.695971588239 6.581671252476497 2.219773770870893e-6 8.670059993221597e-9 6.793180284436581e-9 1.299666655540932e-5 8.450046617980433e-8 5.8454002277441575e-8 2.6268494276315263e-11 7.387780849071349e8 1.0400221015656328e8
1800 11868.942990990394 6.580270427663989 2.2177329204278668e-6 9.346689499473587e-9 7.223111688335132e-9 1.302623559240601e-5 8.786251104453413e-8 6.110175682083607e-8 3.410645729689395e-11 7.387780849071438e8 1.0400221015656273e8
2000 13184.958698722397 6.580324416921961 2.2194899009935437e-6 9.937263323131875e-9 7.617439486918718e-9 1.317087799179717e-5 9.035301706816767e-8 6.093817939145652e-8 2.781594280212637e-11 7.38778084907151e8 1.0400221015656435e8
2200 14501.248961247757 6.583000357660627 2.2231691095077063e-6 1.0439463444725516e-8 7.971679875877955e-9 1.3442004274111241e-5 9.191009375797421e-8 5.8445202011370156e-8 3.232584452508267e-11 7.387780849071321e8 1.040022101565621e8
2400 15818.33605939343 6.588274315031805 2.2298205895121587e-6 1.0854049997466166e-8 8.28876153285922e-9 1.339863047178369e-5 9.259527722349503e-8 6.104520400285196e-8 3.3079780032378996e-11 7.387780849071686e8 1.040022101565618e8
2600 17136.570065847493 6.594422269369014 2.237181099338146e-6 1.1184627889447122e-8 8.572973671078062e-9 1.3406414836936165e-5 9.281508095426716e-8 6.289852616525593e-8 2.876854361252468e-11 7.38778084907158e8 1.0400221015656245e8
2800 18456.282296284608 6.6030766904672 2.244318621534089e-6 1.1441237194442418e-8 8.827812910578361e-9 1.3417663467407692e-5 9.233311804024424e-8 6.438007904563392e-8 2.6663518204541706e-11 7.387780849071584e8 1.0400221015656458e8
3000 19777.976208130432 6.614214052013861 2.2506018853621486e-6 1.1639085286337575e-8 9.055118180636251e-9 1.3482362192007713e-5 9.07205732758598e-8 6.582129730148267e-8 3.2454934016533344e-11 7.387780849071472e8 1.0400221015656073e8
3200 21102.140194421227 6.627749909177187 2.254358854344631e-6 1.1795021472552884e-8 9.25839033026387e-9 1.3991282230563229e-5 8.812754703768633e-8 6.74766451602693e-8 2.592216568663599e-11 7.387780849071511e8 1.0400221015656169e8
3400 22427.87099318026 6.623057944587032 2.2557934464772427e-6 1.192494196912326e-8 9.443274620809464e-9 1.4647903299191967e-5 8.821528307834114e-8 6.878825908884778e-8 3.1429403031457374e-11 7.38778084907146e8 1.0400221015656292e8
3600 23751.16041089207 6.610297235539945 2.253918038188254e-6 1.20411846897381e-8 9.611569799932651e-9 1.5147703379625455e-5 8.764446457476538e-8 6.93627546510811e-8 3.6247817609331655e-11 7.387780849071499e8 1.0400221015656249e8
3800 25072.140258241867 6.599964674410979 2.250421649070386e-6 1.2153495791955295e-8 9.764259993767638e-9 1.4921524780220352e-5 8.543183227516238e-8 6.968664179041184e-8 3.1149991794496715e-11 7.387780849071491e8 1.0400221015656129e8
4000 26391.30436597653 6.5921389678694355 2.245486689447585e-6 1.2268267559362715e-8 9.903557003731973e-9 1.4436359833780443e-5 8.155433794954092e-8 6.978673461333074e-8 3.53496549017471e-11 7.387780849071687e8 1.040022101565598e8
4200 27709.138468989513 6.5862627247697105 2.2398784143265106e-6 1.2388000912888128e-8 1.002938053322465e-8 1.4152893982100068e-5 8.046790611615506e-8 6.93838360099619e-8 3.13541411712445e-11 7.387780849071555e8 1.0400221015656394e8
4400 29025.902919242464 6.581836092821618 2.233837712385399e-6 1.2512318848107867e-8 1.014400999870828e-8 1.3726167253480526e-5 7.932508960806217e-8 6.83618965879873e-8 3.433433202565414e-11 7.387780849071509e8 1.040022101565613e8
4600 30342.04368041315 6.5800172921055164 2.2293191301274557e-6 1.2638354348747513e-8 1.024793853155211e-8 1.3174470950616524e-5 7.70236190383855e-8 6.616876824239171e-8 3.091981541320122e-11 7.387780849071598e8 1.0400221015656596e8
4800 31658.08443392611 6.580824418479583 2.226106294299004e-6 1.2760480795082308e-8 1.0342574989737159e-8 1.2815749869332649e-5 7.786702038714566e-8 6.324613233132936e-8 2.520078251121249e-11 7.38778084907162e8 1.0400221015656452e8
5000 32974.378299446056 6.58083216425103 2.224748606668293e-6 1.2871164337893949e-8 1.042745139911243e-8 1.2943749425176065e-5 7.952330571825428e-8 6.375854288975802e-8 2.5729866063328704e-11 7.387780849071571e8 1.0400221015656734e8
5200 34290.41883270252 6.5800154639059585 2.2261563556214657e-6 1.2963488180296065e-8 1.0501694149244277e-8 1.3172367744118674e-5 8.086321612310599e-8 6.86175188890914e-8 2.5941522254214567e-11 7.387780849071555e8 1.0400221015656357e8
5400 35606.560087011494 6.581824721285274 2.2304944436829105e-6 1.30333106209911e-8 1.0565440230070543e-8 1.3299295915203402e-5 8.175162058421392e-8 7.22831750010755e-8 2.6535133830495408e-11 7.387780849071623e8 1.0400221015655978e8
5600 36923.32573676775 6.586241889653954 2.237091467315814e-6 1.3080030229399996e-8 1.0619437600046204e-8 1.3359636341192527e-5 8.205147716822125e-8 7.553152636674554e-8 2.6229960740890668e-11 7.387780849071746e8 1.0400221015655974e8
5800 38241.16142914501 6.592115077299645 2.244712926312763e-6 1.3106454716575964e-8 1.0664377940886163e-8 1.3412257430900354e-5 8.167601972530747e-8 7.767898990707067e-8 2.5071252426080798e-11 7.387780849071681e8 1.0400221015656056e8
6000 39560.32764404695 6.599931456043542 2.252326674041254e-6 1.3119258538470939e-8 1.0700720783581393e-8 1.3460306490742369e-5 8.013048580224336e-8 7.844907856657812e-8 3.0386001573858375e-11 7.387780849071672e8 1.0400221015656264e8
6200 40881.31025951917 6.61025489347763 2.2586479030687106e-6 1.3128878948113064e-8 1.0728058098719505e-8 1.351825949313934e-5 7.860329898079499e-8 7.956357350735743e-8 2.4320433051919058e-11 7.387780849071375e8 1.0400221015656245e8
6400 42204.60307370029 6.62300673596079 2.262423909267358e-6 1.3149170866028449e-8 1.074464721411441e-8 1.362447392239119e-5 7.622919273586604e-8 8.077225244207398e-8 2.373900566029291e-11 7.387780849071609e8 1.040022101565593e8
6600 43524.85302386451 6.6278648489000265 2.263205537081422e-6 1.3192579776695718e-8 1.074861522409308e-8 1.4368137271958403e-5 7.671229118599854e-8 8.117105787519563e-8 2.380612474862051e-11 7.387780849071774e8 1.0400221015656298e8
6800 44849.02461628471 6.614310503844077 2.2616923411046915e-6 1.3266729783069685e-8 1.0737543339615567e-8 1.5373587302747183e-5 7.679829439055652e-8 8.11542535394949e-8 2.667191021443026e-11 7.387780849071451e8 1.0400221015656327e8
7000 46170.72476663844 6.603153993461923 2.2581206456804265e-6 1.3374263329383964e-8 1.0710039010193628e-8 1.5528230505879037e-5 7.397426404764929e-8 8.165192699749468e-8 2.798317898960433e-11 7.387780849071391e8 1.0400221015656242e8
7200 47490.441832918645 6.594479888679565 2.252982119033302e-6 1.3514361000856981e-8 1.0665699436097425e-8 1.4958322935854085e-5 7.44577510758404e-8 8.113597083081459e-8 2.9779473534199824e-11 7.38778084907144e8 1.0400221015656242e8
7400 48808.679264481485 6.588325450931659 2.2470261029092677e-6 1.3681442857521519e-8 1.0604625579484891e-8 1.4431374438572675e-5 7.547101366078834e-8 8.09961449022012e-8 2.132114073095004e-11 7.387780849071463e8 1.0400221015656558e8
7600 50125.76930104604 6.583031397130012 2.2403946315745648e-6 1.3867052724859649e-8 1.0528704058907859e-8 1.431108103133738e-5 7.54945539138685e-8 7.977819160842614e-8 2.023352591134096e-11 7.387780849071504e8 1.0400221015656477e8
7800 51442.0610553618 6.580335127916891 2.233407042380732e-6 1.4057958865444911e-8 1.0443245766900155e-8 1.3782015230390243e-5 7.558981554578459e-8 7.706299909315817e-8 2.132753165760921e-11 7.3877808490716e8 1.0400221015656623e8
8000 52758.07679809274 6.580260700804196 2.2283148836150194e-6 1.4238524372447916e-8 1.0357143953214755e-8 1.2968155715498142e-5 7.434926344029869e-8 7.34492058285241e-8 2.4863055175280743e-11 7.387780849071547e8 1.0400221015656306e8
8200 54074.32302711904 6.5816945990175455 2.2255474285219025e-6 1.4394004786253694e-8 1.0278087141599255e-8 1.2808412520826096e-5 7.475261387668297e-8 7.094977605426322e-8 2.0059169390162078e-11 7.387780849071544e8 1.0400221015656433e8
8400 55390.44746431619 6.57999631896205 2.2248355248956577e-6 1.4513855523444737e-8 1.0210831965738737e-8 1.3089053027215414e-5 7.67043411009638e-8 7.009391156387323e-8 1.9342182848498024e-11 7.387780849071428e8 1.040022101565651e8
8600 56706.4964135812 6.5809260559485 2.228412450939425e-6 1.4594663793738795e-8 1.015616169580164e-8 1.3254580608190736e-5 8.057377409720345e-8 6.914070294072872e-8 2.120540910421846e-11 7.387780849071673e8 1.0400221015656574e8
8800 58022.99456242403 6.584471738248833 2.2338473482375253e-6 1.4637021680936057e-8 1.0112187232489507e-8 1.3260670129966456e-5 8.362505310444135e-8 6.990418643937346e-8 1.8860205847354803e-11 7.387780849071332e8 1.0400221015656412e8
9000 59340.44552796125 6.590066298316434 2.239912105830055e-6 1.4643006052797206e-8 1.0080559927267074e-8 1.3440442671708297e-5 8.690574815339858e-8 7.287168002356736e-8 2.0401116990762138e-11 7.387780849071459e8 1.0400221015656434e8
9200 60659.11569893475 6.597027330982215 2.2481670683992616e-6 1.4615603563523713e-8 1.0064108496452588e-8 1.3429061709757661e-5 8.895563907707071e-8 7.52287074856639e-8 2.0347772160937313e-11 7.387780849071671e8 1.040022101565631e8
9400 61979.43336229807 6.606517893934022 2.2548808490277315e-6 1.4564655465205428e-8 1.005997432171399e-8 1.3549484265240608e-5 8.907547144332284e-8 7.686482805802086e-8 1.8798945467424934e-11 7.387780849071453e8 1.0400221015656567e8
9600 63301.897398300614 6.618465186558963 2.258780727292795e-6 1.4505897578566547e-8 1.0061652735883573e-8 1.3711864085053094e-5 8.587432653861526e-8 7.817178548918946e-8 1.9645268704435375e-11 7.38778084907153e8 1.0400221015656188e8
9800 64626.99037144307 6.632778922954505 2.2611987390482587e-6 1.4452767797620482e-8 1.0066209463421198e-8 1.480486935179215e-5 8.087252889588115e-8 7.976244553731249e-8 2.127572341656887e-11 7.387780849071426e8 1.040022101565648e8
10000 65952.0851444217 6.618539150152599 2.2600527077559217e-6 1.4413645745174268e-8 1.0075028693409695e-8 1.5660540157114156e-5 7.75120283513786e-8 8.056387601484971e-8 1.9612465250018438e-11 7.387780849071624e8 1.040022101565639e8
10200 67274.55065908849 6.606578184573124 2.2568032827375285e-6 1.4392586873652133e-8 1.0088552152758377e-8 1.6034648069762625e-5 7.702033943957076e-8 8.042841548316915e-8 1.8155664932994102e-11 7.38778084907166e8 1.0400221015656409e8
10400 68594.86948176501 6.597073550293526 2.252649431804575e-6 1.4390306554399877e-8 1.0107411032905937e-8 1.5790972611284815e-5 7.653526257200838e-8 7.994861839222267e-8 1.5977994723659358e-11 7.387780849071548e8 1.0400221015656258e8
10600 69913.54049450104 6.590098133879351 2.2465964891471924e-6 1.4406315276630101e-8 1.0131117636906383e-8 1.534405237180181e-5 7.86061893354173e-8 7.965043513635806e-8 2.1863872815773567e-11 7.387780849071457e8 1.0400221015656237e8
10800 71230.99213105788 6.58449889756708 2.2403124582973006e-6 1.4436770029642456e-8 1.0158981502254467e-8 1.4881066817906685e-5 7.980216221170622e-8 7.94353773869716e-8 2.158999363346654e-11 7.387780849071541e8 1.0400221015656282e8
11000 72547.49070312256 6.580938634264925 2.23403793668572e-6 1.4476008823034784e-8 1.0189891638287796e-8 1.4456503777182661e-5 7.774707777574719e-8 7.703829529859263e-8 2.0553702279203953e-11 7.387780849071695e8 1.0400221015656711e8
11200 73863.53976350113 6.579994212188275 2.2285639380260276e-6 1.4517117194623519e-8 1.022153314405643e-8 1.3892131391912699e-5 7.673350377324084e-8 7.368112431294094e-8 1.817153895885646e-11 7.387780849071574e8 1.0400221015656446e8
11400 75179.66399938616 6.581677787100617 2.225185476212719e-6 1.4553227400380373e-8 1.0251681077424546e-8 1.2908312783110887e-5 7.56870361939832e-8 7.040469141017525e-8 2.3211314757676858e-11 7.387780849071414e8 1.0400221015655978e8
11600 76495.91039819787 6.580267680152492 2.2239162831778374e-6 1.4577713301107793e-8 1.0279490607254301e-8 1.299992936765193e-5 7.737571960930723e-8 6.906927280114772e-8 1.597156054230111e-11 7.387780849071255e8 1.0400221015656126e8
11800 77811.9261332068 6.5803274063454955 2.2256620721991398e-6 1.458695809286093e-8 1.0305513150342968e-8 1.3059793218417326e-5 8.152833252950131e-8 6.938147217860902e-8 2.5542662238429278e-11 7.387780849071565e8 1.0400221015656379e8
12000 79128.21756775913 6.583009051271228 2.2303789519954596e-6 1.4580766137737417e-8 1.0330356668643232e-8 1.3160519756638678e-5 8.476888302411112e-8 6.885349101981575e-8 2.4538350943807083e-11 7.387780849071381e8 1.040022101565623e8
12200 80445.30697220341 6.588288641043016 2.237356728367224e-6 1.4561444369475788e-8 1.0353727127350851e-8 1.3387541912379675e-5 8.740463930401177e-8 6.939909824588142e-8 2.3840086567468424e-11 7.387780849071532e8 1.0400221015656352e8
12400 81763.54366282771 6.594438403962254 2.2445551608873395e-6 1.4532815333792498e-8 1.0374297689633084e-8 1.3503338777809404e-5 8.921126171124172e-8 7.206739183196476e-8 2.6160969555683916e-11 7.387780849071726e8 1.040022101565619e8
12600 83083.25967527281 6.603098324089112 2.2515035700995827e-6 1.450094828301073e-8 1.0389797958787232e-8 1.3443985153571703e-5 8.974808096695597e-8 7.411105862331624e-8 2.2460339321847108e-11 7.387780849071506e8 1.0400221015656108e8
12800 84404.95845296225 6.614241019458418 2.2575439370087376e-6 1.4474437064415648e-8 1.039798221911277e-8 1.3553546068578726e-5 8.757814717874624e-8 7.601490059627736e-8 2.3861896388422517e-11 7.38778084907165e8 1.0400221015656744e8
13000 85729.12835206385 6.627782007101134 2.259330413431274e-6 1.4462947056710237e-8 1.039818947904434e-8 1.4434725017054006e-5 8.30607589374921e-8 7.769516630062867e-8 2.3154234435138394e-11 7.387780849071534e8 1.0400221015656824e8
13200 87049.40277361975 6.623084928619332 2.2600633918782724e-6 1.4474437838484125e-8 1.0389983875425411e-8 1.5454230378963985e-5 7.852874794878062e-8 7.906577037530838e-8 2.7857756874438076e-11 7.387780849071401e8 1.0400221015656078e8
13400 88372.69712790733 6.6103196093002925 2.2571717047959014e-6 1.4511974742803638e-8 1.0372831205924781e-8 1.6065647287177853e-5 8.06842206380054e-8 7.949281455310597e-8 2.5679486603371966e-11 7.387780849071599e8 1.0400221015656327e8
13600 89693.6809722115 6.599982268718934 2.2533797151861894e-6 1.4574940272233758e-8 1.034604731883074e-8 1.5984833225957118e-5 8.225253744775785e-8 7.896531961648634e-8 2.78900692713584e-11 7.387780849071423e8 1.0400221015656577e8
13800 91012.84810683609 6.592151647272569 2.247764982510141e-6 1.4661084450644304e-8 1.0308065242076514e-8 1.5386787708848715e-5 8.231369252875709e-8 7.826096437568708e-8 2.929038505370625e-11 7.38778084907142e8 1.04002210156564e8
14000 92330.68448408844 6.586273797441109 2.2416157109285784e-6 1.4765861515640384e-8 1.0257519129882375e-8 1.4853925677016377e-5 8.223536918094965e-8 7.808011215360011e-8 2.1872650468525567e-11 7.387780849071585e8 1.040022101565623e8
14200 93647.45064584419 6.581842148687265 2.2352834233769357e-6 1.488115637053202e-8 1.0196144971251848e-8 1.4557714166585356e-5 8.187361100198132e-8 7.65871877028701e-8 3.125174192306077e-11 7.387780849071432e8 1.0400221015656205e8
14400 94963.5921093349 6.580018278953187 2.2294106865131637e-6 1.4995321691112687e-8 1.0129592805857393e-8 1.4111503332969733e-5 8.163676046279988e-8 7.381088229507782e-8 2.803104752325345e-11 7.387780849071444e8 1.0400221015656415e8
14600 96279.63254900859 6.5808203186143635 2.225388811101946e-6 1.5094894600765003e-8 1.0066503809545359e-8 1.3200084140407853e-5 8.05380779844711e-8 7.109561428464417e-8 2.8870368165494903e-11 7.387780849071597e8 1.0400221015656407e8
14800 97595.92641480481 6.580836292267808 2.2233986949097336e-6 1.516881393569603e-8 1.0013359000583947e-8 1.2793983387382468e-5 7.985616035099952e-8 7.047585182107241e-8 2.8144650276939273e-11 7.387780849071548e8 1.0400221015656112e8
15000 98911.96726245164 6.580014505315076 2.2245812068281196e-6 1.5212313911398986e-8 9.97218870453487e-9 1.3060761830274714e-5 8.054063593831984e-8 6.94332535911002e-8 2.5816092959845148e-11 7.387780849071622e8 1.0400221015656255e8
15200 100228.10781503741 6.581818693838087 2.2281561564154166e-6 1.5226802409465177e-8 9.941237375781296e-9 1.329273891315097e-5 8.234252701910805e-8 6.723746659442753e-8 3.150992808516529e-11 7.387780849071914e8 1.0400221015656382e8
15400 101544.87175395392 6.586230845380633 2.234670886306908e-6 1.5216118164594847e-8 9.920167899973066e-9 1.3313743693288416e-5 8.394665118593991e-8 6.86972831953625e-8 3.0488725202371866e-11 7.387780849071387e8 1.0400221015656216e8
15600 102862.7051728215 6.592102426337347 2.2420197924075576e-6 1.5183355581547303e-8 9.911365111588747e-9 1.332233341599931e-5 8.550280838903745e-8 7.181236916231626e-8 3.432425302267475e-11 7.387780849071506e8 1.0400221015656355e8
15800 104181.86836153458 6.599913889362546 2.2496756247725537e-6 1.513355639324323e-8 9.916060211863583e-9 1.338690844931989e-5 8.558165132122042e-8 7.393152556822713e-8 3.269666879527415e-11 7.387780849071476e8 1.0400221015656358e8
16000 105502.84698070562 6.610232546428422 2.255600384472401e-6 1.5076659639831897e-8 9.929628752408418e-9 1.3455037787934998e-5 8.530450124055733e-8 7.534475976456179e-8 2.961370118624759e-11 7.387780849071646e8 1.0400221015656467e8
16200 106826.13485893559 6.622979777582761 2.2594797841701317e-6 1.5024588652839803e-8 9.94676955231649e-9 1.3976681657368317e-5 8.318380673166814e-8 7.637671384230771e-8 3.438821900497145e-11 7.387780849071561e8 1.0400221015656354e8
16400 108151.86508127398 6.6278324556959864 2.2603995171247767e-6 1.498496384125447e-8 9.967111108833308e-9 1.5086112398421392e-5 7.849531891146455e-8 7.777813637588338e-8 2.9774020450781024e-11 7.38778084907161e8 1.0400221015656179e8
16600 109476.0307110796 6.6142832824297235 2.2588456567363722e-6 1.4960644396925965e-8 9.992329411023338e-9 1.5914612959022634e-5 7.970578264071548e-8 7.867513929227243e-8 3.009835220126371e-11 7.387780849071511e8 1.0400221015656528e8
16800 110797.72595445908 6.603132149343114 2.255136284424875e-6 1.4951884598081963e-8 1.0022115821978114e-8 1.609575883776415e-5 8.159901998538999e-8 7.88242471294609e-8 3.2010418336821745e-11 7.38778084907169e8 1.0400221015656266e8
17000 112117.43920665317 6.594463588795633 2.2501956031836087e-6 1.4957646063904825e-8 1.0055751407020794e-8 1.5610261471010745e-5 8.196875533883485e-8 7.87073330954513e-8 2.639379482364122e-11 7.387780849071747e8 1.0400221015656412e8
17200 113435.67393113434 6.588310975270662 2.244174001760481e-6 1.497511613482499e-8 1.0092467069020406e-8 1.4994526281952858e-5 8.141958396379323e-8 7.88616540958742e-8 3.215365181573829e-11 7.387780849071435e8 1.0400221015656228e8
17400 114752.76164166605 6.583022599314872 2.2377655124678784e-6 1.4998843943561157e-8 1.0132160061020947e-8 1.458707447454799e-5 8.17267189479054e-8 7.804203994155046e-8 3.019335220370348e-11 7.387780849071873e8 1.0400221015656082e8
17600 116069.05221342343 6.580332080257337 2.2316225562785803e-6 1.502217705840302e-8 1.0174396618753733e-8 1.424565925844945e-5 8.053567368548897e-8 7.512665423092812e-8 2.7089062959538178e-11 7.387780849071733e8 1.0400221015656403e8
17800 117385.06792764863 6.58026343676726 2.2268062384497995e-6 1.5038743360569595e-8 1.0217370523216207e-8 1.349788908555638e-5 7.969589921330567e-8 7.174391747355457e-8 3.171938396993388e-11 7.38778084907173e8 1.0400221015656266e8
18000 118701.31478534848 6.581687976874111 2.224151702775328e-6 1.5042610047344724e-8 1.025904029076384e-8 1.2718838206637884e-5 7.974186777559567e-8 7.049231076639018e-8 3.408343564888029e-11 7.38778084907156e8 1.0400221015656479e8
18200 120017.43847919886 6.579995480906398 2.2241410860182025e-6 1.5029651870756594e-8 1.0297945700154851e-8 1.3009860140300589e-5 8.159675890517804e-8 7.068548107946881e-8 2.923774085428382e-11 7.387780849071699e8 1.0400221015656307e8
18400 121333.48784192445 6.580930995289252 2.2270594646241097e-6 1.499897751155351e-8 1.0333483583327248e-8 1.3201096408010926e-5 8.215761515550923e-8 7.055726564120235e-8 2.6209420203056485e-11 7.387780849071599e8 1.0400221015656415e8
18600 122649.98755571958 6.584482408837364 2.2325826926921546e-6 1.4953065990230318e-8 1.0365294825410244e-8 1.334575154032791e-5 8.382517058258543e-8 7.081843311773639e-8 3.241916303848737e-11 7.387780849071393e8 1.0400221015656151e8
18800 123967.44098564914 6.590078798205745 2.2398639546172374e-6 1.4896707566465222e-8 1.0393001097355281e-8 1.3303045761858812e-5 8.523629579926251e-8 7.111766953116216e-8 2.7600807449732442e-11 7.387780849071865e8 1.0400221015656315e8
19000 125286.11422486669 6.597045465060653 2.2475555743352657e-6 1.4835838854919298e-8 1.041596464356569e-8 1.3366484836296877e-5 8.520090921670942e-8 7.366728982383108e-8 2.94994259805318e-11 7.387780849071531e8 1.040022101565629e8
19200 126606.43606977699 6.6065415211464416 2.254288346173818e-6 1.4777783965659146e-8 1.0433401571751586e-8 1.3480460438586306e-5 8.486876090785245e-8 7.4985893494528e-8 3.020871665570772e-11 7.38778084907144e8 1.040022101565639e8
19400 127928.9053685649 6.618494127551483 2.2588709042516925e-6 1.4731154815488589e-8 1.0443927620165021e-8 1.366578544548247e-5 8.366129988779392e-8 7.618659081387591e-8 3.115098252453374e-11 7.387780849071679e8 1.0400221015656248e8
19600 129254.00464598903 6.632812959727691 2.260766398409097e-6 1.4704484796892171e-8 1.0446093627798976e-8 1.4739280231879093e-5 7.886505115628495e-8 7.75861610513573e-8 2.598020523671842e-11 7.387780849071865e8 1.0400221015656552e8
19800 130573.66606416403 6.618564146385769 2.259894572199969e-6 1.470309395227609e-8 1.0438476501148744e-8 1.5742192772449926e-5 7.982621319513328e-8 7.852555361509417e-8 2.8679052691288412e-11 7.387780849071599e8 1.0400221015656313e8
20000 131896.13612022548 6.6065985966097065 2.2569289894596098e-6 1.4727806525328149e-8 1.042018254192588e-8 1.6157746358658187e-5 8.171284160418679e-8 7.900130372107128e-8 2.504436427611322e-11 7.387780849071466e8 1.0400221015656282e8
20200 133216.45855132877 6.597089223164986 2.2523691091120784e-6 1.4777594534099326e-8 1.0390381104803454e-8 1.5876230463618413e-5 8.2807061874135e-8 7.890038489222206e-8 2.4501754118090143e-11 7.387780849071543e8 1.0400221015656424e8
20400 134535.13221186918 6.590108945797866 2.2466308144418954e-6 1.4849925859266366e-8 1.0348033892092261e-8 1.5221601643133909e-5 8.261675255027967e-8 7.891143738447681e-8 1.8293577425830116e-11 7.387780849071625e8 1.0400221015655862e8
20600 135852.58597451673 6.584508131365627 2.2402200700354194e-6 1.4939356374783128e-8 1.029282899176916e-8 1.4739174730493687e-5 8.236234227965156e-8 7.875617002994773e-8 2.4579443625853904e-11 7.387780849071376e8 1.0400221015656465e8
20800 137169.0858973561 6.580942923442414 2.233887445111877e-6 1.5036619761382754e-8 1.0227521625488492e-8 1.4391751392395236e-5 8.187496547407136e-8 7.640748034276612e-8 2.0378531935519408e-11 7.387780849071506e8 1.0400221015656334e8
21000 138485.1353149936 6.57999351666783 2.228546840173662e-6 1.5129237404409024e-8 1.0159245753465332e-8 1.3822917026118375e-5 8.118702909953868e-8 7.302297078126685e-8 1.7817563231530547e-11 7.387780849071476e8 1.0400221015656233e8
21200 139801.258910011 6.5816721007126775 2.225048729246049e-6 1.5204573348228035e-8 1.0096510159007459e-8 1.2766743566317018e-5 7.988467620734241e-8 7.105590282829866e-8 1.9115977643434293e-11 7.387780849071394e8 1.0400221015656266e8
21400 141117.50584969763 6.580270068140959 2.2240922020230316e-6 1.5254015402511844e-8 1.0044940979921538e-8 1.2879890164185781e-5 8.104304605183188e-8 7.118055500576759e-8 1.6635955890992784e-11 7.387780849071573e8 1.0400221015656407e8
21600 142433.52156055882 6.580324803768704 2.226009439888293e-6 1.527577291490838e-8 1.0005091757610139e-8 1.3144186596036889e-5 8.260149608751988e-8 7.025055637210897e-8 1.905553018860969e-11 7.38778084907154e8 1.0400221015656519e8
21800 143749.81197516227 6.583001486741461 2.23069647367512e-6 1.5272886775544787e-8 9.975289162791447e-9 1.3246435173641657e-5 8.350466229600784e-8 6.828916276901964e-8 1.884621669137057e-11 7.387780849071491e8 1.0400221015656376e8
22000 145066.89937296713 6.5882761768764375 2.237487056669081e-6 1.5248940161857204e-8 9.95599811638963e-9 1.3295192729856353e-5 8.546477481274906e-8 6.964420085076028e-8 2.3243151020121316e-11 7.387780849071358e8 1.0400221015656471e8
22200 146385.1337282202 6.5944243661991555 2.245169884157683e-6 1.5206674054945678e-8 9.950086014169557e-9 1.3315373507793993e-5 8.570052667522532e-8 7.244668132067034e-8 2.152134764827873e-11 7.387780849071583e8 1.0400221015656199e8
22400 147704.8464501926 6.603079502253215 2.252332572806449e-6 1.515182738998757e-8 9.956870604226563e-9 1.3438502264762064e-5 8.462115475005305e-8 7.453469486051745e-8 1.8097919490934745e-11 7.387780849071722e8 1.0400221015656592e8
22600 149026.5409944964 6.614217557384184 2.2577688949575888e-6 1.5095000442857042e-8 9.970464971006835e-9 1.3499384294846095e-5 8.409450291679832e-8 7.596875617466026e-8 2.173850657873863e-11 7.387780849071337e8 1.0400221015656339e8
22800 150350.70574940246 6.6277540818046266 2.2606230977186573e-6 1.50468381705661e-8 9.98655511662648e-9 1.4421333617065102e-5 8.071114709906624e-8 7.759131603890523e-8 2.097413059558346e-11 7.387780849071618e8 1.04002210156568e8
23000 151676.4362799406 6.623053986681061 2.2606003757641683e-6 1.5012815785773835e-8 1.0005996379618302e-8 1.547574356663972e-5 7.93135850329918e-8 7.885052788481062e-8 1.8537310176812272e-11 7.387780849071655e8 1.0400221015656498e8
23200 152999.72497361052 6.610293954224317 2.2582552687255333e-6 1.49944814551822e-8 1.0030133001513107e-8 1.6096644685603678e-5 8.20166916604137e-8 7.935120960311792e-8 1.901108541695086e-11 7.387780849071834e8 1.0400221015656364e8
23400 154320.7042348298 6.599962094653356 2.2542046877215536e-6 1.4991247638640853e-8 1.0059154838974766e-8 1.6028989193728194e-5 8.299177656212464e-8 7.906418675318605e-8 1.932772728361471e-11 7.387780849071645e8 1.0400221015656193e8
23600 155639.86789882748 6.592137109553367 2.2488221209202324e-6 1.5001155465300833e-8 1.00930903013288e-8 1.5411031199619174e-5 8.326085598753252e-8 7.847381011671928e-8 2.619338258110196e-11 7.387780849071501e8 1.0400221015656355e8
23800 156957.7016685712 6.5862611020630055 2.2424548809773277e-6 1.5020037980308595e-8 1.0131332610838658e-8 1.483723463024944e-5 8.25900456913331e-8 7.854184769229278e-8 2.1343665241579397e-11 7.387780849071549e8 1.0400221015656434e8
24000 158274.4658680523 6.581835205820565 2.2360904264372328e-6 1.504150101853518e-8 1.0172790357857446e-8 1.4523775462293997e-5 8.234116455341223e-8 7.687651271126583e-8 2.369053718456581e-11 7.387780849071597e8 1.0400221015656583e8
24200 159590.60652644816 6.580017148519232 2.230292647309393e-6 1.50588907442518e-8 1.0215325553438282e-8 1.4066432413528673e-5 8.200855905471371e-8 7.3989931959062e-8 2.204516151570371e-11 7.387780849071721e8 1.0400221015656179e8
24400 160906.64732623432 6.580825021123781 2.226042874537161e-6 1.506667135053233e-8 1.0256355947120068e-8 1.3182127077016048e-5 8.110876326128391e-8 7.102692745064587e-8 2.2815161387486357e-11 7.387780849071763e8 1.0400221015656579e8
24600 162222.9411918591 6.580831558913181 2.2242443708954058e-6 1.506038798095361e-8 1.0294326293820043e-8 1.2859063190262532e-5 8.007654606068115e-8 7.092274537101595e-8 2.2940096109540944e-11 7.387780849071718e8 1.0400221015656608e8
24800 163538.98167906515 6.580015605023554 2.225182984497957e-6 1.5037714218121417e-8 1.0329463073149383e-8 1.3109992323734332e-5 8.174968035845609e-8 7.084901482157235e-8 2.4960127933328183e-11 7.387780849071606e8 1.0400221015656546e8
25000 164855.123036446 6.581825606337481 2.2289047709540154e-6 1.499929870702235e-8 1.0362372973641554e-8 1.3269268038129667e-5 8.209448609797221e-8 7.071371560529727e-8 2.3398350735049742e-11 7.387780849071833e8 1.0400221015656304e8
25200 166171.88893736407 6.586243510894448 2.2353461788483344e-6 1.4948296887920602e-8 1.0392894141596673e-8 1.3284161013871199e-5 8.389268701947117e-8 7.042979366378432e-8 2.0493670320762632e-11 7.387780849071488e8 1.0400221015656313e8
25400 167489.7249634445 6.592116933892576 2.2425356211187325e-6 1.4888965864061061e-8 1.0419991041215524e-8 1.3316604963620193e-5 8.637153148249865e-8 7.15646657489799e-8 2.3378107595706746e-11 7.387780849071395e8 1.0400221015656209e8
25600 168808.89162242765 6.599934033704345 2.250366758826142e-6 1.4826870108570186e-8 1.0441915328669385e-8 1.3402643162407912e-5 8.549600361007492e-8 7.388881240188994e-8 2.4447348321690638e-11 7.387780849071593e8 1.0400221015656017e8
25800 170129.8748242864 6.610258172490882 2.256206266098495e-6 1.47692697009394e-8 1.0457083892649285e-8 1.345738337477087e-5 8.350577473947851e-8 7.542338575916574e-8 2.7891534786031534e-11 7.387780849071494e8 1.0400221015656215e8
26000 171453.16836271677 6.623010691529602 2.260053758417784e-6 1.472538339070466e-8 1.0464289990737223e-8 1.4014365660841577e-5 8.145330965270148e-8 7.686776770654546e-8 2.3286754628475756e-11 7.387780849071681e8 1.0400221015656331e8
26200 172778.90068178598 6.6277998122893935 2.2609757092965457e-6 1.4703367722386407e-8 1.0462404843310017e-8 1.5110077583813109e-5 7.895455400586116e-8 7.842196270146928e-8 2.448970430418806e-11 7.387780849071546e8 1.0400221015656501e8
26400 174097.65997429384 6.61430633235683 2.2592639468008366e-6 1.4707474016143124e-8 1.0450829465811294e-8 1.5920077203190885e-5 8.095961812060182e-8 7.930178114179398e-8 2.737544316866633e-11 7.387780849071838e8 1.0400221015656435e8
26600 175419.35937269116 6.603150646097709 2.2558119898574377e-6 1.4737766903371718e-8 1.0428583868118988e-8 1.6089928976725787e-5 8.233208248498158e-8 7.937029922189254e-8 3.28289676298472e-11 7.387780849071699e8 1.0400221015656535e8
26800 176739.0758545257 6.594477391071796 2.2506450632441337e-6 1.4792840866288965e-8 1.039456954269136e-8 1.563738078402821e-5 8.291040587415921e-8 7.89454173144577e-8 2.913482655809956e-11 7.387780849071928e8 1.0400221015656723e8
27000 178057.31287130486 6.588323233259309 2.2447763820668434e-6 1.486921413618891e-8 1.0347645665417889e-8 1.4982626453274861e-5 8.257342454243144e-8 7.891883679889133e-8 2.665652207105557e-11 7.387780849071829e8 1.0400221015656531e8
27200 179374.4025515165 6.583030049193432 2.2381233237624773e-6 1.4960009996312825e-8 1.0288201488582921e-8 1.4625706171500497e-5 8.20641705701064e-8 7.780443400662307e-8 2.976633439587055e-11 7.387780849071492e8 1.0400221015656225e8
27400 180690.69412462082 6.580334660726159 2.2321283178219526e-6 1.5054419663678417e-8 1.0220686938230847e-8 1.4291614206740633e-5 8.121740568967084e-8 7.493823650506215e-8 2.574662555416166e-11 7.387780849071681e8 1.0400221015656537e8
27600 182006.7098629225 6.580261119614985 2.22724142513564e-6 1.5139577180853098e-8 1.01533157631083e-8 1.3528368072002195e-5 8.021633624011315e-8 7.181074579420965e-8 3.0250479037756624e-11 7.387780849071466e8 1.0400221015656197e8
27800 183322.9561882159 6.58169358394965 2.224519621036678e-6 1.5204243210535326e-8 1.0094007496168877e-8 1.278870013265987e-5 7.872172247402887e-8 7.065682100515502e-8 3.034897866243348e-11 7.387780849071352e8 1.0400221015656437e8
28000 184639.08051141712 6.579996190016331 2.22454702741943e-6 1.524272802267368e-8 1.004660167391729e-8 1.3027508430241141e-5 7.925606415604136e-8 7.062075946251412e-8 2.691748610617213e-11 7.387780849071622e8 1.0400221015656385e8
28200 185955.12952393168 6.580926812284879 2.2273723439574295e-6 1.5255846514852375e-8 1.001023145252013e-8 1.3255054000183009e-5 8.109475602147143e-8 6.966954535503334e-8 2.7679482422784244e-11 7.387780849071627e8 1.0400221015656136e8
28400 187271.62791247517 6.58447337287161 2.2329364274356883e-6 1.524735079606534e-8 9.983361952314413e-9 1.3301797935127979e-5 8.434291887127188e-8 6.763031468182135e-8 3.2424581063464034e-11 7.3877808490716e8 1.040022101565658e8
28600 188589.0792557465 6.590068213164805 2.2401080733031433e-6 1.5219834315146582e-8 9.967531457171407e-9 1.3338381450012093e-5 8.703451870317735e-8 7.116169564724828e-8 2.8119364884078703e-11 7.387780849071659e8 1.0400221015656576e8
28800 189907.749896748 6.597030108995995 2.2478110961707757e-6 1.517569523672238e-8 9.965182154632515e-9 1.3383329587668413e-5 8.525324046715355e-8 7.368405063878924e-8 3.093580481484113e-11 7.38778084907153e8 1.0400221015656526e8
29000 191228.06820069914 6.606521513496901 2.254460263409033e-6 1.512163478607407e-8 9.97398947735346e-9 1.3437274446914671e-5 8.323492561856938e-8 7.512922928221144e-8 3.4978762548778916e-11 7.387780849071726e8 1.0400221015656574e8
29200 192550.53304294092 6.61846962025289 2.259115339866558e-6 1.5068866774647256e-8 9.988172084162535e-9 1.3667400708072819e-5 8.279604157834797e-8 7.630007958780993e-8 2.9649966931045154e-11 7.387780849071478e8 1.0400221015656398e8
29400 193875.62698189632 6.632784137428953 2.260900433381545e-6 1.502676144217787e-8 1.000561540029553e-8 1.4741415725438856e-5 7.895339360075582e-8 7.771442733783829e-8 3.6785552849097636e-11 7.387780849071875e8 1.0400221015656379e8
29600 195200.72078905682 6.618534712415533 2.2601454073215424e-6 1.4999682397302448e-8 1.0027822338627747e-8 1.570980566611979e-5 7.974535720656206e-8 7.854188543987561e-8 3.119949407547985e-11 7.387780849071722e8 1.0400221015656592e8
29800 196523.18549747881 6.606574560877279 2.257053476112964e-6 1.4988463031320317e-8 1.005474558918891e-8 1.6124138710438274e-5 8.187553013350168e-8 7.891600972698143e-8 2.7288432901430994e-11 7.387780849071509e8 1.0400221015656783e8
30000 197843.5036795905 6.597070768246496 2.2525545200179525e-6 1.4991967980316932e-8 1.0085866049336548e-8 1.5827230527065694e-5 8.35562559142744e-8 7.883309383061032e-8 3.0086335411696186e-11 7.387780849071453e8 1.0400221015656544e8
30200 199162.17422237538 6.590096215219811 2.2467659626868804e-6 1.5007501433887695e-8 1.0120435039517035e-8 1.5191215425147675e-5 8.338327361911979e-8 7.875686414138272e-8 3.174344925721624e-11 7.387780849071486e8 1.0400221015656354e8
30400 200479.62548136694 6.584497259487076 2.2403461981852724e-6 1.5029830419478567e-8 1.0158086546459878e-8 1.4726711015100591e-5 8.28113586592849e-8 7.857920047982248e-8 3.026285514644264e-11 7.387780849071803e8 1.0400221015656495e8
30600 201796.1238138926 6.580937874234422 2.234043693796022e-6 1.5051932110857117e-8 1.0198483438392945e-8 1.442100983695127e-5 8.204593626714995e-8 7.637256027592798e-8 3.150768027665373e-11 7.387780849071763e8 1.040022101565634e8
30800 203112.17281115145 6.57999433727793 2.2286209869935157e-6 1.506721522868677e-8 1.0240221237021485e-8 1.3845256034983322e-5 8.137030338417617e-8 7.315570860200182e-8 2.8779879574325207e-11 7.38778084907153e8 1.040022101565655e8
31000 204428.2971611516 6.581678798404636 2.225175102996364e-6 1.5070260135002975e-8 1.0281228745135226e-8 1.2767763109877706e-5 7.998658269059433e-8 7.166793764001866e-8 3.227389130153004e-11 7.387780849071672e8 1.0400221015656161e8
31200 205744.5434638437 6.580267257643165 2.2241823492252913e-6 1.505743525311137e-8 1.0319936632795172e-8 1.2886443528259406e-5 7.931166123853473e-8 7.185356321048886e-8 3.229576503982733e-11 7.387780849071753e8 1.040022101565645e8
31400 207060.55920345022 6.580327870029738 2.2261381852063873e-6 1.5028014767086724e-8 1.0355593543879554e-8 1.3198388387536397e-5 7.997027440254101e-8 7.152274272836934e-8 3.163126894298455e-11 7.387780849071635e8 1.0400221015656422e8
31600 208376.85081942182 6.583010396015711 2.230818878124239e-6 1.4984130725451114e-8 1.0387975249725081e-8 1.3275801848067204e-5 8.291964825879461e-8 7.058086870515012e-8 2.7623976652806185e-11 7.387780849071579e8 1.0400221015655988e8
31800 209693.94058048108 6.588290855753484 2.2376103699632643e-6 1.4929672750188587e-8 1.041673545670099e-8 1.3339847555471351e-5 8.53463524297382e-8 7.04624456004943e-8 2.6641135363521513e-11 7.387780849071684e8 1.0400221015656415e8
32000 211012.1776860674 6.594440898000994 2.2453048708457747e-6 1.4869149869354921e-8 1.0441204638657808e-8 1.3388060324359685e-5 8.565772091628787e-8 7.265293344715928e-8 2.593572815864534e-11 7.387780849071444e8 1.0400221015656495e8
32200 212331.89428307454 6.60310166765708 2.2524363573039615e-6 1.4808009600855292e-8 1.0460411235108011e-8 1.350427601209958e-5 8.425596531580481e-8 7.459376538676565e-8 2.3325927471942363e-11 7.38778084907153e8 1.0400221015656464e8
32400 213653.59381276512 6.614245187035279 2.257843719387711e-6 1.4753936022344359e-8 1.0472965061649694e-8 1.356870689050993e-5 8.363731440752531e-8 7.599953155690287e-8 2.7499191332960834e-11 7.387780849071647e8 1.0400221015656085e8
32600 214977.76462560814 6.627786967240484 2.2606707163872676e-6 1.471596856385842e-8 1.0477425678846242e-8 1.439432890038006e-5 8.00837574033153e-8 7.731028528468187e-8 2.3632181510237264e-11 7.387780849071684e8 1.0400221015656427e8
32800 216298.10847299884 6.623079490582576 2.2606386400459723e-6 1.470161857538278e-8 1.0472565784279794e-8 1.544301994726993e-5 7.919254718657953e-8 7.846620730944665e-8 2.6664368222196668e-11 7.38778084907141e8 1.0400221015656513e8
33000 217621.4018324181 6.610315100262589 2.2583200458857367e-6 1.4713795796601118e-8 1.0457499591099147e-8 1.6107160263345577e-5 8.246501526087968e-8 7.920991418330914e-8 2.4727213164638063e-11 7.387780849071596e8 1.0400221015656282e8
33200 218942.3848711985 6.599978722826356 2.254235681258072e-6 1.4752233639255234e-8 1.0431463134979206e-8 1.6017766029108316e-5 8.457043376708384e-8 7.91310452719074e-8 2.2231506528424295e-11 7.387780849071808e8 1.0400221015656364e8
33400 220261.5513957899 6.592149091858485 2.2488173343512908e-6 1.4814875373953106e-8 1.0393313404025507e-8 1.5430725397891365e-5 8.477450386124019e-8 7.887464459344073e-8 1.746756032567046e-11 7.387780849071742e8 1.0400221015656449e8
33600 221579.38731469127 6.586271565854062 2.2425867661518688e-6 1.4897139290153997e-8 1.034218288709515e-8 1.4856170309940353e-5 8.439779319857621e-8 7.880908858837188e-8 1.7352295825758272e-11 7.387780849071578e8 1.0400221015656178e8
33800 222896.15313148443 6.581840927922478 2.2361209514456964e-6 1.4990558198281658e-8 1.0279531942666323e-8 1.4519069736707024e-5 8.415896601832173e-8 7.714132088665338e-8 2.116993235384894e-11 7.387780849071543e8 1.0400221015656559e8
34000 224212.29445334882 6.580018079535167 2.2303222091713205e-6 1.508334104033613e-8 1.0211105960227893e-8 1.4068289601709694e-5 8.346307955875432e-8 7.404120871967734e-8 2.6568449521058304e-11 7.38778084907158e8 1.0400221015656532e8
34200 225528.3349561495 6.5808211441990245 2.2261227626535274e-6 1.516272219694595e-8 1.0145398356393836e-8 1.3146327546564862e-5 8.196619827316454e-8 7.087205666778118e-8 1.799015845486582e-11 7.387780849071546e8 1.040022101565623e8
34400 226844.6288217479 6.580835459601343 2.224243938805042e-6 1.521905723067415e-8 1.0089337734463547e-8 1.2792592315236107e-5 8.025516162746271e-8 7.07698413204838e-8 2.1435588716155382e-11 7.387780849071776e8 1.040022101565604e8
34600 228160.66960588002 6.58001469768127 2.2251855259423735e-6 1.5249051665715248e-8 1.0045201250821288e-8 1.3069694887235528e-5 7.975387394942857e-8 7.037174887258857e-8 2.3032293276280996e-11 7.387780849071593e8 1.0400221015656579e8
34800 229476.81029971293 6.581819907659498 2.2289817898648034e-6 1.525505283460299e-8 1.0011576267990993e-8 1.3236067843536148e-5 8.179168498045897e-8 6.883726910711374e-8 2.1453731041171664e-11 7.387780849071456e8 1.0400221015656504e8
35000 230793.5745832258 6.586233070142743 2.2351913573667467e-6 1.5240661928295265e-8 9.987929216358708e-9 1.3291350569488714e-5 8.455258848627523e-8 6.847452627134487e-8 2.4925446997629714e-11 7.387780849071503e8 1.0400221015656373e8
35200 232111.40846006048 6.5921049747359834 2.24273096245597e-6 1.5207877791221897e-8 9.976836137885823e-9 1.3339974429982249e-5 8.672664253417395e-8 7.143247615637449e-8 2.181585172405715e-11 7.387780849071542e8 1.0400221015656438e8
35400 233430.57225840047 6.599917428318192 2.2502312376919876e-6 1.515993211706365e-8 9.979670950820961e-9 1.3435599157674005e-5 8.475309543065634e-8 7.367352505838198e-8 1.9290844605958345e-11 7.387780849071416e8 1.0400221015656453e8
35600 234751.5516826876 6.610237048713689 2.2563235933364557e-6 1.5105541026391564e-8 9.991826381734359e-9 1.3538592156692175e-5 8.362673398210063e-8 7.547401192908865e-8 1.827232315554776e-11 7.387780849071643e8 1.040022101565628e8
35800 236074.84055539293 6.622985209161165 2.260076077034792e-6 1.5056247885585435e-8 1.0007268197907256e-8 1.4026118151377887e-5 8.223682002039823e-8 7.685384639799508e-8 1.945519212138872e-11 7.387780849071734e8 1.0400221015656446e8
36000 237400.57114603146 6.62782671870927 2.260985561745828e-6 1.50198285529142e-8 1.0025161510518543e-8 1.5104486010386609e-5 7.869656615255849e-8 7.844340466078847e-8 1.7956698821279427e-11 7.387780849071398e8 1.0400221015656458e8
36200 238724.73571985637 6.614278461652521 2.2593412956448344e-6 1.4999069179292228e-8 1.0047348430054588e-8 1.595439425727818e-5 8.13185205839062e-8 7.944901003753557e-8 1.623407941334354e-11 7.387780849071616e8 1.0400221015656307e8
36400 240046.43009426372 6.6031282811301555 2.2557621586379338e-6 1.499379811519871e-8 1.007441553681994e-8 1.6103544112411328e-5 8.3985942200826e-8 7.939471746709614e-8 1.8961476883760856e-11 7.38778084907176e8 1.0400221015656182e8
36600 241366.1426710807 6.594460702676884 2.250765159104047e-6 1.500232400539034e-8 1.0106400481576463e-8 1.5636745956726372e-5 8.436542575651629e-8 7.891403530635444e-8 1.749596280889271e-11 7.387780849071571e8 1.0400221015656331e8
36800 242684.37691627533 6.588308412231337 2.2447287105292025e-6 1.502100051205674e-8 1.0142767566846608e-8 1.5004625311121345e-5 8.428917386282819e-8 7.864766171650217e-8 2.637656006955862e-11 7.387780849071398e8 1.0400221015656601e8
37000 244001.46421502155 6.583021042179819 2.2382489937811107e-6 1.5043713453627605e-8 1.0182728951716616e-8 1.4621064110542648e-5 8.425257247424156e-8 7.762101450481396e-8 2.0988552178905115e-11 7.387780849071692e8 1.0400221015656322e8
37200 245317.7545775746 6.580331541815948 2.23213447822737e-6 1.506359311319559e-8 1.0224786057522714e-8 1.4273320630309172e-5 8.33245601405963e-8 7.485937958406907e-8 2.163803165613709e-11 7.38778084907184e8 1.040022101565641e8
37400 246633.77028704144 6.580263922892256 2.227307632256112e-6 1.50748727472995e-8 1.0266510798362144e-8 1.3518769264919683e-5 8.197788003982964e-8 7.189704165355693e-8 1.77378817042814e-11 7.387780849071485e8 1.0400221015656482e8
37600 247950.01725373341 6.581686805202795 2.2245875726010707e-6 1.507288946003366e-8 1.0305931317203301e-8 1.2752567272400483e-5 8.020320185764263e-8 7.156985751266554e-8 2.6994093027490003e-11 7.387780849071499e8 1.0400221015656355e8
37800 249266.14081618167 6.579995333810202 2.2245670381425856e-6 1.5054906947137228e-8 1.0342440374069399e-8 1.2996617442695424e-5 7.943077129368703e-8 7.17970893293618e-8 2.4252783958917663e-11 7.387780849071764e8 1.0400221015656066e8
38000 250582.19025241229 6.580931871526854 2.227457769078578e-6 1.5020987499327142e-8 1.0376225768104689e-8 1.3220368145994144e-5 8.046418709106717e-8 7.111479854993163e-8 2.074688009853863e-11 7.387780849071536e8 1.0400221015656598e8
38200 251898.6902436735 6.584484300251957 2.2329381901852784e-6 1.4973682421614177e-8 1.0407332222759028e-8 1.328779899267829e-5 8.356213876403729e-8 7.047068734111761e-8 2.156627713580471e-11 7.387780849071535e8 1.0400221015656364e8
38400 253216.1441099453 6.59008101375408 2.240192538289225e-6 1.4916862847316815e-8 1.0435027626639078e-8 1.3349064374779118e-5 8.611883983711266e-8 7.07326772708683e-8 2.4302793749738002e-11 7.387780849071633e8 1.0400221015656433e8
38600 254534.81789294802 6.597048678764918 2.2478521892516427e-6 1.4855184874170912e-8 1.0458190496098263e-8 1.3370259239309235e-5 8.560256170575542e-8 7.32585057061641e-8 2.6492446527771834e-11 7.387780849071864e8 1.040022101565614e8
38800 255855.14047886772 6.606545707936305 2.254552958812577e-6 1.4794912728168817e-8 1.0475517231307766e-8 1.3477402717398945e-5 8.429745790294874e-8 7.505756882686399e-8 2.4696230116837472e-11 7.387780849071536e8 1.0400221015656562e8
39000 257177.6107101977 6.618499255574871 2.259125115967243e-6 1.4744638138184667e-8 1.048560422777039e-8 1.3635841241921298e-5 8.253507965960694e-8 7.635522392135385e-8 2.4980814448293427e-11 7.387780849071434e8 1.0400221015656535e8
39200 258502.71110463684 6.632818990331571 2.2610392219486713e-6 1.4713522829764286e-8 1.048718838865424e-8 1.4729635950061493e-5 7.89765437492207e-8 7.776903165890303e-8 2.417671186580071e-11 7.387780849071668e8 1.0400221015656614e8
39400 259822.4402026455 6.61855832976824 2.2601471725761545e-6 1.470784235660221e-8 1.047919181818771e-8 1.571427856106311e-5 8.038320409298194e-8 7.87094203147376e-8 2.478411385379145e-11 7.387780849071722e8 1.0400221015656565e8
39600 261144.90920190662 6.606593846532246 2.257183016230863e-6 1.4729040244685582e-8 1.0460682071938668e-8 1.614367101865355e-5 8.163116915760327e-8 7.925448208823127e-8 2.6665195266401493e-11 7.387780849071738e8 1.0400221015656339e8
39800 262465.23079326825 6.597085575674256 2.252586034934386e-6 1.4776089526796494e-8 1.0430725411292962e-8 1.5871224604779854e-5 8.274424301291106e-8 7.909965527019835e-8 2.7061193173190914e-11 7.387780849071578e8 1.0400221015656273e8
40000 263783.9038375578 6.590106429224656 2.246872690893446e-6 1.4846070096110782e-8 1.0387987974987264e-8 1.5228639313136227e-5 8.326746203657365e-8 7.880686947459026e-8 2.3024583051386525e-11 7.387780849071667e8 1.040022101565667e8
40200 265101.3571057013 6.584505982181401 2.2404450815008236e-6 1.4932875771153746e-8 1.0332238942253181e-8 1.4774768715142272e-5 8.319192712491486e-8 7.849394023651257e-8 2.599676765842444e-11 7.38778084907173e8 1.0400221015656367e8
40400 266417.85671411705 6.580941924845208 2.2341094380639786e-6 1.5026822678605868e-8 1.0266378749954426e-8 1.4438295693253167e-5 8.270090612327863e-8 7.619445208106868e-8 2.912255155652481e-11 7.387780849071685e8 1.0400221015656614e8
40600 267733.90604851214 6.579993677919082 2.228757099904193e-6 1.511567756883556e-8 1.0197769445249177e-8 1.3841487088939175e-5 8.231237336175923e-8 7.299986970465966e-8 3.210932837261298e-11 7.387780849071807e8 1.0400221015656394e8
40800 269050.0297925237 6.581673423164912 2.2252254765130195e-6 1.5187749198200657e-8 1.0134924815112964e-8 1.2754090676025953e-5 8.106526339091147e-8 7.000980256632872e-8 3.064722908573116e-11 7.387780849071594e8 1.0400221015656465e8
41000 270366.27660787385 6.580269511854394 2.2242668206089777e-6 1.5235610998733242e-8 1.0083350863302254e-8 1.2910220448247856e-5 7.920460065591328e-8 6.999743540347936e-8 2.6842054697111128e-11 7.387780849071554e8 1.0400221015656681e8
41200 271682.292324214 6.580325408571238 2.2261895323771157e-6 1.525805470376113e-8 1.0043517766558063e-8 1.3185774605517508e-5 8.00859123462061e-8 6.893535797747319e-8 2.433406133329077e-11 7.387780849071733e8 1.0400221015656477e8
41400 272998.5829759738 6.5830032459759416 2.230840043838822e-6 1.525791933903497e-8 1.0013470015212468e-8 1.3300756563694449e-5 8.281677232879758e-8 6.701514654317009e-8 3.155978669393227e-11 7.38778084907172e8 1.0400221015656415e8
41600 274315.6708405018 6.588279076116769 2.237700552040092e-6 1.5237800890351032e-8 9.993550832781597e-9 1.3347015283216024e-5 8.459506095626068e-8 6.992386025750363e-8 2.7221298018856426e-11 7.387780849071814e8 1.040022101565623e8
41800 275633.905738992 6.5944276317600545 2.245308096218793e-6 1.519953431587861e-8 9.986404081203191e-9 1.3340304576558992e-5 8.499210157886239e-8 7.285416492308627e-8 3.3744103768519084e-11 7.387780849071523e8 1.0400221015656288e8
42000 276953.6192264499 6.603083881042226 2.252559981069136e-6 1.5148140389155086e-8 9.991778977803488e-9 1.3441193914331961e-5 8.500811121692209e-8 7.467934182159297e-8 2.8176305776769828e-11 7.387780849071609e8 1.040022101565646e8
42200 278275.31475564616 6.614223015877605 2.2578505849297795e-6 1.5094182681393515e-8 1.0004283290764071e-8 1.3482695521815913e-5 8.442568999456057e-8 7.605473584249012e-8 3.2345278388748675e-11 7.38778084907163e8 1.0400221015656321e8
42400 279599.4807073691 6.627760578785038 2.2607702096987504e-6 1.5048643561058014e-8 1.0020176738977844e-8 1.437096216250211e-5 7.977449012486204e-8 7.74142256965149e-8 3.025576556366195e-11 7.387780849071765e8 1.0400221015656276e8
42600 280925.210820559 6.623047826126371 2.2607008656582694e-6 1.5017445908246322e-8 1.0040376740791325e-8 1.5431849533342756e-5 7.978278593334664e-8 7.842268257007845e-8 3.0360319888982994e-11 7.387780849071617e8 1.0400221015656361e8
42800 282248.4983872329 6.6102888466173795 2.2583799915361166e-6 1.5002301421029242e-8 1.0065633856885301e-8 1.609426544746384e-5 8.115553251641927e-8 7.901675846966327e-8 2.9710421565072923e-11 7.387780849071641e8 1.0400221015656462e8
43000 283569.476736047 6.599958078530111 2.2543015752878354e-6 1.500244626292085e-8 1.0095187078224257e-8 1.6011896150303073e-5 8.300483633760791e-8 7.892776432427695e-8 3.090352328849443e-11 7.387780849071625e8 1.0400221015656385e8
43200 284888.63970916695 6.592134215784549 2.248866512603786e-6 1.5015453088760537e-8 1.0128366726570874e-8 1.543815051263664e-5 8.309597765432386e-8 7.874658924933442e-8 3.415956042687882e-11 7.387780849071597e8 1.0400221015656321e8
43400 286206.47295989183 6.586258575064666 2.2426454328249482e-6 1.503650360045241e-8 1.0164819783351795e-8 1.487160989199765e-5 8.31585706961846e-8 7.869223095369193e-8 3.051160352806396e-11 7.38778084907171e8 1.0400221015656321e8
43600 287523.2367688618 6.58183382462456 2.23614801071602e-6 1.505872882835083e-8 1.020444310794366e-8 1.4541263226419687e-5 8.307929011408532e-8 7.718313632665286e-8 3.170084319914184e-11 7.387780849071568e8 1.0400221015656379e8
43800 288839.3772672391 6.580016925073325 2.2303612115821813e-6 1.5075667392270317e-8 1.0246007592702452e-8 1.407816307619214e-5 8.248856708803487e-8 7.422611725260708e-8 3.0533313019653795e-11 7.387780849071833e8 1.0400221015656391e8
44000 290155.41813909065 6.580825959412238 2.2261530253018225e-6 1.508224424600403e-8 1.0287256830328048e-8 1.315723784500733e-5 8.124107964135874e-8 7.174332317116949e-8 2.953698211231524e-11 7.387780849071515e8 1.040022101565635e8
44200 291471.71200502734 6.580830617946049 2.2242832438881334e-6 1.5074663795075132e-8 1.0326344924859861e-8 1.2780491033481667e-5 7.951338654166307e-8 7.184190881082131e-8 3.491484092797512e-11 7.387780849071277e8 1.0400221015656522e8
44400 292787.7524207847 6.5800158256725085 2.225206272102378e-6 1.5051223792719575e-8 1.0362477660359002e-8 1.3121358279022388e-5 7.971519511151826e-8 7.180466937706242e-8 2.8852843491257744e-11 7.3877808490717e8 1.040022101565669e8
44600 294103.8939387597 6.5818269845049855 2.2290602575081237e-6 1.5012781277203804e-8 1.0395479216211457e-8 1.3290141396282706e-5 8.03005391070144e-8 7.122819034588446e-8 2.704573742565307e-11 7.387780849071553e8 1.0400221015656392e8
44800 295420.6602307078 6.586246034668794 2.2352325680651912e-6 1.4962207880002783e-8 1.0425251017948032e-8 1.3321493497642223e-5 8.269238227498477e-8 7.058484641220275e-8 2.977708010751737e-11 7.387780849071661e8 1.0400221015656593e8
45000 296738.4967763107 6.592119824598263 2.2428230939465485e-6 1.4903449352789926e-8 1.0451242640272838e-8 1.3334443792700768e-5 8.521375205461368e-8 7.13962642340249e-8 3.26226640135358e-11 7.387780849071778e8 1.0400221015656522e8
45200 298057.6641267082 6.599938047024004 2.250286662836415e-6 1.4841520183546162e-8 1.0472440936863429e-8 1.3408923223323654e-5 8.600101319977682e-8 7.355868802960686e-8 2.8071594944819744e-11 7.387780849071527e8 1.0400221015656467e8
45400 299378.64824152744 6.610263277519086 2.256395385201141e-6 1.4783497303023556e-8 1.0487407394449994e-8 1.3455978660203982e-5 8.506129334229229e-8 7.539924329336145e-8 2.272802452696851e-11 7.387780849071556e8 1.0400221015656565e8
45600 300701.94290750485 6.62301684962325 2.2601171245106724e-6 1.4738591716664785e-8 1.0494708483660162e-8 1.4004044714965858e-5 8.092033265683085e-8 7.703415372262157e-8 2.5966859815951482e-11 7.387780849071645e8 1.0400221015656565e8
45800 302027.67564444174 6.627793312802786 2.2610236453479075e-6 1.4715322242870147e-8 1.0493002227956049e-8 1.5085774066392332e-5 7.91401479904863e-8 7.852364181104576e-8 2.7378443118363002e-11 7.387780849071417e8 1.0400221015656501e8
46000 303346.50156782387 6.614300232812663 2.2593935662157428e-6 1.4718281595410657e-8 1.0481386836664679e-8 1.5931813322822563e-5 8.01814290518621e-8 7.917068600704624e-8 2.8883118669626075e-11 7.387780849071655e8 1.0400221015656343e8
46200 304668.19986668474 6.603145751187809 2.2558142776932377e-6 1.474789087053862e-8 1.0458973997410719e-8 1.6094878446892835e-5 8.191779055088944e-8 7.925067180281076e-8 2.594145811999961e-11 7.387780849071711e8 1.0400221015656488e8
46400 305987.9154938037 6.594473738127658 2.2508353077578793e-6 1.4802707615682304e-8 1.0424763539732537e-8 1.564276681165211e-5 8.288185204818888e-8 7.889565978302926e-8 2.3922638429883736e-11 7.387780849071707e8 1.0400221015656255e8
46600 307306.15190385154 6.588319988788374 2.244793464538912e-6 1.487906393592611e-8 1.037772665709911e-8 1.5015037206467241e-5 8.306721310802345e-8 7.87487435260914e-8 2.2273829606240533e-11 7.387780849071722e8 1.0400221015656686e8
46800 308623.24106269825 6.583028077111239 2.2383288278826624e-6 1.4969666829611363e-8 1.0318451557007399e-8 1.4631927115260623e-5 8.29822481840381e-8 7.775106247720487e-8 1.9563721571503274e-11 7.387780849071549e8 1.0400221015656057e8
47000 309939.5323706955 6.5803339772695795 2.232184983184247e-6 1.506368525324877e-8 1.0251332229049047e-8 1.428086034138687e-5 8.284774111189108e-8 7.50321507148044e-8 1.883184823415235e-11 7.38778084907171e8 1.0400221015656519e8
47200 311255.5481025044 6.580261732145207 2.2273619729684947e-6 1.5148483146326185e-8 1.0184223422616475e-8 1.3527060218621045e-5 8.199528789276656e-8 7.261180379192211e-8 2.4234036367247716e-11 7.38778084907156e8 1.040022101565637e8
47400 312571.7945685771 6.581692099627387 2.224621041261774e-6 1.521315672111579e-8 1.0124706167440345e-8 1.2682355190918315e-5 8.027839459856523e-8 7.313759131655218e-8 1.7366449864108575e-11 7.38778084907155e8 1.0400221015656418e8
47600 313887.9187251175 6.579996001713962 2.224597864256002e-6 1.5252252169703436e-8 1.0076450602192437e-8 1.3057565865892684e-5 7.907137677953813e-8 7.27220944574114e-8 1.8792704825418725e-11 7.387780849071579e8 1.0400221015656589e8
47800 315203.96783015603 6.580927918345215 2.227480009419015e-6 1.5266381699061236e-8 1.0038938159331862e-8 1.326299070569803e-5 8.01480124490439e-8 7.103333643510013e-8 2.368158758989796e-11 7.38778084907195e8 1.0400221015656638e8
48000 316520.46656919515 6.5844757628841 2.232977734030812e-6 1.52588394439497e-8 1.0011319005268894e-8 1.3322570794116473e-5 8.2174772986221e-8 6.972109933833792e-8 1.7479453154329964e-11 7.387780849071686e8 1.0400221015656415e8
48200 317837.9184647486 6.590071012933253 2.2402123367979716e-6 1.523204788968224e-8 9.995522723881082e-9 1.3295849839778384e-5 8.545657803615825e-8 7.052839423593582e-8 1.589663221590203e-11 7.387780849071661e8 1.0400221015656252e8
48400 319156.58979304036 6.597034171276346 2.2478889244900045e-6 1.518855795888591e-8 9.99375569340502e-9 1.336226978310151e-5 8.668846085413406e-8 7.29591100867566e-8 2.0967123932599343e-11 7.387780849071537e8 1.0400221015656574e8
48600 320476.9090337549 6.606526806713163 2.2545738753249877e-6 1.5135297501966493e-8 1.0003293770314183e-8 1.3396603208093438e-5 8.601297651900097e-8 7.474950280972337e-8 1.8322862352774962e-11 7.387780849071485e8 1.0400221015656546e8
48800 321799.37505504844 6.618476104178886 2.259178560767187e-6 1.5083534732066394e-8 1.0017805505868888e-8 1.3660504919243976e-5 8.269420814777106e-8 7.628933174075314e-8 2.3030533414278017e-11 7.387780849071739e8 1.0400221015656197e8
49000 323124.47040642926 6.632791763176442 2.2610664717567975e-6 1.5042640664883735e-8 1.00347195298816e-8 1.4742232451681048e-5 7.846044258741358e-8 7.803259371996774e-8 1.6489046899361564e-11 7.387780849071813e8 1.0400221015656312e8
49200 324449.5628013293 6.6185282234731035 2.260194607825815e-6 1.501679501542351e-8 1.0055733250419966e-8 1.5705518308095634e-5 7.982776151216342e-8 7.900319909381892e-8 2.0120712870003496e-11 7.38778084907191e8 1.040022101565662e8
49400 325772.02633085597 6.606569262331 2.2571978924430365e-6 1.5006802926613373e-8 1.0081417993381912e-8 1.6128304196172394e-5 8.14544287575103e-8 7.937217949560704e-8 2.4101469269783e-11 7.3877808490718e8 1.040022101565688e8
49600 327092.34357633354 6.597066700282776 2.25262022463051e-6 1.501144282578877e-8 1.0111589146708558e-8 1.581672222528141e-5 8.259187866954676e-8 7.912628197104254e-8 1.733910475785942e-11 7.387780849071413e8 1.0400221015656546e8
49800 328411.01343192224 6.590093409481324 2.2468763306092068e-6 1.5027609087060023e-8 1.0145879445137438e-8 1.5183139112195931e-5 8.312853827519007e-8 7.876931729100534e-8 1.8015635293144172e-11 7.387780849071782e8 1.0400221015656595e8
50000 329728.4641387407 6.584494863815852 2.240471763355963e-6 1.504962275399358e-8 1.0183954440072875e-8 1.4706780348205939e-5 8.299361997643473e-8 7.833586135319592e-8 1.7394023388671817e-11 7.387780849071573e8 1.0400221015656443e8
50200 331044.96212094603 6.5809367627340585 2.2341508090925565e-6 1.50705828966998e-8 1.0225042868460114e-8 1.4393803212442435e-5 8.288857200611233e-8 7.602307583454149e-8 1.730647480085235e-11 7.387780849071634e8 1.0400221015656616e8
50400 332361.0110258986 6.579994520231022 2.228809771053346e-6 1.5084607111503807e-8 1.0267071001226675e-8 1.3819930245517753e-5 8.24880230787528e-8 7.283975156369138e-8 1.8036008735024646e-11 7.387780849071807e8 1.0400221015656307e8
50600 333677.1355427767 6.581680277271136 2.2253559173320627e-6 1.508713640885955e-8 1.0307641995831531e-8 1.2757416698150337e-5 8.109261750988139e-8 7.189565315313118e-8 2.000005298577879e-11 7.387780849071535e8 1.0400221015656559e8
50800 334993.3817049033 6.580266639738617 2.2244378851701447e-6 1.5074854280361368e-8 1.0345400493039194e-8 1.2918646916659782e-5 8.023421305125567e-8 7.208911012579478e-8 1.9382536640972236e-11 7.387780849071782e8 1.0400221015656218e8
51000 336309.3974512141 6.580328547985359 2.226369313427843e-6 1.5046604276798335e-8 1.0380063495467948e-8 1.3175829280953621e-5 8.13711571456821e-8 7.171442778508563e-8 1.782668763979551e-11 7.387780849071578e8 1.0400221015656738e8
51200 337625.6893324584 6.583012362373582 2.2309758303438133e-6 1.5003807505368283e-8 1.0411690415026141e-8 1.3276270692585967e-5 8.303048604219043e-8 7.100035159801621e-8 2.1251484751530035e-11 7.387780849071885e8 1.0400221015656576e8
51400 338942.77961498965 6.588294094334896 2.2375801457478016e-6 1.4949899235286015e-8 1.0440066357468658e-8 1.3307895187608665e-5 8.559179098810432e-8 7.0395737961082e-8 2.2616718998642704e-11 7.387780849071481e8 1.0400221015656674e8
51600 340261.0173274073 6.59444454524227 2.2450325200993336e-6 1.4889196407719579e-8 1.046445336151963e-8 1.3346179912332445e-5 8.580866794893893e-8 7.242258814876834e-8 2.6842449074671765e-11 7.387780849071634e8 1.0400221015656403e8
51800 341580.73477926844 6.603106557236266 2.2520178414582508e-6 1.4827187712549876e-8 1.0483759685530334e-8 1.3446741377265425e-5 8.457834588249113e-8 7.436580129471793e-8 2.4244036757952428e-11 7.3877808490717e8 1.0400221015656623e8
52000 342902.4354086682 6.614251281572867 2.257425168542826e-6 1.4771711197046428e-8 1.0496550137243503e-8 1.3487443084159167e-5 8.208951585153557e-8 7.597052320562625e-8 1.880168959818209e-11 7.387780849071715e8 1.0400221015656699e8
52200 344226.6075577302 6.627794220704715 2.260470878271852e-6 1.4732441338974379e-8 1.0501373917340777e-8 1.4339897461468354e-5 7.740597673944194e-8 7.74662263225423e-8 2.616724693127966e-11 7.38778084907169e8 1.0400221015656419e8
52400 345552.3354563261 6.623015939009917 2.260753715451102e-6 1.4717428598245472e-8 1.0496711820243595e-8 1.5382365745608695e-5 7.933217527344993e-8 7.855853434435289e-8 2.7528907012095694e-11 7.387780849071518e8 1.0400221015656403e8
52600 346870.30990129826 6.6103088127401595 2.25862729070771e-6 1.4729821595472951e-8 1.0481555675192507e-8 1.602353404450696e-5 8.070791057690485e-8 7.906650045796937e-8 2.7672905794069826e-11 7.387780849071414e8 1.0400221015656595e8
52800 348191.291816838 6.59997377834824 2.2545239926969573e-6 1.4768926326299084e-8 1.0454773107111572e-8 1.5942739992169663e-5 8.25118411373893e-8 7.900059006971105e-8 2.7055126267901346e-11 7.387780849071624e8 1.0400221015656674e8
53000 349510.4574907791 6.592145528493622 2.248912214341986e-6 1.4831825666460216e-8 1.0415446165297564e-8 1.5363486454589292e-5 8.383069882711425e-8 7.876167940068513e-8 3.1694108149344205e-11 7.387780849071714e8 1.0400221015656336e8
53200 350828.2927705294 6.586268453976789 2.2423627322978437e-6 1.4913252601918523e-8 1.0363264669051107e-8 1.4830276995780878e-5 8.39415377207331e-8 7.874664120777197e-8 3.0508958829270665e-11 7.387780849071621e8 1.0400221015656641e8
53400 352145.05810631026 6.581839225877963 2.235756715061542e-6 1.5004982683130267e-8 1.0300098498923627e-8 1.4532161003444344e-5 8.376314086788739e-8 7.723639638967938e-8 2.710562669743145e-11 7.387780849071788e8 1.0400221015656617e8
53600 353461.1992307654 6.580017801991514 2.230033372746305e-6 1.509617115928779e-8 1.0231559834385927e-8 1.4103659850661643e-5 8.21349765978141e-8 7.421509407024018e-8 3.074674576419e-11 7.387780849071584e8 1.0400221015656452e8
53800 354777.2398217109 6.580822296056853 2.2260939850092723e-6 1.5174955081508827e-8 1.016593604868605e-8 1.3200691682868637e-5 8.0361980625554e-8 7.227887877103711e-8 3.04175539324701e-11 7.387780849071766e8 1.0400221015656489e8
54000 356093.53368716245 6.580834299153897 2.224560608584415e-6 1.523210783703383e-8 1.0110429471954318e-8 1.2753286682709586e-5 7.952575709069265e-8 7.246502092828067e-8 2.5806434538517955e-11 7.387780849071791e8 1.0400221015656497e8
54200 357409.57438286435 6.5800149666651 2.2257234437881008e-6 1.526412882106388e-8 1.0067695671614427e-8 1.3065201073914068e-5 8.104770188310795e-8 7.156670955854594e-8 3.27879454236448e-11 7.387780849071529e8 1.0400221015656659e8
54400 358725.7152738117 6.581821601043162 2.229564253883196e-6 1.527236019162952e-8 1.0036089800507138e-8 1.3230344848125242e-5 8.164329279303217e-8 6.937273477891637e-8 2.6843003787769792e-11 7.387780849071652e8 1.0400221015656623e8
54600 360042.4800380036 6.586236173259578 2.2355279512572468e-6 1.525908844741687e-8 1.001412192778026e-8 1.3307766039361013e-5 8.409913410112324e-8 6.976852673368228e-8 3.189964682155817e-11 7.387780849071671e8 1.0400221015656598e8
54800 361360.3145536121 6.592108529203107 2.2426749836823834e-6 1.5225875493251852e-8 1.0002945420498417e-8 1.334189391855034e-5 8.650364269335853e-8 7.15160459741071e-8 3.508098435099104e-11 7.387780849071707e8 1.0400221015656516e8
55000 362679.47920223203 6.5999223642019675 2.2498089364550857e-6 1.517686559988354e-8 1.0003171888921688e-8 1.3423092241282575e-5 8.604526091637865e-8 7.380796773759357e-8 3.260919642666164e-11 7.38778084907173e8 1.0400221015656595e8
55200 364000.45974942355 6.610243328033881 2.2558229363829955e-6 1.5122093981245197e-8 1.0011306016187079e-8 1.3483404927683296e-5 8.379744542708067e-8 7.555829828476135e-8 3.418037030448515e-11 7.38778084907146e8 1.0400221015656483e8
55400 365323.7500091041 6.62299278439162 2.2598384745379912e-6 1.507339404797621e-8 1.0024295720981568e-8 1.3998655049363151e-5 7.941677271361414e-8 7.700901205609512e-8 3.3504826670329075e-11 7.387780849071771e8 1.0400221015656346e8
55600 366649.4811134705 6.627818718721446 2.261229395757052e-6 1.5037768431051527e-8 1.0043430544808325e-8 1.5106874343473464e-5 7.869596618803598e-8 7.837389670584116e-8 3.084660441202635e-11 7.387780849071549e8 1.0400221015656464e8
55800 367973.6442147835 6.614271739380176 2.25995019465003e-6 1.501775946818938e-8 1.0069246132037646e-8 1.593944034539163e-5 7.973062920996199e-8 7.90386800453291e-8 3.090295852451197e-11 7.387780849071717e8 1.0400221015656677e8
56000 369295.33737747377 6.603122887234197 2.2563306395108394e-6 1.5013302294999824e-8 1.0099090549157396e-8 1.6077559848781675e-5 8.160187814354458e-8 7.912098176632298e-8 2.982641499341332e-11 7.387780849071546e8 1.0400221015656637e8
56200 370615.0490125414 6.594456678310877 2.2509609321773537e-6 1.5022464097074134e-8 1.013088849665964e-8 1.556168353999965e-5 8.306932741675155e-8 7.885449715416826e-8 3.117716986461885e-11 7.387780849071594e8 1.0400221015656915e8
56400 371933.2825890723 6.588304838216887 2.2444466603200056e-6 1.504164805152319e-8 1.016388092391574e-8 1.4933533748262562e-5 8.34379667580265e-8 7.88051988109828e-8 3.170098510805777e-11 7.387780849071656e8 1.0400221015656267e8
56600 373250.3693136172 6.583018870969679 2.23775875590696e-6 1.5064873143868945e-8 1.019926371341392e-8 1.4606035620090552e-5 8.37402653885988e-8 7.794309198061455e-8 3.0372175625092805e-11 7.387780849071717e8 1.0400221015656464e8
56800 374566.6593844967 6.580330791355609 2.2317922822496796e-6 1.50849656979828e-8 1.0238528573039153e-8 1.4314198779175058e-5 8.287214425806155e-8 7.528268186618448e-8 3.102595957306357e-11 7.387780849071782e8 1.0400221015656775e8
57000 375882.6750874234 6.580264601364703 2.2273636871667386e-6 1.5095706355634943e-8 1.0280850160560541e-8 1.3580040103988722e-5 8.157578612610905e-8 7.209816654807355e-8 3.448246498168527e-11 7.387780849071537e8 1.0400221015656534e8
57200 377198.9222062297 6.581685171907299 2.2250431612637043e-6 1.5092824933567228e-8 1.0323432468138804e-8 1.2672386674239533e-5 7.974172167024562e-8 7.156787792950148e-8 3.170659841483891e-11 7.387780849071709e8 1.0400221015656221e8
57400 378515.04558557813 6.579995129467669 2.2252630674541084e-6 1.5074569294560038e-8 1.0363581356893135e-8 1.3001787010580301e-5 8.004794138649629e-8 7.179692396164228e-8 2.8434856881701994e-11 7.38778084907189e8 1.0400221015656455e8
57600 379831.0951244762 6.580933094294872 2.228148404571973e-6 1.5041460917587384e-8 1.0399755182381162e-8 1.3205600225774106e-5 8.114789018520696e-8 7.11490658056313e-8 3.110377782787079e-11 7.387780849071623e8 1.0400221015656173e8
57800 381147.59550283215 6.584486938632364 2.233437544971377e-6 1.4995351044634625e-8 1.0431491925809007e-8 1.3295798908075085e-5 8.352901925690048e-8 7.054509532089526e-8 2.939704587688985e-11 7.387780849071709e8 1.0400221015656213e8
58000 382465.04997772287 6.5900841038658955 2.2403270085768634e-6 1.493898070835648e-8 1.045859856773722e-8 1.3325271993380738e-5 8.634728931866675e-8 7.070130814135211e-8 2.8584299533784195e-11 7.387780849071699e8 1.0400221015656401e8
58200 383783.72451913665 6.597053160782915 2.247622127651587e-6 1.4876422251185497e-8 1.0480718946212325e-8 1.3376680271903751e-5 8.654136540720003e-8 7.324746498227341e-8 3.040827576960398e-11 7.387780849071535e8 1.0400221015656258e8
58400 385104.04813850543 6.606551547023923 2.2541023926557385e-6 1.4814478705323293e-8 1.0497019540306797e-8 1.345482860415359e-5 8.498932113631952e-8 7.499932919152741e-8 3.0025037221296304e-11 7.387780849071503e8 1.0400221015656245e8
58600 386426.5196703994 6.618506407379043 2.258760880003723e-6 1.4763013837780294e-8 1.0506319619954334e-8 1.3668015526491217e-5 8.173344911988067e-8 7.633335430412558e-8 2.3481437866887836e-11 7.387780849071572e8 1.0400221015656514e8
58800 387751.62161286286 6.632817576272224 2.2609630224278325e-6 1.4732257772153873e-8 1.0507303544946652e-8 1.475597127864603e-5 7.807068036491671e-8 7.789312128636539e-8 2.2314523244244662e-11 7.387780849071696e8 1.0400221015656473e8
59000 389071.4151912334 6.618550516243672 2.260413959879369e-6 1.4728353552551454e-8 1.049884196669768e-8 1.5725378034403548e-5 7.931962997531627e-8 7.877271368528227e-8 2.7650177872684078e-11 7.387780849071784e8 1.0400221015656655e8
59200 390393.8827709029 6.6065874659247825 2.257511437984152e-6 1.4751245285286118e-8 1.0480030771468577e-8 1.6115063772303984e-5 8.0797068369165e-8 7.91969547719873e-8 2.235244164161124e-11 7.387780849071584e8 1.0400221015656656e8
59400 391714.20323430095 6.597080676455301 2.2527298948786652e-6 1.4798159093229241e-8 1.0450023889394441e-8 1.576375143486075e-5 8.212148472352965e-8 7.900256449033805e-8 2.144495661906109e-11 7.387780849071528e8 1.0400221015656738e8
59600 393032.875450908 6.590103049500391 2.2466388100630775e-6 1.4865725933902685e-8 1.040781580170573e-8 1.5099096344783902e-5 8.261111128504695e-8 7.874973873001068e-8 1.967584875963153e-11 7.387780849071888e8 1.0400221015656394e8
59800 394350.32805492 6.584503095760811 2.2400257555210367e-6 1.494926297167028e-8 1.03533424372658e-8 1.4677643775939941e-5 8.30677720498052e-8 7.846291794066929e-8 2.1251225821602482e-11 7.387780849071727e8 1.0400221015656456e8
60000 395666.8272410802 6.580940583939411 2.233780975839419e-6 1.5041081521580424e-8 1.0289251447014411e-8 1.4457064025918953e-5 8.324102329648753e-8 7.625677822531429e-8 2.4645671296454945e-11 7.387780849071671e8 1.0400221015656541e8
60200 396982.8764637573 6.579993895073042 2.2287238431333223e-6 1.512989539646524e-8 1.0221841759603682e-8 1.3914419469074346e-5 8.231021619842238e-8 7.337904900373005e-8 1.705333561857416e-11 7.387780849071622e8 1.0400221015656297e8
60400 398299.0004080401 6.5816752003648205 2.2255783809324857e-6 1.5203272532669005e-8 1.0158932957331738e-8 1.2807335224351846e-5 8.067867751648805e-8 7.418553699123365e-8 2.0619061086741723e-11 7.387780849071608e8 1.0400221015656471e8
60600 399615.2470536214 6.58026876525704 2.2248319455810028e-6 1.5252804944930188e-8 1.0106124757014482e-8 1.2918124866700964e-5 7.981598715289806e-8 7.411915958766002e-8 2.1782562955506127e-11 7.387780849071692e8 1.0400221015656477e8
60800 400931.26277747663 6.580326221915754 2.2268077850165097e-6 1.527687515955577e-8 1.0064694081542561e-8 1.3167632005206542e-5 8.083835933980765e-8 7.290597536790955e-8 2.24849790650362e-11 7.387780849071453e8 1.0400221015656658e8
61000 402247.55374801694 6.583005610312006 2.2313816302757046e-6 1.527807590127457e-8 1.003358090831781e-8 1.3273403510538628e-5 8.258636952085396e-8 7.034465221433805e-8 1.8842114255374235e-11 7.387780849071572e8 1.0400221015656519e8
61200 403564.6422397417 6.588282971959716 2.237925892872352e-6 1.5258750821298188e-8 1.0013564886678464e-8 1.3326630778465187e-5 8.542736940064799e-8 7.05635461173415e-8 1.892378104169245e-11 7.38778084907167e8 1.0400221015656441e8
61400 404882.87786815735 6.594432019341873 2.2453011683351624e-6 1.5220433034160338e-8 1.0007155527242687e-8 1.3339743418327998e-5 8.602675194424592e-8 7.22159532173805e-8 1.8643490352343845e-11 7.387780849071815e8 1.0400221015656479e8
61600 406202.59238408046 6.603089764009287 2.25219022925826e-6 1.516848743597913e-8 1.001316137371728e-8 1.3456382021104218e-5 8.511315097159411e-8 7.408462154856466e-8 1.8462647899717218e-11 7.387780849071589e8 1.0400221015656611e8
61800 407524.28923647327 6.614230349272926 2.2575118614967494e-6 1.5114386527877034e-8 1.0025236720531441e-8 1.3501790363079635e-5 8.284273622649607e-8 7.582657790550229e-8 1.9762740091401066e-11 7.387780849071543e8 1.0400221015656489e8
62000 408848.4567960939 6.627769307295154 2.2605324824946267e-6 1.5069230948560703e-8 1.004018409105532e-8 1.4386083421413787e-5 7.777127919439408e-8 7.748706742916056e-8 2.4049073769923608e-11 7.387780849071554e8 1.04002210156561e8
62200 410174.1863458497 6.623039550434777 2.260789330778551e-6 1.5038285923776816e-8 1.0060406840252578e-8 1.544960650790017e-5 7.884722386108933e-8 7.886883768293274e-8 2.295913982838485e-11 7.387780849071769e8 1.040022101565628e8
62400 411497.4723985904 6.610281985432296 2.2586156708599766e-6 1.50231768395355e-8 1.008617023272513e-8 1.6085476090665907e-5 8.023401121270979e-8 7.956587655399971e-8 1.9690798492999494e-11 7.387780849071435e8 1.0400221015656723e8
62600 412818.4495217663 6.599952683795834 2.2544209212893447e-6 1.5023111284471255e-8 1.0115464331128217e-8 1.5955463823047467e-5 8.181522748174075e-8 7.938225543568933e-8 1.5198826710299124e-11 7.387780849071852e8 1.0400221015656409e8
62800 414137.6115668891 6.592130329072872 2.2487291554535804e-6 1.503555985752115e-8 1.0147067915004527e-8 1.5326520951930434e-5 8.266486506425252e-8 7.886850506011456e-8 2.3240260194312778e-11 7.387780849071583e8 1.040022101565632e8
63000 415455.44412055175 6.5862551813603325 2.242224746977123e-6 1.5056489615042908e-8 1.0180713168650033e-8 1.4777995602344163e-5 8.411119900575414e-8 7.860144046745177e-8 1.8064265659902685e-11 7.387780849071537e8 1.040022101565641e8
63200 416772.20740510896 6.5818319700383086 2.2357647473872283e-6 1.5079658051091936e-8 1.0217446082061432e-8 1.4534320143866353e-5 8.459548997419297e-8 7.685494640696788e-8 2.2353407244437188e-11 7.387780849071642e8 1.0400221015656553e8
63400 418088.3476886732 6.580016625537238 2.2302181409200396e-6 1.509779785676969e-8 1.025799298226219e-8 1.414543658029288e-5 8.403252263478045e-8 7.384478317717935e-8 2.4102837326773144e-11 7.387780849071416e8 1.040022101565604e8
63600 419404.3886574428 6.580827220352352 2.2263662507598633e-6 1.5104533524281123e-8 1.0300809185393993e-8 1.3223067071521655e-5 8.206611182282053e-8 7.213672829908813e-8 2.294458607294156e-11 7.387780849071816e8 1.0400221015656401e8
63800 420720.68252390815 6.580829354506287 2.2247731705199916e-6 1.509590030036746e-8 1.0343022045867801e-8 1.2801293905795319e-5 7.939424540026607e-8 7.217099962097961e-8 2.2649535629888792e-11 7.387780849071782e8 1.0400221015656334e8
64000 422036.7228438105 6.5800161227347065 2.2258334188179296e-6 1.507131544071126e-8 1.0382192637006284e-8 1.3116654372424819e-5 8.146492580518583e-8 7.200035317955766e-8 2.065703476397269e-11 7.387780849071622e8 1.0400221015656534e8
64200 423352.86457766214 6.581828836654802 2.229588866056994e-6 1.503261606762136e-8 1.0417020179933951e-8 1.3277818197821034e-5 8.265761375358949e-8 7.139419722079765e-8 2.1801996998652213e-11 7.387780849071697e8 1.0400221015656446e8
64400 424669.63139507873 6.58624942596494 2.2355919699835884e-6 1.4982560136253334e-8 1.0447102127782466e-8 1.3318796845851466e-5 8.428363518220294e-8 7.086351616614195e-8 2.2044827024662826e-11 7.387780849071677e8 1.0400221015656309e8
64600 425987.4686383708 6.592123708817457 2.2428393826154074e-6 1.4924282445041195e-8 1.0472250366628568e-8 1.3315219803189393e-5 8.675083673637118e-8 7.184131156634521e-8 1.9582650497879875e-11 7.38778084907187e8 1.0400221015656617e8
64800 427306.63691777724 6.599943439289698 2.250041311530942e-6 1.4862225664746108e-8 1.0492097986753795e-8 1.344809788861312e-5 8.638245607706097e-8 7.40496286510961e-8 2.7914281253692132e-11 7.387780849071679e8 1.0400221015656753e8
65000 428627.62225921074 6.610270136274615 2.2560074378146135e-6 1.480373186996506e-8 1.0505795882012449e-8 1.3458481589623261e-5 8.389797523378206e-8 7.550670488853939e-8 2.2773949889627124e-11 7.387780849071815e8 1.0400221015656246e8
65200 429950.9184400555 6.623025122949247 2.2598649177619644e-6 1.4758754996779149e-8 1.0512205630268935e-8 1.4044098861631937e-5 7.94650387714313e-8 7.688166192565404e-8 2.1250345890600993e-11 7.387780849071783e8 1.0400221015656514e8
65400 431276.6517384335 6.627784581537944 2.2610408047167773e-6 1.4736331913829382e-8 1.0510029148677968e-8 1.5140576579142362e-5 8.000829754273298e-8 7.826730241689006e-8 2.9003854440271755e-11 7.387780849071877e8 1.04002210156563e8
65510 432000.0 1.3479677058639936 2.2605632109170065e-6 1.4735376158347026e-8 1.0504861965847568e-8 1.5653051377739757e-5 8.05474287268737e-8 7.873051854900837e-8 2.3635306138762268e-11 7.387780849071892e8 1.0400221015656361e8
