#timestep time dt l2_h l2_h_vcon1 l2_h_vcon2 linf_h linf_h_vcon1 linf_h_vcon2 l2_H l2_vcon1 l2_vcon2 linf_H linf_vcon1 linf_vcon2 dsdu_ut mass entropy 
0 0.0 100.0 0.0 0.0 0.0 0.0 0.0 0.0 0.0 0.0 0.0 0.0 0.0 0.0 -5.3232461229905745e-12 13175.848874782014 8.591918641155143e8
50 1602.9304882806773 32.066230370917054 0.00293449507150642 0.003470504463353162 0.005749217972610972 0.005394423144321846 0.005089956736410505 0.004605800724188139 0.00293449507150642 0.002173195145132714 0.0048097793005442355 0.005394423144321846 0.003326250541054754 0.003476512260896449 -2.6114871206416254e-9 13175.848874781976 8.591918641155121e8
100 3207.008424815486 32.09955638391141 0.0057177059474423355 0.009984709710780151 0.019734613839507715 0.010516026589105705 0.015012428228501032 0.014577702346725445 0.0057177059474423355 0.008766615684520038 0.01899335597149094 0.010516026589105705 0.01285335212002648 0.013892802911217852 -2.7777356470714963e-9 13175.848874781961 8.591918641155072e8
150 4813.233737270777 32.15119234940397 0.008208538087092888 0.02054916630261536 0.04215257385704358 0.015105965528729283 0.029598574075990546 0.03212844837614013 0.008208538087092888 0.019932690234335356 0.04181269755994088 0.015105965528729283 0.02770064127319436 0.0313519725136394 -2.517165258195265e-9 13175.848874782036 8.591918641155005e8
200 6422.437093401636 32.21785267591087 0.010286312292775551 0.03536091675914026 0.07189288767084574 0.01897737507165656 0.047793758227598716 0.05675632297862792 0.010286312292775551 0.035738499655121395 0.07204063398671236 0.01897737507165656 0.04674337411699216 0.0556857991089808 -2.7114449727409903e-9 13175.848874782016 8.591918641155026e8
250 8035.292208741491 32.29655515568927 0.011860499898462011 0.05426557220072359 0.10735023732218897 0.021941992629910825 0.06857390288878024 0.08856220063877122 0.011860499898462011 0.05599686524756136 0.10797747069248574 0.021941992629910825 0.06867615464159983 0.08656937331009484 -2.6903499831318694e-9 13175.848874781976 8.591918641154991e8
300 9643.06756781351 32.384180776535445 0.012875366900629013 0.07662644425328523 0.14626908346210354 0.023942522734729573 0.09062805549848114 0.12671984176271103 0.012875366900629013 0.08001400482089899 0.1472630085659069 0.023942522734729573 0.09344816443013741 0.12325279386767114 -3.0529825891484003e-9 13175.848874781997 8.591918641154894e8
350 11264.683270407675 32.47960485289022 0.013337793429673922 0.10185799925301493 0.1867521430120897 0.02500986285887016 0.1111769440646459 0.17093470294537744 0.013337793429673922 0.10714656291741792 0.18789939693459512 0.02500986285887016 0.11748060278738479 0.16543601028639665 -3.354809400465413e-9 13175.848874781994 8.591918641154869e8
400 12890.453974411976 32.50802327905232 0.013289083836056061 0.12867634421541677 0.22604276186287114 0.025197667306089903 0.1291643310119562 0.22007022189534295 0.013289083836056061 0.13599742950293423 0.22703840930919802 0.025197667306089903 0.14306510412090553 0.2119831491069895 -3.980657746023108e-9 13175.84887478204 8.591918641154761e8
450 14513.989165281952 32.43653809292997 0.012839978634582246 0.1555942236436729 0.2616106408229691 0.024694125260934865 0.16376064695627726 0.2554248873939591 0.012839978634582246 0.16494998909426953 0.26211289981905483 0.024694125260934865 0.18183104575756343 0.24978835191851695 -4.682454812962666e-9 13175.848874782034 8.591918641154716e8
500 16133.790972141369 32.325597007488135 0.012162305883805354 0.1811058216133057 0.2916821407421437 0.02393866169986772 0.19858991952594598 0.28755115841098056 0.012162305883805354 0.19236850065068892 0.2914140431798822 0.02393866169986772 0.22081088201364155 0.28323133837417624 -5.682852008885389e-9 13175.84887478203 8.591918641154652e8
550 17730.128035478305 32.12706001423102 0.011481648909836318 0.20349568736842816 0.31542180137968073 0.02307531979816635 0.23154514347742491 0.3151301921431188 0.011481648909836318 0.21639270143659947 0.3143362936390284 0.02307531979816635 0.2574888658146662 0.3126093261333013 -6.771375662005715e-9 13175.848874781996 8.591918641154505e8
600 19331.84251823605 31.949172506631545 0.011009204840969743 0.2218782078233002 0.33430442928838017 0.022402276346964678 0.2613730567996772 0.3379684242690615 0.011009204840969743 0.2360512007330962 0.33273544842554703 0.022402276346964678 0.29050617550207086 0.33759669860559693 -8.114565856603963e-9 13175.848874781972 8.591918641154402e8
650 20925.320861060813 31.797674160554 0.010912892060895723 0.23496421976015727 0.35067666613886356 0.022078811335140162 0.2860844681329642 0.35541610407538754 0.010912892060895723 0.2499344457644692 0.3494649894560367 0.022078811335140162 0.31760939527532017 0.35727176835614644 -9.542047473790788e-9 13175.848874782067 8.591918641154298e8
700 22511.966304305675 31.67572678858865 0.011220706764979495 0.24197095017827303 0.36785581387102784 0.02220747371934949 0.2952458876736814 0.3518406569927884 0.011220706764979495 0.25716753924424407 0.3682191836621292 0.02220747371934949 0.3280606059843347 0.35407940464624543 -1.1087488430194703e-8 13175.848874782016 8.59191864115412e8
750 24093.31916913401 31.585638053321368 0.011825269195692498 0.242476458990395 0.3884441967581358 0.022758001626673734 0.29044941262987245 0.3370387821342165 0.011825269195692498 0.25724876120428836 0.3915853779500085 0.022758001626673734 0.3233533166274929 0.33462660833250557 -1.2607480171979716e-8 13175.848874782041 8.591918641153896e8
800 25671.010006414792 31.528710969986264 0.012556351767730326 0.23653043856726566 0.41306406355376935 0.02366435326611639 0.2769877734962639 0.31932145464542167 0.012556351767730326 0.250163107694683 0.419723264253807 0.02366435326611639 0.3087939296656987 0.3120835721462475 -1.4095317128113649e-8 13175.848874781952 8.591918641153706e8
850 27243.496956969542 31.505194079619976 0.013257237248454337 0.2248632624735232 0.44010574645040756 0.02484235172832651 0.2550453611982115 0.30957336869352675 0.013257237248454337 0.23660677737555616 0.4503539604732186 0.02484235172832651 0.2845261739293578 0.337795649408875 -1.5454652734179922e-8 13175.848874782036 8.591918641153456e8
900 28818.853271086806 31.514191594629153 0.013829787487399974 0.2090813470595215 0.4668213779294177 0.026183978840375995 0.22833383055864667 0.3685403617790332 0.013829787487399974 0.21820091554701612 0.4801869480794107 0.026183978840375995 0.2507719370872421 0.4000626345736631 -1.6701113666885895e-8 13175.848874782057 8.591918641153264e8
950 30395.45571932522 31.554068187786363 0.014233704146338295 0.19228528703522066 0.490124791450025 0.0276442768705207 0.22445032505516607 0.421492723275733 0.014233704146338295 0.19823629238786344 0.5058044326446003 0.0276442768705207 0.2206320427566456 0.45202775822608016 -1.7668024300509913e-8 13175.848874782027 8.591918641152974e8
1000 31974.788298349722 31.622368619999783 0.014485686637144007 0.17943517454889793 0.5076015045254672 0.0290695041381954 0.24311300118400028 0.44413622776581957 0.014485686637144007 0.1822604496496887 0.5246737918827808 0.0290695041381954 0.255628877582955 0.4789687020838617 -1.8237772396607684e-8 13175.848874782014 8.59191864115268e8
1050 33558.197820913956 31.71610634391592 0.014642937368422617 0.17679575927539054 0.5177848701387218 0.03039314866982391 0.2612069986346368 0.45773082182226515 0.014642937368422617 0.1777333122969999 0.5353381067518533 0.03039314866982391 0.2846370922629485 0.4963186541667033 -1.830806189888799e-8 13175.84887478201 8.591918641152374e8
1100 35132.57750669542 31.830837169338395 0.014779779181833727 0.1886948735356249 0.5202048053393183 0.03156114101931683 0.2846723971756344 0.4625726781658208 0.014779779181833727 0.1901368923377456 0.5374075576935484 0.03156114101931683 0.31025364586410975 0.5042421141707328 -1.8148112282911308e-8 13175.848874782008 8.591918641152121e8
1150 36727.475069069464 31.9652001862646 0.01496496607650087 0.21468397029755235 0.515317143312595 0.03258938334106116 0.30699424633154376 0.45922638808931865 0.01496496607650087 0.21892320005888383 0.5314323164842008 0.03258938334106116 0.3342879122552445 0.5030887726563662 -1.7957954180492172e-8 13175.848874782041 8.591918641151766e8
1200 38326.909377646756 31.983233210434022 0.01522837429136526 0.24972048438049352 0.5042967228315138 0.03419268898738238 0.32706025450664755 0.4482796074901893 0.01522837429136526 0.2579448149277261 0.5187055673318783 0.03419268898738238 0.35555003420289544 0.49328217291614684 -1.7626450166740503e-8 13175.848874782041 8.591918641151576e8
1250 39925.787886547296 31.974060499521638 0.015550487334684665 0.2877887878557647 0.4891322024618843 0.03561211127383204 0.3442065219068595 0.4306262864656437 0.015550487334684665 0.30014732346314266 0.501356906711528 0.03561211127383204 0.37334874546257035 0.4756406386790686 -1.694090449928116e-8 13175.848874782045 8.591918641151304e8
1300 41524.483562227215 31.975234598850342 0.01586976152595314 0.32402428488730406 0.4723301916434214 0.03673968218309105 0.35820577287329003 0.40723910796705576 0.01586976152595314 0.3400142220381586 0.48205035771933324 0.03673968218309105 0.387438367254191 0.45113043888935334 -1.611996710080238e-8 13175.848874782052 8.591918641151043e8
1350 43123.44616144558 31.984215219228265 0.016105641440704845 0.3550367365073049 0.4567204641668537 0.03754466519073793 0.3687421678702599 0.37872937241717336 0.016105641440704845 0.37376442295700263 0.463801996554462 0.03754466519073793 0.39745132660020266 0.4203316993166399 -1.536929171370001e-8 13175.848874782037 8.591918641150745e8
1400 44703.430281465146 31.965294967257407 0.016187748552372806 0.37864421371868306 0.44523872407443693 0.0378129715308048 0.3593170129151429 0.36105097246742646 0.016187748552372806 0.39899044533868905 0.4497946413025868 0.0378129715308048 0.38707657057304296 0.38728688416311113 -1.423601562656241e-8 13175.848874782096 8.591918641150496e8
1450 46297.86237297331 31.819119238771453 0.016084850008577862 0.39478646217869884 0.439931824009184 0.03747093838843459 0.34792260605804065 0.3672384677857772 0.016084850008577862 0.41561020768144913 0.4422432504859221 0.03747093838843459 0.37460983809040016 0.3753970460167011 -1.281064579783225e-8 13175.848874782016 8.591918641150275e8
1500 47885.64291675798 31.698949396864005 0.01581820954685667 0.40369423774745034 0.44222259635489747 0.036876178648341626 0.33671208454671087 0.39024929821917825 0.01581820954685667 0.4239078084239122 0.44277733671494074 0.036876178648341626 0.36202820631086974 0.389205170137882 -1.2112441240532018e-8 13175.848874782001 8.591918641150085e8
1550 49468.10301455407 31.605894497922208 0.015474779886242762 0.4066913515172294 0.45204259394605095 0.035883699863930675 0.33225641268603684 0.41915616282713714 0.015474779886242762 0.4253829897758808 0.4513902976248533 0.035883699863930675 0.35341089310339246 0.4167519250654538 -1.2209038317021131e-8 13175.848874782037 8.591918641149908e8
1600 51046.6146316251 31.540508002162895 0.015198490011900285 0.40539961940904 0.4681872946681507 0.03492208371852693 0.32840975172380593 0.45026684189500166 0.015198490011900285 0.4218816264141337 0.46681727110890137 0.03492208371852693 0.35154402564836273 0.4454085620118818 -1.2144622124860022e-8 13175.848874782067 8.591918641149696e8
1650 52596.23667210827 31.503286609285965 0.015158381004312398 0.40147620736950124 0.48843800442325025 0.03399687944731487 0.3436187637119096 0.4827564649888056 0.015158381004312398 0.41533942584215083 0.48670090913491887 0.03399687944731487 0.354778976965058 0.47487776341507903 -1.1815812228544904e-8 13175.848874782065 8.591918641149534e8
1700 54171.01726909709 31.492687608573615 0.015493011004719835 0.3960758694662607 0.5115934784310959 0.03348429582273356 0.37568840683558946 0.5173412245694101 0.015493011004719835 0.4070290884409415 0.5096641473557078 0.03348429582273356 0.38395660459037606 0.5062922548155127 -1.2111331542483472e-8 13175.848874782068 8.591918641149316e8
1750 55745.95658863067 31.50897235840135 0.016255428570700503 0.39018909701483956 0.5358059638622656 0.03349094897142974 0.3923523391620446 0.5529798342890285 0.016255428570700503 0.39815787171831524 0.5337235188123567 0.03349094897142974 0.39821848626437867 0.539171627853177 -1.2974704946686885e-8 13175.848874781983 8.591918641149114e8
1800 57322.377169782856 31.551245831164763 0.017376984118178472 0.38440310958148355 0.5601798709611165 0.03397732968632534 0.40635290601458157 0.557668125344382 0.017376984118178472 0.389455883973521 0.5578799479899029 0.03397732968632534 0.4102714685556163 0.5525059271162023 -1.354546807125359e-8 13175.848874782025 8.591918641148868e8
1850 58901.54968088234 31.618334825024046 0.018699239657591914 0.3790263167517322 0.5845178050368447 0.03518750257545888 0.41768135474031015 0.5552095477131139 0.018699239657591914 0.3813534430510698 0.5818765288158859 0.03518750257545888 0.4202068023675806 0.5564422571652452 -1.380585952674697e-8 13175.84887478201 8.591918641148719e8
1900 60480.0 27.02969693122577 0.020023504024339146 0.3741983537785638 0.6091066915516453 0.03652647388817648 0.42635609123984364 0.5502047523345588 0.020023504024339146 0.3741100481620667 0.6059822900096763 0.03652647388817648 0.428116804886714 0.5588321337685529 -1.4626404304176823e-8 13175.84887478203 8.591918641148516e8
1950 62066.5051761165 31.706080645784365 0.0211684920142207 0.36992025941561424 0.6346501076302764 0.037951428874072955 0.43252505496532434 0.5539103988827775 0.0211684920142207 0.3678235089009435 0.6309123881740539 0.037951428874072955 0.43418277277988454 0.5588498541253174 -1.5787202968422962e-8 13175.848874782096 8.591918641148233e8
2000 63650.07376783615 31.64238008930811 0.021970707315790095 0.36619267832935853 0.6613088294397735 0.03914606469181841 0.43633116287718365 0.5640216768707083 0.021970707315790095 0.3626040656251132 0.6568712740609987 0.03914606469181841 0.4385435482962793 0.5663096559727157 -1.637556133891353e-8 13175.848874782012 8.591918641148022e8
2050 65231.131542828974 31.604988709373732 0.022323252886613264 0.3629344039698185 0.6888119568256608 0.03962464252885535 0.4300468405328274 0.561524528944682 0.022323252886613264 0.35842742483320994 0.6836444139436366 0.03962464252885535 0.43405173039874034 0.5647957415265511 -1.652649853932301e-8 13175.84887478204 8.591918641147753e8
2100 66810.96854922897 31.592815078080147 0.02217009937353193 0.36000359379500874 0.7162091488133457 0.03932262105482979 0.41526573185299037 0.5387824540280948 0.02217009937353193 0.35515148776641325 0.7103484185328907 0.03932262105482979 0.4169762223134697 0.5412175653413205 -1.7178010307777567e-8 13175.848874782047 8.591918641147443e8
2150 68390.80579803343 31.604208465025433 0.021507644964460712 0.3571873580497179 0.7420872515189777 0.038295959494133676 0.4115201208454712 0.6083016540252251 0.021507644964460712 0.3524880601566975 0.7356472070429726 0.038295959494133676 0.40685816823991994 0.6042158830891713 -1.8260328770754177e-8 13175.848874782052 8.591918641147199e8
2200 69942.28807514076 31.636234175683065 0.02041173831045978 0.3542844645114505 0.7645725508369935 0.0365127485732136 0.4111915007510054 0.6735021444181095 0.02041173831045978 0.3500672730714504 0.7577557345367519 0.0365127485732136 0.40846308274075094 0.666058737768922 -1.9005274131410867e-8 13175.848874782036 8.59191864114691e8
2250 71525.33693686817 31.687624014808417 0.01894802077197531 0.3509819957549011 0.7833176438012653 0.034161890820731004 0.41363073782353554 0.7360515980657847 0.01894802077197531 0.347368821917329 0.7763908694725629 0.034161890820731004 0.4148995271699399 0.7243523405109452 -1.9308822370148773e-8 13175.84887478201 8.59191864114658e8
2300 73111.37978155674 31.755197481844036 0.01730316247889832 0.34738451780861695 0.7970578500856327 0.03137193259787818 0.4202103991683551 0.7940343762001507 0.01730316247889832 0.3442204488381626 0.7903562976378753 0.03137193259787818 0.4255377995407206 0.7752188929756431 -1.9397833645949376e-8 13175.848874782001 8.591918641146297e8
2350 74701.15332365264 31.836115585039284 0.015708024957935565 0.3441162891091796 0.8053879212709704 0.028627032978374545 0.4317373732568859 0.7986332231658386 0.015708024957935565 0.34099214042567383 0.7992686317446378 0.028627032978374545 0.44044943019365823 0.7787733229161744 -1.922667878901794e-8 13175.84887478205 8.591918641145985e8
2400 76295.25440468082 31.92765193672084 0.014435597751737616 0.34272973473301327 0.8081938951901753 0.026517868683655726 0.43520716458780373 0.7884427484533617 0.014435597751737616 0.3390930072572393 0.8029879444537295 0.026517868683655726 0.44831924373507986 0.7727541133510192 -1.8712606352219808e-8 13175.848874782003 8.591918641145674e8
2450 77887.98804877432 31.994857534780824 0.013737881775396327 0.34587116095744186 0.8055585651557221 0.025340052770883612 0.4398756189899254 0.7694695317750406 0.013737881775396327 0.3412732143075186 0.8015156315807179 0.025340052770883612 0.45065306422896606 0.7576519503421633 -1.8142625026485458e-8 13175.848874781945 8.59191864114535e8
2500 79486.10440650968 31.93483618097668 0.013724132188252608 0.35693732810359197 0.7976694858630939 0.025862059217947545 0.4497239865225215 0.7423430053100206 0.013724132188252608 0.351368419759435 0.7949208935721844 0.025862059217947545 0.4552603390115601 0.7340119121984441 -1.7783996803865618e-8 13175.848874782117 8.591918641145084e8
2550 81081.8295778143 31.89914574543488 0.014301768958274393 0.3788106561047912 0.7848727876602527 0.02706518140487629 0.4616718555546575 0.7080337069287221 0.014301768958274393 0.37295060149583975 0.7833857589450877 0.02706518140487629 0.46538818762289974 0.7027260493173252 -1.7423326748859226e-8 13175.848874781997 8.591918641144806e8
2600 82676.44190009093 31.890152795609943 0.01523511027650343 0.4124155756417485 0.7676582036896764 0.028902744735906892 0.4862203777762411 0.6675420438284899 0.01523511027650343 0.4075105683820304 0.7672230518791667 0.028902744735906892 0.48258355979646583 0.6647562748569 -1.667684540438558e-8 13175.84887478201 8.591918641144528e8
2650 84271.32856063289 31.90984041029895 0.016275855016016954 0.45594676236051623 0.7467751287565317 0.030765957641501508 0.5194035974829287 0.6333841844165892 0.016275855016016954 0.4533677813798215 0.7470017428631065 0.030765957641501508 0.517725505810738 0.6367790597711009 -1.5636481233609218e-8 13175.848874782074 8.591918641144327e8
2700 85867.96466363905 31.95974063877804 0.01723718815792106 0.5053219104433151 0.723401786651477 0.032175334108264085 0.5549448357669187 0.6079188011677434 0.01723718815792106 0.5061235990994923 0.723735003695243 0.032175334108264085 0.5641470254686382 0.6039468554383168 -1.4695993622780654e-8 13175.848874782041 8.59191864114406e8
2750 87455.97353605986 31.987441478641497 0.018003590024728525 0.5549668990243046 0.6995343652263504 0.03323180341780391 0.5736354561545435 0.5609526187930866 0.018003590024728525 0.5596374964073777 0.6993034389883812 0.03323180341780391 0.5881302664811944 0.5506935176820943 -1.3945601753419453e-8 13175.84887478208 8.591918641143816e8
2800 89053.33102685843 31.912907464517076 0.01853914886274817 0.6002432467295512 0.6775794825114241 0.03414533553190532 0.5828556261478852 0.551378100349071 0.01853914886274817 0.6087643946728951 0.6760750195219337 0.03414533553190532 0.6028120238127807 0.5411312516141504 -1.3100050830201659e-8 13175.848874782047 8.591918641143599e8
2850 90647.65471367085 31.865436748486175 0.018842796346312408 0.6364421790095924 0.6613370829525567 0.03495293669613545 0.5867209563343087 0.5477322387270418 0.018842796346312408 0.6483229048678034 0.6579691374309512 0.03495293669613545 0.6116546818179108 0.5490997993157294 -1.2001497952782297e-8 13175.848874782012 8.591918641143411e8
2900 92240.27646958764 31.844116250354517 0.018952407107473285 0.6606154300744006 0.6551531179395251 0.03534684679314355 0.5869138887066824 0.5942420332884991 0.018952407107473285 0.6750787647974015 0.6496478987781483 0.03534684679314355 0.6135768916430314 0.59860375383017 -1.079586799527962e-8 13175.848874782047 8.591918641143255e8
2950 93832.47119028236 31.84760669818388 0.018922150605555063 0.671215975624249 0.6634972764969334 0.03528643080757163 0.6219635174889372 0.6401237871321234 0.018922150605555063 0.687345798671331 0.6560917985371743 0.03528643080757163 0.6511785208684727 0.6491905526422198 -9.698613263291343e-9 13175.848874782001 8.591918641143079e8
3000 95422.44289040823 31.874197078686446 0.018810915331915472 0.6679841218374094 0.689767672632831 0.034949483586831954 0.6515064450208248 0.6858017464568777 0.018810915331915472 0.6848408482704107 0.6812725302744276 0.034949483586831954 0.6872323527224898 0.6962684751176742 -8.791765495535235e-9 13175.848874782012 8.591918641142936e8
3050 97017.29136254595 31.922189192990857 0.018674180263169412 0.6516519273465691 0.735317001414844 0.034549289598258384 0.673774997294022 0.732340799779291 0.018674180263169412 0.6683543751041807 0.7269377138516855 0.034549289598258384 0.7198490883091011 0.7388376772732016 -8.024214344182721e-9 13175.848874782068 8.591918641142774e8
3100 98615.04523401501 31.989719346726247 0.018564901214302938 0.6237106541272133 0.7985265286628119 0.034034281279146504 0.6679577210798121 0.7809744414870378 0.018564901214302938 0.639476452292691 0.7915312220593262 0.034034281279146504 0.7171061123637246 0.775644439123802 -7.263346131185092e-9 13175.848874782036 8.59191864114265e8
3150 100216.63575411712 32.07501261438255 0.018539332215752657 0.5861712774392822 0.8751487846834937 0.034500299911175966 0.6700265633611318 0.8087156464653701 0.018539332215752657 0.6003394041774377 0.8705458014421364 0.034500299911175966 0.7055468252581872 0.7980271993732329 -6.463495894112301e-9 13175.848874782041 8.591918641142561e8
3200 101822.9081971371 32.17640866903968 0.018668009155323198 0.5413796795976852 0.9589448848591426 0.035374433912669874 0.672805973267949 0.8339348864785663 0.018668009155323198 0.5534132545716778 0.957298176750039 0.035374433912669874 0.6856029122044651 0.8090141596133817 -5.888757593899416e-9 13175.84887478208 8.591918641142418e8
3250 103434.62822184696 32.29238096105818 0.01904313092561039 0.49191284418566694 1.0424714096724885 0.03647504277428699 0.669036483117522 0.8576927191635938 0.01904313092561039 0.5013886857337607 1.0438399176192699 0.03647504277428699 0.6655451435999006 0.8365471997867985 -5.763175472482461e-9 13175.848874781987 8.591918641142331e8
3300 105036.90235599685 32.29268917466185 0.019763181855416093 0.44104108388406765 1.1172854713465359 0.037988908277012054 0.6581471405223486 0.8786373976430069 0.019763181855416093 0.4476566289744427 1.1212230420659193 0.037988908277012054 0.6560119586546015 0.8616359192234551 -5.635914166076043e-9 13175.848874781987 8.59191864114229e8
3350 106650.84597108346 32.26833771074785 0.020929369972572005 0.3910723644751577 1.1775085466949395 0.04045218563663015 0.6393927049746906 0.8959080114489504 0.020929369972572005 0.39455058417249556 1.1832210667533833 0.04045218563663015 0.6392465704094169 0.8834635086611816 -5.234263167098335e-9 13175.848874782123 8.591918641142193e8
3400 108264.02053826938 32.26196216121529 0.02258043765901057 0.3455784101736336 1.217710684110146 0.04386414809725721 0.6020346948958647 0.8942682815799394 0.02258043765901057 0.34569901500226563 1.2241691060851552 0.04386414809725721 0.6055581763910344 0.8826612322088416 -5.417710192515082e-9 13175.848874782107 8.591918641142085e8
3450 109877.38309167426 32.27580210398889 0.02468831237891009 0.3078176441761242 1.236057704992344 0.0480822521755934 0.5396542793894384 0.8604179829137478 0.02468831237891009 0.3044003945042013 1.2422327804266506 0.0480822521755934 0.5489267073912563 0.8464277410931983 -6.0795935384942535e-9 13175.848874782027 8.591918641142025e8
3500 111491.99492617747 32.31178140802063 0.02715442585655239 0.28078531227767506 1.2338670281756308 0.05283032052723474 0.47368283712514514 0.8198616919874382 0.02715442585655239 0.2737760552909611 1.238922935634779 0.05283032052723474 0.4889575938219431 0.8039366277116347 -5.8531618611601346e-9 13175.848874782021 8.591918641141924e8
3550 113096.15639861238 32.315801208834586 0.029807897294617792 0.26643192440466684 1.215286251769088 0.057851835198754926 0.444027259029869 0.7717100060122779 0.029807897294617792 0.2560801747592181 1.2187107921845053 0.057851835198754926 0.43715643223993145 0.7545868155108144 -4.7710751658352e-9 13175.848874782047 8.591918641141818e8
3600 114708.35066447406 32.17926229353868 0.032504034824467405 0.2643573911623728 1.1856971229987256 0.0627578814083624 0.45378466995702454 0.7141839285707882 0.032504034824467405 0.25121861347127455 1.1872834078549512 0.0627578814083624 0.4483184655018137 0.6968868459850016 -4.488216380749604e-9 13175.848874782047 8.59191864114179e8
3650 116314.45246822995 32.07218581596696 0.03504421425290045 0.2723311541576101 1.1512826632754434 0.06712235928880556 0.4592382911517964 0.7105242507191398 0.03504421425290045 0.25720069009807567 1.1510948246924335 0.06712235928880556 0.4552375164331015 0.6882086059440823 -5.114050622523371e-9 13175.848874782017 8.591918641141665e8
3700 117916.02955051565 31.998119681850568 0.03727437186163372 0.28708254247898124 1.1174267945788827 0.07083165700094896 0.4774891662432844 0.7513500684897405 0.03727437186163372 0.2707848127669128 1.1156818733079388 0.07083165700094896 0.45816873058980595 0.7281072582628684 -5.426587730956545e-9 13175.84887478203 8.591918641141559e8
3750 119514.80047116654 31.959548467578003 0.039069970979042086 0.3057793188027799 1.088282299807751 0.07369188088493675 0.48058788579809375 0.7864858046685863 0.039069970979042086 0.28912021411981625 1.085258110793116 0.07369188088493675 0.4848550990919289 0.7683267318160895 -5.487721542491531e-9 13175.848874782065 8.591918641141492e8
3800 121087.82828234234 31.95753069066445 0.04032711130296133 0.32629694175695306 1.0668173538211172 0.07554902908870081 0.5064294723902807 0.8238622105008484 0.04032711130296133 0.3100906166876066 1.0628048579834026 0.07554902908870081 0.5289873437943051 0.8100622713230675 -6.2742041281555325e-9 13175.848874782054 8.591918641141468e8
3850 122686.43394602134 31.992095539360072 0.04103792499326438 0.3485785802116988 1.05359001006766 0.07638813639435028 0.5544672855414958 0.8573963961339147 0.04103792499326438 0.3336998794029186 1.0488193011199871 0.07638813639435028 0.5747818937429003 0.847239502831068 -7.242474284611576e-9 13175.848874782034 8.591918641141299e8
3900 124287.68737850226 32.06244027939006 0.04117423115745491 0.37249753056929163 1.0489616560294406 0.07612460386786983 0.6037247454843864 0.8851685579538561 0.04117423115745491 0.35983312716358895 1.043641743696739 0.07612460386786983 0.6190689955488902 0.878489876621718 -7.423413813465374e-9 13175.84887478206 8.591918641141155e8
3950 125892.96352924955 32.120665922095746 0.040778267930666405 0.3988686359272363 1.0518647476666991 0.07502932403981619 0.6546960770313246 0.9066570761591176 0.040778267930666405 0.38923020244341716 1.0461662382827723 0.07502932403981619 0.6618240633991319 0.9031357276306041 -7.649440020891354e-9 13175.84887478206 8.591918641141046e8
4000 127498.0957937456 32.08618443180405 0.03994209859701876 0.42869943832539964 1.0604949408078939 0.07335285493241865 0.7074129705193847 0.9212528973593057 0.03994209859701876 0.42270492683120925 1.0545500156818723 0.07335285493241865 0.7095575750100148 0.92043337077294 -8.971794689940749e-9 13175.848874782034 8.591918641140883e8
4050 129101.64709672378 32.057526281113326 0.038800605356405345 0.46287848734858655 1.0726808906582455 0.07172333779839885 0.7616871189607438 0.9283637645252327 0.038800605356405345 0.46087370460805605 1.0665761768141702 0.07172333779839885 0.7595864485316556 0.9429574050362665 -1.0568242671081258e-8 13175.848874782074 8.591918641140739e8
4100 130689.45217536467 32.036457333760815 0.03752718619919646 0.5013809553747582 1.0861382516770126 0.07011883389591667 0.7814932757770057 0.9059406177925338 0.03752718619919646 0.5033847600677549 1.079905891904748 0.07011883389591667 0.7786100894859714 0.9205796730464861 -1.176836302090556e-8 13175.848874782041 8.591918641140593e8
4150 132290.93132511788 32.024743810135625 0.03626652805123254 0.544429094444986 1.099236219765071 0.06816328816058638 0.7949812097483153 0.8780177830301076 0.03626652805123254 0.5502796597106384 1.0928402545863165 0.06816328816058638 0.7922521603040417 0.8861363174396223 -1.2766099887473864e-8 13175.848874782068 8.591918641140413e8
4200 133892.12336249097 32.025182239962724 0.035181919566693025 0.5903538590820918 1.1104420673786233 0.06659882154594174 0.8045750248760606 0.8444247939106472 0.035181919566693025 0.5996652347328824 1.1037749799342091 0.06659882154594174 0.802535136533995 0.8442623809157127 -1.3634854835772333e-8 13175.848874782036 8.591918641140187e8
4250 135493.70670197005 32.04057424890287 0.03438215847924826 0.6371584395600642 1.1190059615828547 0.06532142962986612 0.8093963558568134 0.8289614796111251 0.03438215847924826 0.6494304994312874 1.1118917454919446 0.06532142962986612 0.8084847096585467 0.8148121128671962 -1.418511288310211e-8 13175.848874782014 8.591918641139936e8
4300 137096.50232023103 32.073794048535156 0.033913687979990136 0.6824976769426556 1.125024526937068 0.06430439646149952 0.8085507250671555 0.8350317238374574 0.033913687979990136 0.6971746975306109 1.1172431994770708 0.06430439646149952 0.8091226841049018 0.8191350403563543 -1.4568375588469465e-8 13175.848874781994 8.591918641139715e8
4350 138689.66379425072 32.12487436232435 0.033757085881445825 0.7236953499446462 1.129592248070016 0.06395356634554211 0.8012146528904862 0.8756016000702258 0.033757085881445825 0.7401927016359156 1.1209435153351195 0.06395356634554211 0.8035386084226783 0.8574413313253619 -1.5241519062326058e-8 13175.848874782028 8.591918641139462e8
4400 140293.02859546244 32.014996451360076 0.033838411422770276 0.7590719229223054 1.135037250897988 0.06385903330165386 0.7798602401692333 0.9439770923105841 0.033838411422770276 0.7768307889097624 1.1254214449562918 0.06385903330165386 0.784687751145082 0.9192674939819953 -1.627322441099989e-8 13175.848874782032 8.591918641139205e8
4450 141891.3989698339 31.925229976340866 0.034059587842532386 0.7864391478872593 1.1446611942875353 0.06403591277570779 0.7278004539300518 1.0121310683208404 0.034059587842532386 0.8048960210584315 1.1342312741261091 0.06403591277570779 0.7410705960612528 0.9799095719124631 -1.7177137291784573e-8 13175.848874782014 8.591918641138988e8
4500 143485.860454834 31.85866911276134 0.03432046999681721 0.8045095825540886 1.1623997082423752 0.0643056117462099 0.6921093320305814 1.0247039729721121 0.03432046999681721 0.8231138755717219 1.1516752396179346 0.0643056117462099 0.7303687373233917 1.0038198554647788 -1.7727091144789446e-8 13175.848874781994 8.591918641138724e8
4550 145076.8690307278 31.783767085357 0.03453841067231148 0.8124642480573754 1.191783273627783 0.064508702923671 0.6953924924551624 1.037384188596494 0.03453841067231148 0.8306711286728027 1.1816806630113992 0.064508702923671 0.7348567085021975 1.024217099394234 -1.8015373952836623e-8 13175.84887478203 8.591918641138364e8
4600 146664.5670158335 31.72908822139547 0.034654928618833965 0.8099671866554684 1.2345482975535544 0.06458001590543244 0.7025590781797452 1.068694597110612 0.034654928618833965 0.8272327250068676 1.2262335114847838 0.06458001590543244 0.7325144453626449 1.0479991378235822 -1.8078173035108107e-8 13175.848874781981 8.591918641138116e8
4650 148243.45569676723 31.69628192865451 0.03463530131837437 0.797231337230514 1.2892146451985265 0.06427051358148195 0.7203350291514214 1.103269454199779 0.03463530131837437 0.8130196576102495 1.2837699798921138 0.06427051358148195 0.7260128907646908 1.081436586453387 -1.7864151906533384e-8 13175.848874782123 8.591918641137854e8
4700 149827.84562974 31.68261540065504 0.03446261147131485 0.7747590788341798 1.3517627490877286 0.0635923069910083 0.7685036312699172 1.1419065897890395 0.03446261147131485 0.7885305872559434 1.3498674074896078 0.0635923069910083 0.7563414223051528 1.1250687609468286 -1.7343431117909544e-8 13175.848874781988 8.591918641137553e8
4750 151411.9976742828 31.686090299848743 0.0341328519625138 0.7437190960090097 1.4151717401968218 0.06249465502895151 0.79629488587584 1.1528942248169913 0.0341328519625138 0.7549660600860038 1.4168440811334728 0.06249465502895151 0.7897665807405075 1.1384953923640408 -1.6573746069983525e-8 13175.84887478207 8.5919186411373e8
4800 152996.72122337966 31.704899735181744 0.033651794393560544 0.7058748743606739 1.472104398448832 0.0618155256526092 0.7940079886010032 1.1181641055813745 0.033651794393560544 0.7141454164362527 1.4767190015768135 0.0618155256526092 0.7951403693147733 1.1016797789035506 -1.5690656793441528e-8 13175.848874782056 8.591918641137024e8
4850 154582.74471906835 31.73759385269355 0.033034523852851536 0.6637755524314906 1.5165126275619762 0.06113774383387239 0.7850096509017243 1.0877467275395907 0.033034523852851536 0.6687164011086741 1.5229991126612072 0.06113774383387239 0.7930675644695376 1.0873105618411956 -1.4710017396403883e-8 13175.848874782037 8.591918641136819e8
4900 156155.4605424857 31.782470358792608 0.03231637694962085 0.6213534581907335 1.5445607574452362 0.060531631872938446 0.7699116751734327 1.0888969961631596 0.03231637694962085 0.6228075580506423 1.5516795706774398 0.060531631872938446 0.7837615578107492 1.084900408669583 -1.3606471239597906e-8 13175.848874782087 8.59191864113654e8
4950 157745.98661435788 31.83925903134629 0.03153058975077327 0.5823927506107197 1.55574453445526 0.05917335166305478 0.7538090542016959 1.0874085691581243 0.03153058975077327 0.5803895009163363 1.5623417071111922 0.05917335166305478 0.7697126759902349 1.079845447368885 -1.2629189492704414e-8 13175.848874781988 8.591918641136379e8
5000 159339.61982371684 31.906326344374676 0.030758456429635157 0.5528876342296487 1.5507688885426536 0.057752217722359785 0.7648423214216268 1.0829323268927835 0.030758456429635157 0.5478632981754425 1.555906516010403 0.057752217722359785 0.7845605079506953 1.0667755923611086 -1.2041824513342182e-8 13175.848874782036 8.591918641136158e8
5050 160936.8383549439 31.982245500583943 0.030106326100581084 0.538450443252806 1.5320661362205348 0.05627447330516078 0.7849580273569224 1.0110340524756694 0.030106326100581084 0.5312826344723475 1.5350972256479503 0.05627447330516078 0.7950017050768998 1.0003708145708556 -1.1546047971416579e-8 13175.84887478211 8.591918641135992e8
5100 162537.22388221402 31.987123959252575 0.029706402633950493 0.5429297983060662 1.5027543357510447 0.055123010587243795 0.8046798905694189 0.9927882900545535 0.029706402633950493 0.5348068057607808 1.5033192550380627 0.055123010587243795 0.8169945834394047 0.9688622448883589 -1.0896644522427714e-8 13175.848874781981 8.591918641135777e8
5150 164133.86519619013 31.882189245644685 0.029692905746307754 0.5664657789093367 1.4662892038624171 0.054647453458562464 0.8061004444197434 1.0339673852120044 0.029692905746307754 0.5585151809189719 1.4642827999464683 0.054647453458562464 0.8210277245034169 1.0121470153229748 -1.0590810406256936e-8 13175.848874782047 8.591918641135638e8
5200 165719.79129106607 31.78818597865622 0.03015706541141098 0.6051714519301187 1.4260588994446346 0.055041471910426236 0.8046898472601846 1.0711862594441217 0.03015706541141098 0.5980964985639518 1.4215677462458938 0.055041471910426236 0.8214115864662994 1.058139586454998 -1.1188806885715826e-8 13175.848874782012 8.591918641135411e8
5250 167307.06897743282 31.706943705847852 0.03112375323440117 0.6534942072876051 1.3846673233974758 0.056263227507678974 0.8008659932080289 1.1151977072538333 0.03112375323440117 0.6475040898062719 1.3778739734623893 0.056263227507678974 0.8186296220600622 1.1071539421222814 -1.2542526440451436e-8 13175.848874782007 8.591918641135281e8
5300 168890.673169369 31.641352195439914 0.032527652779606335 0.7051767665704195 1.3448750328857824 0.058521363028103214 0.8046803077472229 1.1573843041335874 0.032527652779606335 0.7001083150761302 1.3360277108417753 0.058521363028103214 0.8266523422827957 1.1539361537917567 -1.420815689905983e-8 13175.84887478205 8.591918641135079e8
5350 170471.45002119426 31.59389509209367 0.03423128324808996 0.7549252889533583 1.3090820130275538 0.062234481440861605 0.8677651281133513 1.1973126816627642 0.03423128324808996 0.7504289465651824 1.298439948615523 0.062234481440861605 0.8845467398612339 1.197878438237406 -1.596054015953306e-8 13175.84887478201 8.591918641134799e8
5400 172050.36784255033 31.566971452748398 0.03605548548170108 0.7987777821061292 1.2795180603635146 0.0660918032471847 0.925782719064357 1.234312735506432 0.03605548548170108 0.794473268769545 1.267320669441293 0.0660918032471847 0.9370437785426647 1.2381615793885306 -1.7651446038610098e-8 13175.848874782032 8.591918641134506e8
5450 173620.6094382536 31.562830010669526 0.037804277115313326 0.8340784073109928 1.2583274602366765 0.0697338205776257 0.942220211322111 1.2268359640479967 0.037804277115313326 0.8296707322066591 1.244785034997864 0.0697338205776257 0.9507946222335188 1.22871756595829 -1.89903703047397e-8 13175.848874782021 8.591918641134257e8
5500 175199.17166702184 31.58357470575592 0.039325434794990254 0.8600872179145459 1.2471193807636127 0.07302095020981542 0.9458210031793729 1.2050344253993885 0.039325434794990254 0.8554398523694937 1.2323919345891765 0.07302095020981542 0.9527424121589343 1.2031475191061414 -2.005188930282635e-8 13175.848874782034 8.591918641133959e8
5550 176779.4504303971 31.631263993167455 0.0404732511261815 0.8767185240438059 1.2474936387071818 0.07545878682328687 0.9459108838790824 1.1821431116454018 0.0404732511261815 0.8718898691547328 1.2317217344469042 0.07545878682328687 0.9516320028671128 1.1704571283874956 -2.114815236095169e-8 13175.848874782034 8.591918641133624e8
5600 178362.83820753393 31.707622236474148 0.04115571004139467 0.8850102321363891 1.2603911727196888 0.07696812757731353 0.9434803499071214 1.1538134095301502 0.04115571004139467 0.8802457143931356 1.2437066933650718 0.07696812757731353 0.9484503762381304 1.1351114484854297 -2.2279385541693945e-8 13175.848874782017 8.591918641133313e8
5650 179950.8047022312 31.81399741685945 0.04133204463478939 0.8865703581857102 1.286050255047575 0.07757143537295665 0.9390721174313532 1.1194183366926 0.04133204463478939 0.8822566170623666 1.26859753892163 0.07757143537295665 0.9437110017091535 1.103751433063882 -2.2996665607469272e-8 13175.848874782061 8.591918641132879e8
5700 181535.81404433542 31.93925230447226 0.04101990645030261 0.8832562214721139 1.3236240550589917 0.07705978659090564 0.9328341786984365 1.078838378319464 0.04101990645030261 0.8798444746399138 1.3055823572592666 0.07705978659090564 0.9375018642266761 1.0642237786123159 -2.3111617785240818e-8 13175.848874781957 8.591918641132556e8
5750 183134.46942111288 32.0076750070485 0.04028843004884125 0.8767891731186953 1.3719375107167695 0.07561442738860219 0.9234945068133494 1.0523550050768284 0.04028843004884125 0.8747318918616332 1.3535265400063794 0.07561442738860219 0.9285414916113331 1.017477569728646 -2.2820048308309812e-8 13175.84887478204 8.591918641132193e8
5800 184736.85638970035 32.0881251545203 0.03926676815577222 0.8686587287930764 1.428256106465979 0.07379589218719278 0.9232640854609513 1.2055285629442087 0.03926676815577222 0.8683243828486646 1.409752932006486 0.07379589218719278 0.947336047121125 1.1657622378402437 -2.2171879747835704e-8 13175.848874782007 8.591918641131815e8
5850 186342.29493206728 32.093726092280306 0.03812758330594019 0.8599118768218977 1.4892110341373908 0.07186943733281329 0.9500309974119654 1.3013409712671526 0.03812758330594019 0.8615367196018305 1.4709456165576706 0.07186943733281329 0.9844871453187013 1.2820637929408063 -2.100797016399233e-8 13175.84887478201 8.591918641131488e8
5900 187945.6736957333 32.04417743687454 0.037068703066525044 0.8511190396910258 1.5506857913134648 0.07020717789621927 0.9862371595901156 1.37309279307046 0.037068703066525044 0.8547708893423298 1.5330333507557623 0.07020717789621927 1.0173212004052823 1.3600450511333948 -1.9397230938920953e-8 13175.84887478202 8.59191864113114e8
5950 189546.83275920036 32.00452438930119 0.036272708417021 0.8423252201389415 1.6085956541383777 0.06893460522109897 1.0171133946960462 1.4429204675797926 0.036272708417021 0.8478981355927407 1.5919687353053822 0.06893460522109897 1.045931890723512 1.4310614167322593 -1.7785072662979345e-8 13175.848874781997 8.591918641130818e8
6000 191135.43897875355 31.97387889575093 0.035874533046625655 0.833202747880986 1.6589482782582767 0.06800945899361972 1.0417534161499826 1.5033146043259498 0.035874533046625655 0.8404080956392272 1.6437802068778793 0.06800945899361972 1.0702113596687939 1.497780619393345 -1.6553589032738656e-8 13175.848874782017 8.591918641130551e8
6050 192733.52034878902 31.951150550732457 0.03592524487474693 0.8229127112570778 1.6997098295882562 0.06813783097195758 1.0596566112976689 1.556769793410123 0.03592524487474693 0.8313154876354946 1.68648100220227 0.06813783097195758 1.0903295584522847 1.5574354199555553 -1.5537770041165774e-8 13175.848874781996 8.591918641130399e8
6100 194330.6652947103 31.93623702217666 0.03640031169034068 0.8106039852413731 1.7291888946833802 0.06883420584588916 1.0549475879765162 1.5726862792636058 0.03640031169034068 0.8195910522928745 1.7183846877461244 0.06883420584588916 1.091581511665148 1.5757318815129184 -1.4204694329168917e-8 13175.848874782012 8.591918641130078e8
6150 195927.2632455974 31.92914669619166 0.03720187778537409 0.7953267193597123 1.7476179023258145 0.07017138911631698 1.0062127148976139 1.5061076667404187 0.03720187778537409 0.8041241437823445 1.7396987213642738 0.07017138911631698 1.0529569392598481 1.502659751084035 -1.2502927952558743e-8 13175.848874782047 8.59191864112991e8
6200 197523.71377952458 31.9302767664378 0.038195839031323696 0.7762640156088523 1.7564673351314402 0.07186900601699675 0.9510215593376528 1.4382330339167064 0.038195839031323696 0.7839494462667648 1.7517979485762336 0.07186900601699675 1.0086480355056744 1.428260477323001 -1.1036800104645095e-8 13175.848874782032 8.59191864112968e8
6250 199103.26474862132 31.9402903697747 0.039234492550876056 0.7532014527915722 1.7578174144468308 0.07358790534476481 0.8903028779990221 1.3707959602452338 0.039234492550876056 0.758763289148747 1.7565407159115602 0.07358790534476481 0.9581288510368408 1.3544837535377126 -1.0154402022639462e-8 13175.84887478203 8.591918641129562e8
6300 200700.75270083407 31.960666967500586 0.04022628209310207 0.7257073308959209 1.753657937395733 0.07518845157137873 0.8645387625695263 1.317531334039755 0.04022628209310207 0.7280342097787652 1.7557338249647063 0.07518845157137873 0.8991566617684911 1.2882913350317737 -9.488761666588507e-9 13175.848874782032 8.591918641129373e8
6350 202299.5581951015 31.99307767187129 0.041077754462282234 0.6949268985415297 1.7454005103703745 0.07650554316611682 0.9001219743404177 1.2677908550413866 0.041077754462282234 0.692995094798611 1.7504650001256887 0.07650554316611682 0.9044632578871725 1.2390903945755745 -8.569924935856411e-9 13175.84887478205 8.591918641129237e8
6400 203900.3367063746 32.03970255041484 0.041741727663647796 0.6629668302687506 1.733891636577067 0.07744039008059844 0.9306418606417086 1.1472959524486201 0.041741727663647796 0.6560473281845226 1.7413200647546363 0.07744039008059844 0.9380150953980401 1.127875767343431 -7.587932021629494e-9 13175.84887478205 8.591918641129065e8
6450 205503.86336002772 32.10312736403372 0.04220217787608091 0.6334205179571285 1.7195170898337353 0.07796855494110633 0.9274473470896331 1.0370379903507156 0.04220217787608091 0.6214422715843937 1.7284926954807955 0.07796855494110633 0.9399326501772779 1.0473916939361476 -7.075182122323128e-9 13175.848874782003 8.591918641128998e8
6500 207111.05073748736 32.18623380050353 0.042468019648346816 0.6113635816358407 1.7024642843993902 0.07810099502230985 0.8950423152635122 1.023205981864632 0.042468019648346816 0.5953841211440862 1.712064524974892 0.07810099502230985 0.9117212695749733 1.034371424800862 -6.88465293550734e-9 13175.848874782017 8.591918641128868e8
6550 208714.32574866826 32.29137773628346 0.042567024914040436 0.6025795095270717 1.6830790320338147 0.07791177254356457 0.8912508832372634 1.0644662678145882 0.042567024914040436 0.5851017058291784 1.692363782231428 0.07791177254356457 0.8984311615122332 1.0856879682004656 -6.4746099840747415e-9 13175.848874782067 8.591918641128682e8
6600 210332.12685239015 32.422504773307075 0.04254304442107199 0.6115839485653277 1.6616024882074385 0.0775119057035382 0.8759213410221064 1.105179848516101 0.04254304442107199 0.5961916983818656 1.669677793482345 0.0775119057035382 0.8777398342098778 1.130018957490752 -5.789376665557875e-9 13175.848874781983 8.591918641128674e8
6650 211952.42328768343 32.38467027251326 0.042452210304608044 0.6395910263367993 1.638943313223002 0.07816645681913197 0.8567268413579117 1.172463209231326 0.042452210304608044 0.6297877894053927 1.6450287705374032 0.07816645681913197 0.8608393280577666 1.1752414924815566 -5.282698647207459e-9 13175.848874782036 8.591918641128558e8
6700 213570.80591418414 32.35357619984614 0.042365836764737395 0.683196897196732 1.616211018257193 0.07861322531646485 0.8588859413254399 1.2377407944588263 0.042365836764737395 0.6811244107687675 1.619695244719723 0.07861322531646485 0.8555424127196208 1.2499051612854686 -5.126112459197638e-9 13175.84887478199 8.591918641128476e8
6750 215187.9663046632 32.335106900705604 0.04236765195829636 0.736049947778598 1.5946321456606731 0.07904566980626565 0.880667885664027 1.3023142585602798 0.04236765195829636 0.7421122411708726 1.5951013289171236 0.07904566980626565 0.9120634846651847 1.3234149024918045 -5.135194289044417e-9 13175.84887478208 8.59191864112839e8
6800 216775.87755571885 32.32706555629002 0.04254505894718555 0.7901566463415886 1.5758230745793833 0.07965694827339888 0.9466591407626274 1.3213000157864871 0.04254505894718555 0.80326958449966 1.5731378360744752 0.07965694827339888 0.9860251893491251 1.3419331181304448 -5.319555108328147e-9 13175.848874782017 8.591918641128342e8
6850 218392.20847267858 32.32750568746503 0.04299559247244143 0.8415511525618715 1.560370546400715 0.0806421105313543 0.9996019221172185 1.3366435773296108 0.04299559247244143 0.860094406933615 1.5544978064838009 0.0806421105313543 1.0457277284069815 1.3457709581187218 -5.917708678324598e-9 13175.848874781988 8.591918641128207e8
6900 220008.75942285135 32.33558697073584 0.04379443473854043 0.8851030610083271 1.5498102292799234 0.08213655661826527 1.0448970214324107 1.3571195756474375 0.04379443473854043 0.9070148824324169 1.5409858382677306 0.08213655661826527 1.095514288632167 1.3478716018958439 -6.709521033584872e-9 13175.848874782016 8.591918641128117e8
6950 221624.14489452072 32.25361366489941 0.044981293124190073 0.918606470776465 1.545138623531253 0.08402725863847385 1.0828292606639647 1.3714556981126704 0.044981293124190073 0.94188589549072 1.5337868443082814 0.08402725863847385 1.135159950548457 1.356068008864753 -6.794808761101039e-9 13175.848874781983 8.591918641128033e8
7000 223233.9718359928 32.14458814097169 0.04653989829890634 0.9415521708698652 1.5470966481242998 0.08697976803336628 1.113517544333804 1.3779944058783853 0.04653989829890634 0.9644994670547924 1.5337875657068172 0.08697976803336628 1.1643698845019985 1.3663457296700108 -6.273727415664073e-9 13175.848874781977 8.591918641127899e8
7050 224832.35175781773 32.05456847892547 0.048392407419425534 0.9547285796163116 1.5560876562722212 0.08990354663895558 1.1369921713766797 1.3751230553719866 0.048392407419425534 0.9760783361363834 1.5414750106398734 0.08990354663895558 1.1829443717800405 1.3674159295413253 -5.764827328638534e-9 13175.848874782017 8.591918641127806e8
7100 226433.21289311015 31.98490729142405 0.050437255976909866 0.959723520223966 1.5723869849923464 0.09328292268354878 1.1446759657088157 1.3739680019525595 0.050437255976909866 0.9786465926909673 1.5571325453496727 0.09328292268354878 1.1827457144741806 1.3568084767411719 -5.729605843931432e-9 13175.84887478203 8.591918641127689e8
7150 228031.16613902443 31.938151456097216 0.052519104375950434 0.9581860422143292 1.5958955054385535 0.09643902648428415 1.0986927404725861 1.3604228464939032 0.052519104375950434 0.9742773604046099 1.5806255626215802 0.09643902648428415 1.128853399732646 1.3330590799631603 -5.828404697795838e-9 13175.84887478202 8.591918641127653e8
7200 229627.4104945833 31.916386151801863 0.054476917913405955 0.9517825304272052 1.6261781955634418 0.10009756409531118 1.047132376927046 1.2627127154313404 0.054476917913405955 0.9649950375465144 1.6114189903200637 0.10009756409531118 1.0679163716142386 1.2482926147412514 -6.043667480087767e-9 13175.848874782003 8.591918641127527e8
7250 231223.24420508163 31.92146868950677 0.056154903139543584 0.9419514023962842 1.66231182942856 0.10329481961743428 0.990079465740378 1.1440623342076208 0.056154903139543584 0.9525199854176534 1.6484383885748135 0.10329481961743428 1.0013134332336857 1.1324604425924825 -6.6246923500625565e-9 13175.848874782028 8.591918641127416e8
7300 232820.0482937657 31.954827162190636 0.05741757832688641 0.9298196557644091 1.7027341463374546 0.10567816241682026 0.9480147540961887 1.232112105139042 0.05741757832688641 0.9381805617598477 1.689933011044421 0.10567816241682026 0.971120815825706 1.224834810617413 -7.510419292650415e-9 13175.848874781976 8.591918641127293e8
7350 234399.73872317543 32.01632757341388 0.058155969810990055 0.9163522651568985 1.7446463674577422 0.10700512448286709 0.9968793128250034 1.3657481687724597 0.058155969810990055 0.923079149991674 1.732891828985312 0.10700512448286709 1.025611409527012 1.3614206889813674 -8.090126830534349e-9 13175.848874782016 8.591918641127199e8
7400 236002.76033004775 32.10752189519399 0.058326312049653564 0.9016805398421076 1.7862363189033148 0.10730965182059794 1.043988184570647 1.5043727856748776 0.058326312049653564 0.9073490124092888 1.775356940249676 0.10730965182059794 1.0775932940016733 1.5056004269388494 -8.437692799431681e-9 13175.848874782036 8.59191864112702e8
7450 237609.0859786538 32.107834980786855 0.057900992157521654 0.8861542593195225 1.8238674287334946 0.10653630590282154 1.0667303165375914 1.5996993002616258 0.057900992157521654 0.8913308424789466 1.813575567739777 0.10653630590282154 1.1054167269454493 1.6017025395340114 -9.2415452833703e-9 13175.848874782027 8.591918641126932e8
7500 239213.44322565218 32.07211408346518 0.05692089961824785 0.8697565365130563 1.8547499657840991 0.1047335785205065 1.0536421394021223 1.6222279871252203 0.05692089961824785 0.8748988401686186 1.8447593061286394 0.1047335785205065 1.0977940321370765 1.6170072322995006 -1.055072781225075e-8 13175.84887478197 8.59191864112678e8
7550 240816.752636544 32.06496672352624 0.055476082522015434 0.8522125908188621 1.8772463632120733 0.10203988445222942 1.0353520732659816 1.6363675410005731 0.055476082522015434 0.8575982557902896 1.86737642314371 0.10203988445222942 1.0834733229990763 1.6230863226816146 -1.1628243288757115e-8 13175.84887478202 8.591918641126581e8
7600 242401.1919334783 32.083423175542855 0.053719096541970324 0.8333688692371535 1.8908049641360904 0.09885172967750028 1.0120492902722462 1.6419780759910456 0.053719096541970324 0.8390345021715847 1.8810404735467168 0.09885172967750028 1.0625417746461945 1.6201487518962314 -1.2448880133245607e-8 13175.848874781972 8.591918641126424e8
7650 244006.3311924003 32.124855370361864 0.05176469973999299 0.8124092085097296 1.8963445558238734 0.09510576924964076 0.9828786640785377 1.6389606208894811 0.05176469973999299 0.8181121969548365 1.8868452191783274 0.09510576924964076 1.0341405367312666 1.6136503193677834 -1.3614570552416081e-8 13175.848874782003 8.591918641126184e8
7700 245612.30054107288 32.06759097909343 0.04980680818837662 0.7894595408911866 1.8949242806461308 0.0918248709539797 0.9474733413759204 1.6313134794577633 0.04980680818837662 0.794628040903322 1.8859835077042497 0.0918248709539797 0.997848155763159 1.604400500649928 -1.4717550953552334e-8 13175.848874781943 8.591918641125956e8
7750 247212.25570553506 31.935256679452376 0.048017860212267845 0.7650821066931492 1.888147634522914 0.08852947510659993 0.9049021133798294 1.5335454790443863 0.048017860212267845 0.768820891295742 1.880123063629771 0.08852947510659993 0.9527971029652157 1.5162047791211244 -1.523518683283201e-8 13175.848874782028 8.591918641125724e8
7800 248805.930334244 31.816686814393627 0.04652671489904874 0.7406589584582137 1.8775683618629804 0.08567900523630695 0.8580681096406536 1.4354771770075427 0.04652671489904874 0.7418153744761186 1.8708099848607442 0.08567900523630695 0.8709890412968162 1.4246889418744573 -1.5471086048925024e-8 13175.848874782052 8.591918641125481e8
7850 250394.10124459452 31.715314119258995 0.04540704375159017 0.7187663831442521 1.864446265420552 0.08341500416202152 0.8515412772704892 1.3365441485351028 0.04540704375159017 0.7161085734431772 1.8592340552972568 0.08341500416202152 0.8590868176771586 1.3303664727082998 -1.578260298493037e-8 13175.848874782012 8.591918641125197e8
7900 251953.40902201473 31.635380210943357 0.04467942565440385 0.7034367430339037 1.8499187579242462 0.08168479341801684 0.8754824830924399 1.2396427445740352 0.04467942565440385 0.6960807697270818 1.8463874525163793 0.08168479341801684 0.8860280189910483 1.2515344005009794 -1.6086558696095486e-8 13175.848874781934 8.591918641124974e8
7950 253533.59339743046 31.577252756316273 0.04427826978979342 0.6988219355742087 1.8340954196624946 0.0806629086006927 0.9078633194068632 1.2023887594304452 0.04427826978979342 0.6864985864710652 1.832282616626051 0.0806629086006927 0.9231719851558137 1.218344195211082 -1.6273023397140126e-8 13175.848874782094 8.591918641124685e8
8000 255111.51990001823 31.544956673713838 0.044135710103821266 0.7094997221342275 1.8175128278426615 0.08023667347314896 0.9583152251990374 1.1634753024127247 0.044135710103821266 0.6932169164246227 1.8172612216842496 0.08023667347314896 0.9592718681105671 1.17769502746172 -1.6344089069578025e-8 13175.848874782045 8.591918641124442e8
8050 256688.5389326092 31.540724291226567 0.04415201866059917 0.7376048048571764 1.8003607834027266 0.08009799290139719 1.0248787496579088 1.233498268414523 0.04415201866059917 0.7195675625634446 1.8013394193609717 0.08009799290139719 1.0287942987435144 1.2317333857328232 -1.620739308410422e-8 13175.848874782047 8.591918641124184e8
8100 258266.09903219194 31.566223724540905 0.04422878975956683 0.7819281067550441 1.7828454173615906 0.08006746495266277 1.0877216690985065 1.3038878062249522 0.04422878975956683 0.7649083742663545 1.7845581147834273 0.08006746495266277 1.0939088233370413 1.3049207468644362 -1.5611624409025173e-8 13175.848874782017 8.591918641123962e8
8150 259832.17906647178 31.621727545423223 0.044281139643122525 0.8376212341803541 1.7654988565668155 0.08024230913759461 1.0992482903206038 1.3310537324043183 0.044281139643122525 0.8240636865766909 1.767305955255643 0.08024230913759461 1.1103305628589246 1.3295691675934296 -1.4606077138004216e-8 13175.84887478199 8.591918641123749e8
8200 261415.34308334356 31.708140991408506 0.044244852280262086 0.8996193781963154 1.7487374827816826 0.08023744181161038 1.093815066742209 1.3518031154242824 0.044244852280262086 0.8911905041304439 1.749886790482546 0.08023744181161038 1.109193597573862 1.3460683484197462 -1.350868244314268e-8 13175.84887478203 8.591918641123503e8
8250 263002.45007154974 31.726578410741514 0.044074015285947225 0.9612067464352122 1.7339146648935542 0.0799732812812927 1.078241462112903 1.3747161660939888 0.044074015285947225 0.9585871402878252 1.7335826549040898 0.0799732812812927 1.096456594254235 1.3638140645867678 -1.2631129308613963e-8 13175.84887478201 8.591918641123241e8
8300 264586.7347431104 31.65063350585469 0.043745239742026445 1.016838311147773 1.7228087321785672 0.07952632823771229 1.0863844675458407 1.4003838167666476 0.043745239742026445 1.0198766873506218 1.720187069076903 0.07952632823771229 1.121809503911793 1.3834248934860731 -1.2141163733385005e-8 13175.848874782041 8.591918641123053e8
8350 266167.8907606078 31.601082389605992 0.04325552653335679 1.0628380565093525 1.7175541597321085 0.07876319207881512 1.1463456779621761 1.429560579161126 0.04325552653335679 1.0708345940506752 1.7119462430308943 0.07876319207881512 1.1836507314242029 1.416643668175488 -1.1937681709040795e-8 13175.848874782007 8.591918641122923e8
8400 267747.2632555169 31.578885123456384 0.04262201314950063 1.0972132608901666 1.7204837884953061 0.07780667722125234 1.2032318230176116 1.4727899360791126 0.04262201314950063 1.1091634887339978 1.7114186402194735 0.07780667722125234 1.2417627838748861 1.4507827583797686 -1.1798777337017263e-8 13175.848874782054 8.59191864112272e8
8450 269324.23903131264 31.584683527101976 0.04188536812173891 1.1193244679620389 1.733719585429169 0.07679573316766654 1.2550341922790906 1.518545206251507 0.04188536812173891 1.1340905246946034 1.7210741655636395 0.07679573316766654 1.293875051174626 1.4842324344214877 -1.1764262411298529e-8 13175.848874782012 8.591918641122521e8
8500 270904.22363587114 31.618714003676658 0.041109129149741803 1.1296612410118516 1.7586731196544725 0.07567334712814577 1.2448573255416595 1.5662985254223294 0.041109129149741803 1.1460945604971298 1.7427430662179313 0.07567334712814577 1.2860536347724445 1.5233507706546525 -1.2003893009622475e-8 13175.848874782021 8.59191864112232e8
8550 272486.6232115687 31.680603875549952 0.04038745768568953 1.129366323775408 1.7952730462248074 0.0745554749233009 1.2299663731131618 1.5440223215034459 0.04038745768568953 1.1463625894203249 1.7767925326494143 0.0745554749233009 1.2719516468859418 1.5175945551044894 -1.2580799496197647e-8 13175.848874782048 8.591918641122116e8
8600 274072.8058264476 31.769255757360106 0.039838907086805604 1.1200997605304508 1.8414346272885496 0.07406488502409911 1.2103549604498163 1.490323667209914 0.039838907086805604 1.1366398278129182 1.8214661151244969 0.07406488502409911 1.2514331409869341 1.4725483181243408 -1.3477231624309012e-8 13175.848874782028 8.591918641121938e8
8650 275664.0660359949 31.88284923625659 0.0395960668745089 1.10378777415495 1.892828280618648 0.0738428311656899 1.1857716153324016 1.4333817812703988 0.0395960668745089 1.1189578781300802 1.8725528004665637 0.0738428311656899 1.224220441224197 1.4228829877450873 -1.446099876277414e-8 13175.848874782014 8.591918641121761e8
8700 277244.3999526472 31.834992656972464 0.03977840996060737 1.082693738721282 1.9427579494601026 0.07420455855286767 1.1560465746109672 1.3707366506652583 0.03977840996060737 1.0957254787776198 1.9232063754190372 0.07420455855286767 1.1902681078856414 1.36601205488008 -1.5314633993318264e-8 13175.848874781974 8.591918641121463e8
8750 278834.61314313987 31.776572410805755 0.04046540231108553 1.0585210726778898 1.9850944033093312 0.07553852241118696 1.1700080835472029 1.4857419712106963 0.04046540231108553 1.068755810591218 1.9669500677785139 0.07553852241118696 1.2053497714263801 1.486035353647042 -1.5978064161796723e-8 13175.848874781987 8.591918641121243e8
8800 280422.2191939541 31.730999967264683 0.04166425247016367 1.033174136923937 2.013647501938032 0.07778068019814205 1.197109469033595 1.5952556056442764 0.04166425247016367 1.0401162364866545 1.9971477607013692 0.07778068019814205 1.2359838434313493 1.6015327513140634 -1.6796885337942963e-8 13175.848874782072 8.591918641120993e8
8850 282007.9467761316 31.701691537169694 0.04330439043012802 1.0080207136383381 2.0251195996021716 0.08076330921791107 1.1769948299419097 1.6186855866387888 0.04330439043012802 1.0113276953470172 2.0101220296843936 0.08076330921791107 1.2206012824981025 1.621087668942545 -1.780182286488055e-8 13175.84887478204 8.591918641120665e8
8900 283592.6983899931 31.692141769325016 0.04524979248183934 0.9839717996014069 2.019366209675655 0.08412931350982153 1.1539567467222631 1.6641640068814068 0.04524979248183934 0.9834574023101393 2.0055059046194974 0.08412931350982153 1.2008946258447897 1.6489049775245985 -1.8791898809492858e-8 13175.848874782003 8.591918641120437e8
8950 285151.7052534816 31.70525348154826 0.04729065540220091 0.9617957089167473 1.9995615669425921 0.08773720741961227 1.1287764595465868 1.7086334636242277 0.04729065540220091 0.95749165030334 1.986412208619346 0.08773720741961227 1.1776954679220162 1.6849070383449454 -1.967425854498131e-8 13175.84887478201 8.591918641120092e8
9000 286737.57372359984 31.69927257825553 0.04930937694821161 0.9406823505411908 1.9696506176533972 0.09129240986353605 1.1047388028017588 1.7496277328899883 0.04930937694821161 0.9326425888712048 1.956875338131605 0.09129240986353605 1.1505119962280126 1.716738324397377 -2.0556562472216024e-8 13175.848874782034 8.591918641119775e8
9050 288319.0385034054 31.566807400888866 0.05109088361844862 0.9205695027431163 1.935354842204452 0.09431415205401528 1.0821394958192625 1.7861752686761851 0.05109088361844862 0.9090589382871331 1.922721651055592 0.09431415205401528 1.120011205552408 1.7436920967438128 -2.1479063169589635e-8 13175.84887478199 8.591918641119471e8
9100 289894.6477394475 31.464938600074277 0.052493994038925074 0.9006157604882045 1.9016880840118995 0.0967277697352938 1.068452456216321 1.730293513689506 0.052493994038925074 0.8860071798127618 1.8890896231708398 0.0967277697352938 1.0867185238235249 1.6809710316071038 -2.2290111761325504e-8 13175.848874782065 8.591918641119134e8
9150 291466.0011852759 31.39627969242039 0.05342677352887598 0.8797722775198292 1.8724449612931202 0.09819029938538103 1.0952723078329207 1.6442754303328433 0.05342677352887598 0.8625014511809402 1.8598761279138327 0.09819029938538103 1.0848657693604373 1.6065190329572656 -2.2641635257832135e-8 13175.84887478205 8.59191864111879e8
9200 293034.80795149953 31.362585901120408 0.05384715887297091 0.857037214902996 1.850042747447469 0.09857740377475654 1.0868518526662998 1.5550233937733844 0.05384715887297091 0.837563486356129 1.837574700951002 0.09857740377475654 1.0798856140332078 1.5274333636252448 -2.2418292966793274e-8 13175.848874782083 8.591918641118429e8
9250 294575.3854195891 31.36428125025271 0.053769483020488146 0.832202070774479 1.8357848271621846 0.0982660985930016 1.0741473832375559 1.463843532031935 0.053769483020488146 0.8110054985620823 1.8235386613832718 0.0982660985930016 1.0707483293836528 1.4447922354969882 -2.2078173283214856e-8 13175.848874781974 8.591918641118103e8
9300 296144.3933592984 31.401115139388196 0.05324766751821637 0.8043818245565992 1.8292243072931347 0.096896552187393 1.0571846106370244 1.3670781916674746 0.05324766751821637 0.7818720082825001 1.8173675337124888 0.096896552187393 1.0574231309272797 1.3552154993832117 -2.1827053538039402e-8 13175.848874781952 8.59191864111774e8
9350 297716.1175861161 31.471913909216216 0.052380496362761014 0.775077899119325 1.829962542580295 0.0949695420615698 1.0365664227075335 1.2658625214365713 0.052380496362761014 0.7517328686144124 1.8186845522472057 0.0949695420615698 1.0402624232627173 1.2597026876734179 -2.134072838070834e-8 13175.84887478206 8.591918641117388e8
9400 299292.194662337 31.574077353186887 0.051305980487501304 0.7468420606184023 1.8367380637962387 0.09269623730639176 1.0125761766072174 1.2160520942053228 0.051305980487501304 0.7232752104652242 1.8262370636979466 0.09269623730639176 1.0193718333220414 1.2092153843064786 -2.0175012931963946e-8 13175.848874782025 8.591918641117084e8
9450 300874.1041328451 31.703975917150473 0.05018502752504013 0.7238228573079291 1.8479577235555076 0.09083056310804935 0.9852782576494079 1.3384694523925609 0.05018502752504013 0.7009198511066604 1.8384221927678093 0.09083056310804935 0.9946594001883433 1.3364938780749458 -1.832676577543254e-8 13175.848874782056 8.591918641116724e8
9500 302431.85401306016 31.85401306013975 0.04919957388191732 0.7114000748633538 1.8615586451617399 0.0897368127393256 0.9658258546396477 1.4217390577025593 0.04919957388191732 0.6903468591620591 1.8531225595651268 0.0897368127393256 0.9814426177412345 1.424576669588263 -1.6185468259016087e-8 13175.8488747821 8.591918641116519e8
9550 304028.8605751895 32.02554055562709 0.0484514776817608 0.7140454446936088 1.8762594178961822 0.08886495165220122 0.9317393552358044 1.4704310763792745 0.0484514776817608 0.6963309131940668 1.8690468913697957 0.08886495165220122 0.9517093427809032 1.474485426152604 -1.4112043381150317e-8 13175.84887478201 8.591918641116238e8
9600 305634.81959177216 32.209165627196306 0.048060487781443215 0.7350847289108143 1.8899496521593655 0.08841518362526765 0.9276572273291254 1.5101110436879568 0.048060487781443215 0.7220540945400816 1.8839848555850265 0.08841518362526765 0.9359773267413856 1.5127995031889045 -1.2388672900302603e-8 13175.848874782077 8.59191864111602e8
9650 307245.5192520854 32.22071275031984 0.04806107136770703 0.7738862428834921 1.900822978002647 0.08893690679103157 0.9348116107577115 1.542720139703928 0.04806107136770703 0.7663696587405463 1.8960229584709667 0.08893690679103157 0.9459616826833087 1.5409128319813694 -1.0873688202829745e-8 13175.848874782052 8.59191864111583e8
9700 308857.1349703974 32.245812012551575 0.048417706291771924 0.8264528515640902 1.907325112779351 0.09000702347591373 0.978091395695215 1.566270013902092 0.048417706291771924 0.8246397584953563 1.9034806711512484 0.09000702347591373 1.014732357014812 1.5602725345668282 -9.453748853557882e-9 13175.848874782034 8.591918641115739e8
9750 310470.38800799486 32.28619826548417 0.04904353254487183 0.8871912690280376 1.9083347570300262 0.09126581411153745 1.0653985879425723 1.5898547604407027 0.04904353254487183 0.8907911029104253 1.9051008647205094 0.09126581411153745 1.0961413517548626 1.5722531603928975 -8.09079775100097e-9 13175.84887478193 8.5919186411155e8
9800 312074.0802495578 32.2987864913432 0.049820577362219357 0.9499247190174822 1.9033888949553208 0.0928354608287139 1.1471362491786499 1.6086293243776064 0.049820577362219357 0.958352303654236 1.9002846241370501 0.0928354608287139 1.172461552926685 1.577929232607254 -6.701614173187378e-9 13175.848874782014 8.591918641115422e8
9850 313685.90738800995 32.178371537746976 0.05064430694724563 1.0103912731725697 1.89280693491697 0.09418266731278867 1.174944472234179 1.6237997665087116 0.05064430694724563 1.0230171738035059 1.8892435614489809 0.09418266731278867 1.198652325616053 1.5781812675925417 -5.673375139076832e-9 13175.848874782021 8.591918641115283e8
9900 315291.9979575919 32.06968299860141 0.05141122817157625 1.0641815156548626 1.8781416592252294 0.09522471612101886 1.182832258670894 1.5829712421460482 0.05141122817157625 1.0803250031681508 1.8734908388664535 0.09522471612101886 1.2068940483054227 1.5534375207719158 -5.765558010706769e-9 13175.84887478207 8.591918641115223e8
9950 316893.0343617569 31.97657981276329 0.05205013996376399 1.1085315156822257 1.8621133877380247 0.09589595171026392 1.180841427003897 1.5066942607827845 0.05205013996376399 1.127537715460288 1.8558341323505319 0.09589595171026392 1.20713321914778 1.4935563383993162 -6.388010631455623e-9 13175.84887478192 8.591918641115167e8
10000 318489.90379961644 31.903337472471897 0.052515975004228006 1.1415768892347824 1.848400099126661 0.09660942447372199 1.1692900928488226 1.441602075434882 0.052515975004228006 1.1628198527215647 1.8402072532697846 0.09660942447372199 1.196895236576476 1.4335120655591749 -6.14885273962777e-9 13175.848874781988 8.591918641115029e8
10050 320062.3076934831 31.854787470595443 0.05278442585023946 1.1619815680636465 1.8409742070555695 0.09765792933712106 1.1488308193821672 1.377684682567664 0.05278442585023946 1.184837762805335 1.8310187198922998 0.09765792933712106 1.1770154865332938 1.3737031787322056 -5.4215491972234615e-9 13175.84887478204 8.591918641114912e8
10100 321654.3815449609 31.83358939050496 0.05286027124121195 1.1697408549099226 1.8426270875505546 0.09824000379479697 1.1274429480701929 1.312460568560012 0.05286027124121195 1.1936386894912692 1.8314752142078696 0.09824000379479697 1.1502457428371156 1.3118737580209536 -5.565669472373517e-9 13175.84887478203 8.591918641114836e8
10150 323246.1867384531 31.8438830304066 0.05275311753844569 1.1644116670826905 1.8544292846031252 0.09831168032875517 1.1956347075131828 1.3794405735765334 0.05275311753844569 1.1887486147847701 1.8430116995634163 0.09831168032875517 1.219640689027894 1.406496271313197 -6.195710059537169e-9 13175.848874782057 8.591918641114717e8
10200 324839.36031196656 31.887925362159578 0.05249434934186508 1.1463538712504566 1.8745814073259726 0.09795392763152463 1.2218510575002741 1.3973656687425056 0.05249434934186508 1.170509627227663 1.8638794549646076 0.09795392763152463 1.2528036811527763 1.4239902477284119 -6.2764677093764335e-9 13175.84887478201 8.591918641114645e8
10250 326435.62074794504 31.96671937391831 0.052132991216821196 1.1163479682395918 1.8990352111980058 0.09726748232711595 1.2384948398379838 1.4309427719173284 0.052132991216821196 1.1396720190072616 1.8897808559366547 0.09726748232711595 1.2754645929058133 1.4336965936668764 -6.326046135381196e-9 13175.848874781988 8.591918641114576e8
10300 328036.70289460383 32.07994169537874 0.05173661853887614 1.0756018355807309 1.9228050857839445 0.09646144543397552 1.2465282259557482 1.5071271350125686 0.05173661853887614 1.0974015234820627 1.915318091956518 0.09646144543397552 1.2883706489374858 1.4990608665388923 -7.127401424434796e-9 13175.848874782083 8.591918641114486e8
10350 329638.7300214325 32.22543098479721 0.05139130610414084 1.0259634112223 1.9413441282536377 0.09574281033136241 1.2468084975361173 1.583815978447898 0.05139130610414084 1.0455021729487102 1.93554001631749 0.09574281033136241 1.2922113608904446 1.5709419629385446 -7.712681245397978e-9 13175.84887478203 8.59191864111431e8
10400 331254.37202936306 32.401460846842696 0.051191509915012916 0.9692415188826027 1.951714447137783 0.09530972634374497 1.2400137452316553 1.6620788183672905 0.051191509915012916 0.9857061792600667 1.9472460312456796 0.09530972634374497 1.2876057320980843 1.6418026594745423 -7.289879464830272e-9 13175.848874782057 8.591918641114227e8
10450 332878.13614269544 32.51342015749197 0.05123578449019506 0.9083458316640597 1.9524813640451781 0.09528383279011002 1.2265664274323496 1.678538573910611 0.05123578449019506 0.9208726615621904 1.9488661844734014 0.09528383279011002 1.2749572726697445 1.6338502773990566 -7.01627212735993e-9 13175.848874782008 8.5919186411141e8
10500 334505.2587005011 32.570866244137875 0.05160056873472276 0.8467571414992848 1.943910580220704 0.09590137807822846 1.1842329879896158 1.656609775840863 0.05160056873472276 0.8544646076891128 1.9406542931308033 0.09590137807822846 1.233223011478891 1.6173611539043629 -7.836366641440019e-9 13175.848874782045 8.591918641113985e8
10550 336134.85147658136 32.57747712600468 0.05231964037701047 0.7882153588295431 1.927521068606618 0.096937031467214 1.101626914281334 1.6245633372990809 0.05231964037701047 0.7902657032014315 1.9241934898374649 0.096937031467214 1.151573078868186 1.607233327912345 -8.782079287820149e-9 13175.848874782027 8.591918641113796e8
10600 337740.17800800665 32.48718089061133 0.05335053101078695 0.7372993074019931 1.9060009506501343 0.09873430318226623 1.018037142430028 1.5897118372129244 0.05335053101078695 0.7331361183530057 1.9022781718673119 0.09873430318226623 1.0675831143645902 1.586552533747186 -9.263008506275188e-9 13175.848874781936 8.59191864111371e8
10650 339361.6408917462 32.34518358650248 0.05463475275482726 0.6959559899598519 1.8815247689216408 0.10095154151107405 0.9303991257947901 1.551232528559811 0.05463475275482726 0.6852388401131543 1.8771811565025023 0.10095154151107405 0.9784642994729 1.5516119282672844 -9.590200987345238e-9 13175.848874782003 8.591918641113546e8
10700 340974.1169570512 32.16208372350298 0.056024673279052584 0.6670751470939212 1.8572447509348615 0.1032135483531105 0.8408970222056793 1.4999944095956221 0.056024673279052584 0.6501314350455348 1.8521654962122482 0.1032135483531105 0.8846588693667724 1.5025033528465412 -9.794817975268392e-9 13175.848874782001 8.5919186411134e8
10750 342578.16682631685 32.008097780949356 0.057362445855120126 0.6509928446787097 1.8358482338948683 0.10525488519239826 0.8703299401529164 1.4361798450206578 0.057362445855120126 0.6287960500873648 1.8300147721764775 0.10525488519239826 0.869600210977967 1.4394706922920109 -9.798971344121575e-9 13175.84887478197 8.59191864111318e8
10800 344175.31681133347 31.88574697069858 0.05848923117591675 0.6463674617577367 1.8197131898049785 0.1069729784318907 0.9084702381229628 1.3601061824695786 0.05848923117591675 0.6204034643564816 1.8131904438255213 0.1069729784318907 0.9034442433317176 1.3629410980218701 -9.817153887273223e-9 13175.848874781992 8.59191864111306e8
10850 345758.99678018474 31.79636999383036 0.05926038624722756 0.6507508646291428 1.8108407182069246 0.10798653364209537 0.9132959948626124 1.2378497475549086 0.05926038624722756 0.6227461950925708 1.803765685842556 0.10798653364209537 0.9063636987981665 1.2432099149042644 -1.0169253864221884e-8 13175.848874782021 8.591918641112914e8
10900 347347.20955515595 31.738532628550203 0.059573356993612867 0.6615994120171553 1.8106089373803445 0.1082136157890854 0.922489795845354 1.1622236505154209 0.059573356993612867 0.6332202117325795 1.8031661829142842 0.1082136157890854 0.9136310580348834 1.1657500584259324 -1.0878470505537055e-8 13175.848874782 8.591918641112741e8
10950 348933.3143899282 31.711081469651035 0.05935199578564186 0.6768404333004848 1.8199494955608309 0.1075752788814246 0.9377992479887356 1.2601686486167072 0.05935199578564186 0.6495604182234119 1.8123607216603048 0.1075752788814246 0.9285257593590996 1.2624965109817927 -1.1616028856683695e-8 13175.848874782048 8.591918641112591e8
11000 350518.7690245191 31.71150076498878 0.058570451076590105 0.6952768001828498 1.8389909587377038 0.10612916608143688 0.948310355797878 1.366227618126738 0.058570451076590105 0.6703001097671261 1.831487895168029 0.10612916608143688 0.9385648436497827 1.352466345741373 -1.2066975157345328e-8 13175.848874782016 8.591918641112351e8
11050 352104.8927971133 31.736838724898035 0.05725035835778947 0.7165663882537909 1.8669912285250618 0.10391068414614497 0.9542608285353397 1.4734012635131886 0.05725035835778947 0.6948231195669311 1.8597874147573428 0.10391068414614497 0.9439146652990419 1.452904221453945 -1.2410715925706131e-8 13175.848874782007 8.591918641112177e8
11100 353692.85334717284 31.784027637360253 0.05546019981338365 0.7409765419215512 1.9022109992996181 0.10067952663635231 0.9592486571238925 1.5751881792266071 0.05546019981338365 0.7231359309167291 1.8954692984420647 0.10067952663635231 1.0133979223569827 1.5464521493361754 -1.2930631142643205e-8 13175.848874782065 8.591918641111966e8
11150 355258.4629380087 31.848933717055985 0.05334773706373369 0.7685754919851163 1.9411785414992795 0.0970289646010295 1.0540972416741776 1.670293026394727 0.05334773706373369 0.7549911060333497 1.9349660457558375 0.0970289646010295 1.1040738858594694 1.6319370102485873 -1.371224201484643e-8 13175.848874781976 8.591918641111745e8
11200 356852.93929693435 31.93097558611869 0.050990482768463546 0.8007473683610863 1.981270868784879 0.09304245830757334 1.106428434249544 1.7618485397265933 0.050990482768463546 0.7916862250810062 1.9755465018446814 0.09304245830757334 1.1513844783139737 1.7122059592398506 -1.4554233048809634e-8 13175.84887478195 8.5919186411115e8
11250 358451.8802780253 32.026875836128305 0.04859124697476619 0.8372966335351139 2.016987826709212 0.08901755584922531 1.1488020298276311 1.781809982285645 0.04859124697476619 0.832758499223318 2.0115362476693894 0.08901755584922531 1.1895917989627334 1.7469282315811439 -1.5313807343491003e-8 13175.84887478196 8.591918641111332e8
11300 360055.9261105186 32.134630577789544 0.04632802084927419 0.8780003568726911 2.0428224891665523 0.08528189034647217 1.1869552749033319 1.7434799850416278 0.04632802084927419 0.8778141369550799 2.037233782139031 0.08528189034647217 1.224526756674404 1.718394616448201 -1.607073448792051e-8 13175.848874782107 8.591918641111042e8
11350 361665.6256833833 32.25182313933261 0.04436229438900965 0.9221279690353941 2.053387481482653 0.08200055121609791 1.2208024242911382 1.708249965172992 0.04436229438900965 0.9259839157029369 2.047061675112049 0.08200055121609791 1.256278682026104 1.6960594789871923 -1.624559581620512e-8 13175.848874781996 8.591918641110772e8
11400 363266.6757169607 32.219587621028 0.0428254289359376 0.9680137968960946 2.0447031296519067 0.07941454701053002 1.249803358840672 1.6841991207106373 0.0428254289359376 0.9754619235228936 2.0369357909343195 0.07941454701053002 1.2842355236733116 1.6806270668611638 -1.5474391327260687e-8 13175.848874781967 8.591918641110517e8
11450 364876.9021222468 32.19052204677999 0.04175142255255775 1.014474906082232 2.0152999930462214 0.07773741039814888 1.2738140980108277 1.6546430306361937 0.04175142255255775 1.0250254635283897 2.0054138424479535 0.07773741039814888 1.3078581327880456 1.6587684675243957 -1.5186543324303014e-8 13175.848874782036 8.591918641110276e8
11500 366484.04933051864 32.06124590645194 0.04113231955779715 1.059139636546279 1.9674424190325974 0.07669867293514841 1.280918191628405 1.6000482284937962 0.04113231955779715 1.0722167140972514 1.955039601496292 0.07669867293514841 1.3152776693473265 1.6085280939999254 -1.59968910879691e-8 13175.84887478199 8.591918641110057e8
11550 368082.6839608912 31.891721706043445 0.04088979677297668 1.09966392706587 1.9071645726411246 0.07632387850635795 1.230595350498544 1.4541947610652322 0.04088979677297668 1.1146432350674063 1.8923372110154821 0.07632387850635795 1.2675639761218542 1.456331495124778 -1.6306176076715765e-8 13175.848874782028 8.591918641109765e8
11600 369673.50934944535 31.748808271374294 0.04091088478632306 1.1338587167986443 1.8426352693857257 0.07652545996842204 1.1780857606452992 1.3392240776552342 0.04091088478632306 1.1500869227734278 1.8260379176180617 0.07652545996842204 1.2127458032236018 1.361950718469058 -1.506360405135938e-8 13175.84887478199 8.591918641109529e8
11650 371257.9194911217 31.634845093213997 0.041078707528182594 1.1596429094274243 1.7822338447378518 0.07714452144519063 1.1213131110859937 1.3098014374355489 0.041078707528182594 1.1764368911625724 1.7649730093466764 0.07714452144519063 1.1498087502363863 1.2968322187603414 -1.3792487294049334e-8 13175.848874782037 8.59191864110927e8
11700 372814.9026445593 31.552186556757132 0.04128724404205913 1.1749944585355747 1.7332630776109423 0.07785684460993969 1.1223976997567953 1.3818946146288802 0.04128724404205913 1.1916408967478507 1.7166081025080293 0.07785684460993969 1.1517336136669456 1.3602277902917852 -1.3598210218578693e-8 13175.848874781916 8.59191864110913e8
11750 374391.02375398664 31.498822599630014 0.041462128042835555 1.1788027975059847 1.6981076504281971 0.07845504714269594 1.1561079906067815 1.4566306262842164 0.041462128042835555 1.1945368473537545 1.6832056470173806 0.07845504714269594 1.1838664158059358 1.4245770053053037 -1.348936599582317e-8 13175.848874782065 8.591918641108894e8
11800 375965.24981693004 31.475617049738613 0.04154241440746265 1.169624382902192 1.6783888110728755 0.07876338258918615 1.1842195084710376 1.4662744101618856 0.04154241440746265 1.183624351594712 1.6659999376772832 0.07876338258918615 1.209224026083296 1.4238311838405273 -1.2798319557805936e-8 13175.84887478203 8.59191864110867e8
11850 377539.05695708015 31.481202668855413 0.04149223496924987 1.1468954616743445 1.672523511987897 0.07893485773450437 1.1856443768480864 1.4471399468462744 0.04149223496924987 1.1582934175382154 1.6629245108293211 0.07893485773450437 1.2083371697774243 1.4109418345323872 -1.2781826868178963e-8 13175.848874781983 8.59191864110847e8
11900 379113.8357207037 31.51356759429939 0.04129633604812605 1.110819566578633 1.6775381162239544 0.0788175249040643 1.1442801280547599 1.4286078583101631 0.04129633604812605 1.1187338742308708 1.670569496935837 0.0788175249040643 1.1665288406930527 1.4037384312314864 -1.3894942184886048e-8 13175.848874781961 8.591918641108235e8
11950 380664.94938978256 31.569136529653566 0.04096653253809945 1.0634751566010299 1.6897781419597828 0.07838904641289063 1.0976952264446351 1.429301447341666 0.04096653253809945 1.0671573866786221 1.6849401661751005 0.07838904641289063 1.1190888128097491 1.4093009667633716 -1.4542720208673217e-8 13175.848874781987 8.591918641108013e8
12000 382245.30958402075 31.64708588967062 0.04051895840782614 1.0056802046525957 1.7065201165618957 0.0777071468874224 1.0480811369310485 1.4317734614603792 0.04051895840782614 1.0044125955172902 1.7032161014627023 0.0777071468874224 1.0754757165532338 1.4182373612277308 -1.4530696144179879e-8 13175.848874782008 8.591918641107892e8
12050 383830.0596907268 31.743894484628164 0.040011106428015114 0.9419816664136557 1.7250187590770347 0.07681962473423189 1.058414311817867 1.434885635214037 0.040011106428015114 0.9354538754329491 1.7225570675835742 0.07681962473423189 1.083303656795313 1.4273171721162714 -1.55203751932457e-8 13175.84887478202 8.591918641107594e8
12100 385419.0754104513 31.773217460990494 0.03952513227715108 0.877693012482455 1.7433729323360327 0.07585112821835822 1.0645249151499068 1.4370976750767679 0.03952513227715108 0.8661437166435152 1.741089509013836 0.07585112821835822 1.0857866991520615 1.4348879998774322 -1.7877517203881454e-8 13175.848874782017 8.59191864110727e8
12150 387006.36911172414 31.72326440354415 0.039171602644287255 0.8192931309393515 1.7603039649221217 0.07528032534515922 1.0674942207164682 1.4365347315533998 0.039171602644287255 0.8036869027905312 1.7576193625428518 0.07528032534515922 1.0840899765971521 1.4388999887524563 -2.0067092634486566e-8 13175.848874782012 8.591918641107031e8
12200 388591.716168333 31.694516882872428 0.03907435599718491 0.7727884603763354 1.7751958262312764 0.07478813413913792 1.0410177263736848 1.400845268300386 0.03907435599718491 0.7547715481968601 1.7716510926745586 0.07478813413913792 1.0540711821634268 1.4035542923907072 -2.1296838647604953e-8 13175.848874782077 8.591918641106653e8
12250 390162.54768669547 31.684425488319217 0.039347362269063775 0.7425509255152912 1.7877878260088362 0.0748328573459824 0.9915085007603331 1.3342721231781145 0.039347362269063775 0.724112564779474 1.7830720318755926 0.0748328573459824 1.0021074697531478 1.3336926786215797 -2.2060110007926113e-8 13175.848874782001 8.591918641106347e8
12300 391746.8558161671 31.69025857888525 0.040079805670106716 0.7291718682627933 1.7984269000809012 0.07570929399163301 0.9426273878698167 1.260254154989707 0.040079805670106716 0.7120657610062626 1.7923524168557612 0.07570929399163301 0.9501967372611396 1.2557441310000186 -2.2680278744188898e-8 13175.848874782012 8.591918641105973e8
12350 393331.8155028061 31.709858774668522 0.041296039106374326 0.7308538355274368 1.8072948138900238 0.07744897771613662 0.9151923509025416 1.1769861124223062 0.041296039106374326 0.7161200947743334 1.7998279709011828 0.07744897771613662 0.9355452019694457 1.1681754131601225 -2.30098734191843e-8 13175.848874782008 8.591918641105605e8
12400 394918.06520930195 31.741352824251052 0.04294645488448246 0.74336950549235 1.8147647637583937 0.07994594158722107 0.9062113561822018 1.2425475399790935 0.04294645488448246 0.7312212862773628 1.8060092371268555 0.07994594158722107 0.9214424112294654 1.2371226157957678 -2.2965443608985074e-8 13175.848874781981 8.591918641105299e8
12450 396506.1631684552 31.783399023475745 0.04491219295208109 0.7620987498707432 1.8212048046174962 0.08288895688695284 0.9311736561054964 1.3360154192815703 0.04491219295208109 0.7521814273542529 1.8113837770904901 0.08288895688695284 0.9396956588520844 1.32725184071707 -2.3162814308395293e-8 13175.848874781996 8.591918641104884e8
12500 398076.47964347136 31.83446053361978 0.04699966231173731 0.7829919420859647 1.8268365672952849 0.086093930647913 0.9630253116990398 1.4382125317706889 0.04699966231173731 0.7747239968907853 1.8162698246283748 0.086093930647913 0.9646123100409069 1.411762949998656 -2.3622623063513923e-8 13175.848874781967 8.591918641104543e8
12550 399668.7873552991 31.818362778061665 0.04907653494634829 0.8041056528726584 1.831928593890166 0.08940330435706853 0.9618570125063116 1.5442884070756728 0.04907653494634829 0.7970078604421935 1.8209616284722578 0.08940330435706853 0.9585819589340219 1.4937908445074313 -2.3747530224965943e-8 13175.848874782016 8.591918641104095e8
12600 401257.42227139155 31.733188779815535 0.05092985095404538 0.8238122473125151 1.8362503532006393 0.0925030110915452 0.9471334202034754 1.6107713449590197 0.05092985095404538 0.8175830487746164 1.8252260077949427 0.0925030110915452 0.9399124151688298 1.5701657588984426 -2.3215309915063403e-8 13175.848874782003 8.591918641103785e8
12650 402842.50610537553 31.676251083583253 0.05240996996113125 0.8417159278916204 1.8392835366139255 0.09499710132854335 0.9309658189469646 1.611051716418532 0.05240996996113125 0.8363041856583179 1.8284584886364337 0.09499710132854335 0.91983863855394 1.5806458446274623 -2.2499694532287142e-8 13175.848874782047 8.591918641103377e8
12700 404425.52266670455 31.650291861621014 0.05340983710428375 0.8579766788501028 1.8400377850931315 0.09663863758131466 0.930183280334974 1.607044007995516 0.05340983710428375 0.8535636497598196 1.8295161031883895 0.09663863758131466 0.9464757286643755 1.5870111526864512 -2.1864721139994057e-8 13175.848874782056 8.591918641103054e8
12750 406008.0787126365 31.657469614168534 0.053868960109253156 0.8730167857677859 1.8370557857683312 0.0972839930577196 0.9627155314266893 1.5982499525367144 0.053868960109253156 0.8699682603605724 1.8267422498097088 0.0972839930577196 0.9757451767183846 1.5885535843182872 -2.1089571592758998e-8 13175.848874782012 8.591918641102738e8
12800 407568.78698639356 31.69833467527812 0.05378082964320004 0.8871260632443227 1.8287760946840848 0.09727768368394293 0.9907752460404672 1.5907191872009143 0.05378082964320004 0.8859008701670453 1.8183766386076128 0.09727768368394293 1.0006225492862217 1.587961280724854 -1.9900920243984894e-8 13175.848874782037 8.591918641102401e8
12850 409155.50315428176 31.774624938453073 0.053178925128513306 0.9011559816099552 1.8133698368937081 0.09672491385501102 1.0155072385718806 1.5805528567446305 0.053178925128513306 0.9023249534137595 1.8024434157789617 0.09672491385501102 1.0221719682210717 1.5832831173654511 -1.8327409460874025e-8 13175.848874781981 8.591918641102122e8
12900 410746.83257714385 31.861068144142422 0.05214289785251238 0.9151773060759997 1.78996671491872 0.0953438165690898 0.9914059386954823 1.4689324610881178 0.05214289785251238 0.9192803991048878 1.7780404152359706 0.0953438165690898 0.9986239437954085 1.4658784101114355 -1.6767069743444698e-8 13175.848874782085 8.591918641101807e8
12950 412338.3497309937 31.805258432498164 0.05080112090889721 0.9291692203130847 1.7588614198792825 0.09337900196263398 0.9598437833979682 1.352602216075803 0.05080112090889721 0.9366588561507195 1.745582704298104 0.09337900196263398 0.9679885492102537 1.3432234205040374 -1.5254331726869874e-8 13175.848874782 8.591918641101521e8
13000 413927.7544189253 31.77574919877935 0.04931130324957652 0.942789636000609 1.7216566140982332 0.0910989490854168 0.9997824614625279 1.243888211819416 0.04931130324957652 0.9539683199426278 1.706918485804034 0.0910989490854168 1.0237557817520373 1.2306889663823017 -1.3774716612450405e-8 13175.848874782001 8.591918641101321e8
13050 415514.24927671754 31.77060602553935 0.047839524670198225 0.955302129955019 1.6809745165039498 0.08884150422790232 1.0588289671337443 1.2046314248438976 0.047839524670198225 0.9702697995817103 1.6649763855506658 0.08884150422790232 1.0806017398443724 1.199583736844011 -1.2601529058622212e-8 13175.848874782088 8.591918641101111e8
13100 417103.1272437544 31.78769650955673 0.046533667255108255 0.9655671149477865 1.6398221603724332 0.08674917880989906 1.1138687538575864 1.2956056106448548 0.046533667255108255 0.9841883036956512 1.6230599216676955 0.08674917880989906 1.1317391996620365 1.2783371686706364 -1.1577139693208429e-8 13175.848874782036 8.591918641100903e8
13150 418693.38011173153 31.82482405792759 0.04551327055986198 0.9719505214216707 1.6014134331849288 0.08500026752953395 1.1632686249915736 1.3498877011479755 0.04551327055986198 0.9937973552831514 1.5846267692675755 0.08500026752953395 1.1821182424812655 1.3135763242655716 -1.0295452428397376e-8 13175.848874782025 8.591918641100668e8
13200 420285.95101616177 31.879666778225243 0.04484397406783863 0.9724715920591027 1.5685392079058593 0.08383722918418535 1.1984293689280772 1.3512466742517941 0.04484397406783863 0.9967942231240363 1.5526155995080988 0.08383722918418535 1.2182934532439134 1.3164670993640173 -8.947040157993719e-9 13175.848874782012 8.591918641100613e8
13250 421881.6640115229 31.94978900777655 0.04453231952074969 0.9649556023346675 1.543330391097964 0.08297109698284681 1.1769716567542265 1.341258871414695 0.04453231952074969 0.990660621595758 1.5291898268239352 0.08297109698284681 1.2006529713279215 1.313651561962022 -8.003355668096722e-9 13175.848874781997 8.591918641100478e8
13300 423456.08868789533 32.03132630805721 0.044530046433418305 0.9476713768220071 1.5272812303978602 0.08281985928793362 1.1491872725382135 1.3228500915828036 0.044530046433418305 0.9733377409874306 1.5157081545804554 0.08281985928793362 1.1756774544575799 1.3018317623858988 -7.403270091249313e-9 13175.848874782036 8.591918641100346e8
13350 425059.99328600726 32.1245595725884 0.04475625877881637 0.9184436873317413 1.5203320649897532 0.0828366130396653 1.11454323900346 1.297575918607404 0.04475625877881637 0.9423551403553427 1.5119974315992353 0.0828366130396653 1.1428526318190575 1.2825639769625 -7.284307186537159e-9 13175.848874782041 8.59191864110022e8
13400 426668.6996667203 32.20433614139815 0.045116083925054395 0.8767231362168397 1.5224737942727802 0.08424865746556806 1.0736460269026582 1.2675068211080407 0.045116083925054395 0.8969597476541888 1.5177368620348237 0.08424865746556806 1.1027537888508272 1.2577085554848593 -7.764052363901793e-9 13175.848874781967 8.591918641100082e8
13450 428277.5636482989 32.155092414390715 0.045513147166294884 0.8233442416592465 1.5326673705844873 0.08541322251947886 1.0266813974609608 1.234304580457428 0.045513147166294884 0.8380023146447414 1.5315630402965974 0.08541322251947886 1.0556896789776686 1.2334119616610686 -8.128915827852577e-9 13175.84887478201 8.591918641099973e8
13500 429884.5779311816 32.13019790515592 0.04586552764803507 0.7609379088334909 1.5493811654875387 0.08639904914470024 0.9736119220651851 1.215254254190781 0.04586552764803507 0.7684152500599045 1.5516381374670303 0.08639904914470024 1.0018496495845293 1.2095213919850891 -7.489477411514167e-9 13175.848874781981 8.591918641099874e8
13550 431491.0084396551 32.13149337892934 0.04611094639467363 0.6939695111731705 1.5709156236795057 0.0871802605243877 0.895801787614218 1.1845582439520557 0.04611094639467363 0.6933115026032014 1.576012081291183 0.0871802605243877 0.9239824354024346 1.1857655983532591 -6.337621288129419e-9 13175.848874781968 8.591918641099714e8
13566 432000.0 26.97648693434894 0.04615882550327449 0.6727690967697036 1.5784717023496404 0.08737462634201874 0.8645323950563472 1.1659826108730422 0.04615882550327449 0.6694946099026136 1.584327021821832 0.08737462634201874 0.8916862658873479 1.168206516397573 -6.133657748406832e-9 13175.848874782054 8.591918641099709e8
