#timestep time dt l2_h l2_h_vcon1 l2_h_vcon2 linf_h linf_h_vcon1 linf_h_vcon2 dsdu_ut mass entropy 
0 0.0 100.0 0.0 0.0 0.0 0.0 0.0 0.0 -2.5390306949289094e-14 11086.792061868888 6.04969484740169e8
50 428.13731711446076 8.562801963273804 3.901537422423277e-6 5.8599037266599914e-5 9.584816616805846e-5 4.4243910470565175e-5 0.00012825169242053786 0.00019244077893279963 -8.893167177858692e-5 11086.792061868959 6.0496948472342e8
100 856.2785580988541 8.562827961046244 3.1558666712052243e-6 9.510758599614973e-5 0.00010613471326458186 5.250635462459606e-5 0.00020901827565971402 0.00016827867244651698 -9.79319975299387e-5 11086.792061868862 6.049694846786147e8
150 1284.4190611133627 8.562795680320306 3.0791288357617956e-6 0.00013412936342672616 0.00012222409650032676 4.702352167188384e-5 0.0003044192927128481 0.00023689859414813253 -7.917532290067431e-5 11086.792061868375 6.049694846420678e8
200 1712.5587849727256 8.562779011970111 3.28968457516133e-6 0.00017632369106507817 0.00015691957157753955 5.2211556703946565e-5 0.0004191990519515889 0.0003278186629058154 -8.96798011603558e-5 11086.792061868566 6.049694846062088e8
250 2140.695733291362 8.562703686375677 3.120317986608413e-6 0.00021531732462706476 0.00018054505060119774 5.527248446541435e-5 0.0005243462004095301 0.00043613522643694703 -8.869174102042615e-5 11086.792061869013 6.049694845673754e8
300 2568.830137722008 8.562678284993865 3.1579138906387e-6 0.0002542353694777721 0.0002083086691944962 5.3668528277540245e-5 0.0006397167135361222 0.0005270029355765302 -8.590043922567364e-5 11086.792061868588 6.049694845304382e8
350 2996.963047547657 8.56263107936194 3.2129420145850477e-6 0.0002919141434357033 0.00023701366554774347 5.726236146521249e-5 0.0007513987199806681 0.0006326325184741889 -9.084077200963584e-5 11086.792061868538 6.049694844925821e8
400 3425.0931474101358 8.562580632115314 3.1824410283653943e-6 0.0003282301808753442 0.0002626049146962614 5.8315526522075085e-5 0.0008603833012187136 0.0007358292816463609 -9.109822608426467e-5 11086.792061868655 6.049694844534945e8
450 3853.2215185988207 8.562552535867587 3.22886032752525e-6 0.0003637586755691911 0.00028917002580721227 5.869986107640826e-5 0.0009714844355770195 0.0008282297965569895 -9.247329664327741e-5 11086.792061868882 6.049694844143406e8
500 4281.347859106207 8.562500044243206 3.2602303635364826e-6 0.00039795708853476177 0.0003147690134032202 6.0799439389277124e-5 0.0010754242632367945 0.0009252037859488839 -9.589966455321341e-5 11086.792061868493 6.04969484373978e8
550 4709.471765947249 8.562461287211976 3.2756181355031976e-6 0.00043101246447781286 0.0003389020458183619 6.1978879568146e-5 0.0011768809701306472 0.0010176720811137774 -9.741101025196812e-5 11086.792061868446 6.04969484332563e8
600 5137.594001498492 8.562425553155274 3.322948931985515e-6 0.000463126567580698 0.00036287896699102297 6.308031083855096e-5 0.001273868179369796 0.0011027120606101695 -9.988556120826164e-5 11086.792061868537 6.049694842903999e8
650 5565.713972472131 8.562374032894217 3.3554137632847803e-6 0.00049414703412786 0.0003858847015995038 6.410244635512137e-5 0.0013638293617377576 0.0011818287541247052 -0.00010297395834014156 11086.792061868551 6.049694842469485e8
700 5993.831578058694 8.56233338000315 3.385021401231728e-6 0.0005241163330285514 0.0004078547966369175 6.474260370274521e-5 0.0014463735049199005 0.0012544571912839395 -0.00010515436841629509 11086.79206186876 6.04969484202385e8
750 6421.947290888167 8.562294431666727 3.430604579811483e-6 0.0005531472753905386 0.0004292990712056359 6.547377579689316e-5 0.001523611795245739 0.0013245922798464159 -0.00010782144552053108 11086.792061868427 6.049694841568141e8
800 6850.060882109949 8.562250335522766 3.4663136718259934e-6 0.0005812543085382326 0.00044995324976374545 6.617094227386206e-5 0.0015915532412788484 0.0013928816477013952 -0.00011073104368006137 11086.792061868531 6.049694841100347e8
850 7278.172348601898 8.562209536176342 3.4988489258934925e-6 0.0006084537433292018 0.00046977290703776643 6.664536098295449e-5 0.0016511099535461318 0.0014519487761080257 -0.00011317496123079766 11086.792061868538 6.049694840620908e8
900 7706.281816264522 8.56217035968124 3.5388936806780076e-6 0.0006347923037302173 0.0004889583204221287 6.698530167206883e-5 0.00170682929293297 0.0015031619986832386 -0.00011573342327596061 11086.792061868591 6.049694840131065e8
950 8134.389399456923 8.562133955651504 3.5755586153767895e-6 0.0006603091975572705 0.0005074611285107875 6.721706567557025e-5 0.001758639281700849 0.0015476387206241273 -0.00011839152279933896 11086.792061868688 6.04969483962991e8
1000 8562.49516668539 8.562097446123474 3.6090023894128063e-6 0.0006850396756808515 0.0005252587439547334 6.736704086060904e-5 0.0018030090799066294 0.0015835736657749061 -0.00012083236508082463 11086.792061868393 6.049694839117675e8
1050 8982.483091296821 8.562064957583694 3.6437676978081217e-6 0.0007085710888867616 0.0005421092955785335 6.74415407457003e-5 0.0018452207944185004 0.0016113544222108266 -0.0001231818529718102 11086.79206186888 6.049694838605257e8
1100 9410.585620194672 8.56203725292378 3.6782608658960874e-6 0.000731842470518233 0.0005586766041416943 6.743085279653664e-5 0.001961248192696576 0.0016528854010116824 -0.00012558050026695641 11086.79206186837 6.049694838072857e8
1150 9838.686811707918 8.562011288730345 3.710542133209752e-6 0.0007544226838892232 0.0005746211275734133 6.736224669649424e-5 0.002077907856036713 0.0017189723834113324 -0.0001278676019034839 11086.792061868575 6.049694837530351e8
1200 10266.786811987335 8.56199038173364 3.7424170052723792e-6 0.0007763430098513657 0.0005899694975793012 6.724807154469041e-5 0.002194955125025277 0.0017763833470506678 -0.00013006934993244152 11086.792061868195 6.049694836978192e8
1250 10694.885952692863 8.561976519719721 3.7737317275563354e-6 0.0007976306609615262 0.0006047437832533883 6.70954623941656e-5 0.0023120007780258176 0.0018255052488906558 -0.0001322209612715871 11086.792061868688 6.04969483641662e8
1300 11122.984538858373 8.561967950066636 3.8038609048543337e-6 0.0008183109981128735 0.0006189530314073802 6.691732134457615e-5 0.0024285915829883944 0.0018809408582957168 -0.00013429487941461133 11086.792061868498 6.04969483584613e8
1350 11551.082833419256 8.561964849512785 3.832950473192211e-6 0.0008384095141857025 0.0006326120501359454 6.671838468516571e-5 0.0025444111992497373 0.0019352745077548775 -0.00013628882362190696 11086.792061868635 6.049694835266988e8
1400 11979.181120440078 8.561967555682688 3.861481771366681e-6 0.0008579493674691669 0.0006457371872884882 6.651510692481572e-5 0.0026590783215666115 0.00198174912702567 -0.00013821535995793758 11086.792061868475 6.049694834679328e8
1450 12407.27969085599 8.561975999975568 3.8887572036103506e-6 0.0008769527451692828 0.00065834450163961 6.631776333423092e-5 0.002772232555287457 0.002019739638717206 -0.00014007100330679494 11086.792061868475 6.04969483408372e8
1500 12835.37881324741 8.561989369369309 3.915480857110189e-6 0.0008954395208731015 0.0006704472431406112 6.663812227061087e-5 0.0028836073234346548 0.0020553902244440495 -0.00014185332661252722 11086.792061868491 6.049694833480289e8
1550 13263.478713855866 8.562006983420464 3.9410562981923145e-6 0.0009134295361944081 0.0006820633465706522 6.745100846491258e-5 0.002992828818574415 0.0020861529720581796 -0.0001435660043858588 11086.79206186883 6.049694832869318e8
1600 13691.579593936802 8.562028343207762 3.96585949928116e-6 0.0009309403589741545 0.0006932085803116615 6.82085958304837e-5 0.0030994615237287543 0.0021089934347699154 -0.00014521038737248722 11086.79206186849 6.049694832251018e8
1650 14119.681618890494 8.562052608407518 3.9899052701186595e-6 0.0009479888957096009 0.0007038998094288865 6.888532876748545e-5 0.0032031337225349983 0.00213826182064533 -0.0001467864623249298 11086.792061868688 6.049694831626016e8
1700 14547.78492386683 8.56207947797426 4.012901832371622e-6 0.0009645912584732365 0.0007141549835509202 6.95526455997046e-5 0.0033036802550303517 0.0021689914704682285 -0.00014829530567206915 11086.792061868486 6.049694830994384e8
1750 14975.88963192911 8.562108559237965 4.035032295374356e-6 0.0009807619697444442 0.0007239915902221339 7.024931435588747e-5 0.003400915215386464 0.00219343615601833 -0.00014973843649271362 11086.792061868173 6.049694830356454e8
1800 15403.995831686505 8.562138987365925 4.056610953215172e-6 0.0009965144600026258 0.0007334280408730401 7.090004192444425e-5 0.003494355561437985 0.0022099736442587506 -0.00015111666299904455 11086.79206186821 6.049694829712362e8
1850 15832.103574559982 8.56217020007598 4.077100454896027e-6 0.0010118620668301101 0.0007424847168440375 7.142705777217264e-5 0.0035835956721429665 0.0022280502551025537 -0.00015243092948203797 11086.792061868504 6.049694829062611e8
1900 16260.212887540692 8.562201667526685 4.0965570108164335e-6 0.0010268169199950724 0.000751180659824037 7.19631111392799e-5 0.0036685795026594873 0.0022396031355419012 -0.000153682292647656 11086.792061868542 6.049694828407358e8
1950 16688.3237619152 8.562232499239256 4.115509958647338e-6 0.0010413899812214953 0.0007595344191601727 7.258253279660222e-5 0.003749330643177909 0.0022479597239087644 -0.0001548721488824504 11086.792061868337 6.049694827746758e8
2000 17116.436140384085 8.562261716561252 4.133592813677133e-6 0.0010555920954066285 0.00076756669442495 7.305768933354652e-5 0.0038252413501300864 0.0022620109761531597 -0.00015600124865072364 11086.792061868584 6.049694827081374e8
2050 17536.86841768229 8.562288202944648 4.1502913033807026e-6 0.0010691884390570863 0.0007751621118509253 7.346921543495496e-5 0.0038945806822990162 0.0022748870627166086 -0.00015705206506240295 11086.792061868397 6.049694826423228e8
2100 17964.9834641268 8.562312761597509 4.166600755401998e-6 0.0010826852830648805 0.0007826177467307814 7.397711986749096e-5 0.003960396872812516 0.002286018706855291 -0.00015806462061739368 11086.792061868422 6.049694825748732e8
2150 18393.09967694943 8.562334899453182 4.1823770432508656e-6 0.0010958396241099015 0.000789811815400855 7.439479806566351e-5 0.004021002805461057 0.0022897674485522178 -0.00015901997639886014 11086.792061868693 6.049694825069886e8
2200 18821.216933545507 8.56235456774191 4.196892720902936e-6 0.0011086606506743514 0.0007967667062048487 7.473320222986082e-5 0.004075690317959906 0.002316760400457598 -0.00015991954966746512 11086.792061868444 6.049694824387282e8
2250 19249.33511692739 8.56237213519502 4.210509521167154e-6 0.0011211563537993385 0.0008035017388298817 7.509040645233701e-5 0.004124891672486708 0.0023575642520918963 -0.00016076510995553236 11086.792061868457 6.049694823700776e8
2300 19677.4541441165 8.562388494074042 4.2240552140051875e-6 0.0011333337502870452 0.0008100351110778595 7.542854839863489e-5 0.004168524492600635 0.002393498932364532 -0.0001615564541129996 11086.792061868297 6.049694823010731e8
2350 20105.57397252428 8.562404240414986 4.236273888011299e-6 0.0011452019809275711 0.000816391469004319 7.571945570581316e-5 0.004206097046964561 0.0024241275306672535 -0.00016229626678861177 11086.79206186862 6.049694822317466e8
2400 20533.69457470774 8.562419451776263 4.2476418356592974e-6 0.001156767775253731 0.000822587797128265 7.621656579791513e-5 0.004237639098161284 0.0024489401344286797 -0.00016298737171058193 11086.79206186867 6.049694821621138e8
2450 20961.8159237565 8.56243412818071 4.258490055299521e-6 0.0011680375491994418 0.0008286404566127644 7.683140976163315e-5 0.004271586463585319 0.0024677420156702934 -0.00016362707022259476 11086.792061868562 6.049694820921905e8
2500 21389.9379916817 8.56244817715179 4.2685522297390315e-6 0.0011790199614467314 0.0008345729212521359 7.741783659859275e-5 0.004300916577713264 0.0024870499423913085 -0.00016421701723729767 11086.792061868473 6.049694820220214e8
2550 21818.060736878575 8.562461133605046 4.278000630356758e-6 0.0011897216207858005 0.0008403998994313034 7.797664986011956e-5 0.004324260301490622 0.002514715185386297 -0.00016476490992250268 11086.792061868891 6.049694819515821e8
2600 22246.184088449874 8.562472384765611 4.286504190204166e-6 0.0012001481387759062 0.0008461327849355317 7.850926666334424e-5 0.00434151016949426 0.0025369660400557737 -0.00016526530038739735 11086.792061868338 6.049694818809454e8
2650 22674.307952732608 8.562481667984178 4.29435542865059e-6 0.0012103075063423958 0.0008517932558863031 7.901556777372552e-5 0.0043526706592719264 0.0025535459287482436 -0.00016571412810105276 11086.792061868395 6.049694818100897e8
2700 23102.432228453705 8.562488838069408 4.301872534643927e-6 0.0012202084669309865 0.0008573967500402111 7.949965276278009e-5 0.004357707269371565 0.0025640774123036033 -0.00016612261325126386 11086.792061868493 6.049694817390695e8
2750 23530.556802483126 8.562493639301408 4.308671168471435e-6 0.0012298576146520348 0.000862948929976864 7.996538190359781e-5 0.004356615348665002 0.0025682211394762247 -0.000166492652935343 11086.79206186822 6.049694816678597e8
2800 23958.681565774652 8.56249664400495 4.314482954895338e-6 0.0012392606929349796 0.0008684669043543703 8.039917740640695e-5 0.004349392730285303 0.0025825304633877756 -0.00016681393473584523 11086.79206186862 6.04969481596514e8
2850 24386.80646133443 8.562499106573929 4.319897183029486e-6 0.0012484273471565872 0.0008739653095347476 8.079886885402811e-5 0.004336059086980646 0.0026112798616442457 -0.000167090062520114 11086.792061868386 6.04969481525026e8
2900 24814.931475651472 8.562501364044241 4.325239501002928e-6 0.001257368434285985 0.0008794414856843942 8.118387498507774e-5 0.004316757735531577 0.0026355193961245557 -0.000167333018656432 11086.79206186845 6.049694814534355e8
2950 25243.056594523103 8.56250333738303 4.329794247061545e-6 0.0012660872790812771 0.0008849039588621397 8.155264422528294e-5 0.004291505041749021 0.0026548338035168643 -0.0001675444843039817 11086.792061868431 6.049694813817452e8
3000 25671.18181776174 8.562505690302983 4.333147121477064e-6 0.0012745888249112232 0.0008903725069271153 8.187213132830315e-5 0.004260251942559784 0.002668723205618926 -0.00016771554552951902 11086.792061868615 6.049694813099948e8
3050 26091.25016852137 8.562509208626222 4.336272074568971e-6 0.0012827364957166687 0.0008957412594238351 8.214181441042945e-5 0.004223996751121101 0.002705729353253218 -0.000167843333094773 11086.792061868256 6.049694812395027e8
3100 26519.37574464376 8.562513764527955 4.340016727533051e-6 0.0012908541527295089 0.0009012036606791306 8.243539620692379e-5 0.004181628637305703 0.002748048960024154 -0.0001679504834659654 11086.792061868513 6.049694811676221e8
3150 26947.501526876396 8.562517035963953 4.343269667123298e-6 0.0012987775037552759 0.0009066640092966534 8.273793007914295e-5 0.004133739561053369 0.002782730966727757 -0.00016803754707440217 11086.792061868478 6.049694810957003e8
3200 27375.62740630708 8.56251781932477 4.345059433370497e-6 0.0013065128862421488 0.0009121323934587852 8.293529799813128e-5 0.004085482133852677 0.0028104216040535316 -0.00016808028796251216 11086.79206186874 6.049694810237529e8
3250 27803.75330130194 8.562518055490413 4.345933484884595e-6 0.0013140892022923528 0.0009176055049740879 8.304366268980582e-5 0.004032568898233909 0.0028539737508613858 -0.00016808121745860537 11086.792061868446 6.049694809517791e8
3300 28231.879213964647 8.562518263677237 4.346644871481384e-6 0.0013215181700442526 0.0009230839598549893 8.323935009356198e-5 0.0039745874844511 0.0029011619881268926 -0.00016807049764496452 11086.792061868471 6.049694808798292e8
3350 28660.00508200347 8.5625158742441 4.347610445100241e-6 0.001328786962643133 0.000928568943728655 8.35135099487506e-5 0.0039114477706941615 0.0029400915020771604 -0.00016804004160404426 11086.792061868313 6.049694808078718e8
3400 29088.13073625448 8.562509960825848 4.349382561519925e-6 0.0013359024136787591 0.0009340422608860503 8.362803995331727e-5 0.003843159547126675 0.002972250931922813 -0.000167960461956021 11086.792061868318 6.049694807359571e8
3450 29516.2560515777 8.562502831807713 4.351368420889391e-6 0.0013428948314477428 0.0009394873755104066 8.355222788345091e-5 0.003770209110279609 0.0029989220662175525 -0.00016784785385837265 11086.792061868338 6.049694806640571e8
3500 29944.38103009804 8.562496664517315 4.351593248449741e-6 0.0013497760880354303 0.0009449194027304434 8.356693149816921e-5 0.0036930083418958686 0.0030362935258946336 -0.00016772831100381208 11086.792061868484 6.049694805922272e8
3550 30372.50573555054 8.562491882980034 4.349722682331569e-6 0.0013565374896077937 0.0009503625799125481 8.379093114129757e-5 0.0036114729293473345 0.003070062344036243 -0.00016758296806957334 11086.792061868566 6.0496948052046e8
3600 30800.630243591197 8.562488881987901 4.347987700253159e-6 0.0013631834026635549 0.0009558106920909767 8.397276412455293e-5 0.0035255704494735287 0.003097461724375558 -0.0001673965336217722 11086.792061868384 6.049694804487588e8
3650 31228.75467051757 8.562488748297131 4.34770933539446e-6 0.0013697339712373403 0.000961234836898546 8.391188252087318e-5 0.0034357707430557748 0.0031180019695110136 -0.00016718926582252815 11086.792061868566 6.049694803771259e8
3700 31656.879173941146 8.562491808323285 4.347691684303637e-6 0.0013762034866985472 0.0009666206694291724 8.375154203153125e-5 0.003342592293264246 0.0031310234206959955 -0.00016696729586197342 11086.792061868622 6.049694803056101e8
3750 32085.003893892626 8.56249716671905 4.3468471083444144e-6 0.0013825962939393844 0.0009719770698327531 8.369211982811565e-5 0.0032462125063721877 0.0031562321886732096 -0.00016671681711012375 11086.792061868518 6.049694802341621e8
3800 32513.128916518217 8.5625037300195 4.345637116855359e-6 0.0013889134768873405 0.0009773146482024424 8.369883554238467e-5 0.0031764633170235377 0.0031793596296045973 -0.0001664440294225538 11086.792061868686 6.049694801628493e8
3850 32941.254279014516 8.562510625239133 4.344512944664834e-6 0.0013951558154517518 0.0009826343640940293 8.363436743092479e-5 0.0031929849287933116 0.003195896305848277 -0.00016616088609380764 11086.792061869006 6.049694800916466e8
3900 33369.37998207624 8.56251731907379 4.343057337760277e-6 0.0014013316482760802 0.000987935782626332 8.346986921308531e-5 0.0032023956376554786 0.003205315595439533 -0.0001658616053743827 11086.79206186844 6.049694800205827e8
3950 33797.50601246712 8.562523669203634 4.3410622488290234e-6 0.0014074588387376068 0.0009932177817111656 8.329539119224e-5 0.0032056553001025986 0.0032085782300595774 -0.00016554364715517907 11086.792061868453 6.049694799496282e8
4000 34225.63232544533 8.562528174211693 4.339214502662756e-6 0.0014135482690498568 0.0009984717224249887 8.3235947733055e-5 0.0032032193939941513 0.0032061401028823486 -0.00016521459259983786 11086.792061868335 6.049694798788216e8
4050 34645.62527526978 8.56252713420225 4.338259209075722e-6 0.0014194801680766113 0.001003593693290671 8.320335066602712e-5 0.0032241971920272065 0.003227137028563847 -0.00016488110092490515 11086.792061868471 6.049694798095183e8
4100 35073.75144423413 8.562518727124461 4.337901673900091e-6 0.0014254766565501532 0.0010087933602175325 8.28718652053564e-5 0.0032452898262184415 0.003248248895103437 -0.00016453028835954712 11086.792061868746 6.049694797389816e8
4150 35501.87707969938 8.562506866437474 4.337128523749753e-6 0.0014314256597696051 0.0010139825676372175 8.247453108521298e-5 0.003260353889083269 0.00326332669344056 -0.00016417796005024752 11086.792061868457 6.049694796686263e8
4200 35930.00214462271 8.562496259006135 4.335438987862431e-6 0.0014373395639333212 0.001019158063985501 8.270340221720633e-5 0.003269725671076513 0.0032727070206681245 -0.00016382517924769995 11086.79206186845 6.04969479598412e8
4250 36358.12670274637 8.562486035375974 4.333510216494677e-6 0.0014432331082683933 0.0010243223296339552 8.305356996457351e-5 0.003273384900052662 0.0032763695861476962 -0.00016346187825840556 11086.792061868506 6.049694795283698e8
4300 36786.25069574312 8.562473536875922 4.3322868948525515e-6 0.001449114982571881 0.0010294930258315496 8.26221661932003e-5 0.003271450686419365 0.0032744336088902353 -0.0001630881170867653 11086.792061868262 6.049694794584534e8
4350 37214.374029332925 8.56246025370381 4.3319326378054035e-6 0.0014549771638322918 0.0010346747556551359 8.185379625718741e-5 0.0032814981895683323 0.003284490273395533 -0.00016271559201023284 11086.792061868546 6.049694793887267e8
4400 37642.496754692394 8.562449615179778 4.332024432396611e-6 0.0014608008677153485 0.001039847390865958 8.166039319230145e-5 0.003290127229717993 0.003293127181543927 -0.00016234897965354542 11086.792061868415 6.049694793191344e8
4450 38070.61905455321 8.562443277500972 4.332295469814177e-6 0.001466582653040071 0.0010449995209833936 8.145842702258151e-5 0.0032935175655784796 0.00329652060871824 -0.00016198452350304723 11086.792061868717 6.049694792496977e8
4500 38498.74116062186 8.562441863407 4.332697116685517e-6 0.0014723421804579933 0.001050154942472688 8.118335582007173e-5 0.0032918755256936723 0.0032948770716208107 -0.00016162233729185457 11086.792061868156 6.049694791804305e8
4550 38926.86333149547 8.56244577646275 4.333064760618901e-6 0.0014780957981836435 0.0010553470575780572 8.113640971561086e-5 0.0032855239736762376 0.003288519728229479 -0.00016126433027303098 11086.792061868307 6.049694791113158e8
4600 39354.9858278433 8.562454667339706 4.333393592005568e-6 0.001483839081127616 0.0010605805227856442 8.101561155056133e-5 0.0032822644907268906 0.00328525727327362 -0.00016090562485897972 11086.792061868422 6.049694790423529e8
4650 39783.108880168336 8.562467818406132 4.3341238416139804e-6 0.0014895608823006874 0.0010658411955645232 8.07361600013489e-5 0.0032866594331965853 0.003289656223067497 -0.0001605436563691639 11086.79206186861 6.049694789735354e8
4700 40211.23268408591 8.562484517781689 4.3355727389518775e-6 0.0014952584385063117 0.0010711274573272061 8.049104380088833e-5 0.0032864909283583025 0.0032894875645824787 -0.00016018584157239556 11086.792061868533 6.049694789048824e8
4750 40639.357389406076 8.562503572367108 4.337500804553062e-6 0.0015009366945714692 0.001076450948902591 8.021247421089772e-5 0.0032820672619306634 0.0032850598646422054 -0.00015983898704327712 11086.792061868287 6.049694788363748e8
4800 41067.48307192983 8.562523304863014 4.339604848841114e-6 0.0015066011786771458 0.0010818239807840753 7.992324930216333e-5 0.0032737136043546914 0.0032766985901631156 -0.0001594999024171574 11086.792061868306 6.049694787680193e8
4850 41495.609723321504 8.562542092815061 4.341725339615621e-6 0.001512252019124344 0.0010872542148893931 7.972299862022068e-5 0.0032617525503793416 0.003264726630045818 -0.00015916317455811 11086.792061868471 6.049694786998099e8
4900 41923.737258420595 8.562558461527535 4.344509530513092e-6 0.0015178860633189165 0.0010927406820048222 7.951844812063246e-5 0.0032465016665862855 0.0032494618404331566 -0.00015883070544355407 11086.792061868655 6.049694786317327e8
4950 42351.865520753534 8.562571047478555 4.347933120108803e-6 0.0015235044632464256 0.0010982836436142676 7.926527683878987e-5 0.00322826902365937 0.0032312125729115223 -0.00015850663991895923 11086.792061868431 6.049694785638059e8
5000 42779.99429077851 8.562578688459451 4.351221538418451e-6 0.001529111176483408 0.0011038918133457662 7.903139792513507e-5 0.003231744655428696 0.0032346913737779665 -0.00015819097533996968 11086.792061868424 6.049694784960225e8
5050 43200.0 0.439284550913726 4.354928320596857e-6 0.0015346011023839852 0.0011094633946033892 7.8818358457494e-5 0.0032337898577575724 0.003236738440929764 -0.00015788955568188135 11086.792061868653 6.049694784296222e8
5100 43628.128940050636 8.56257621429856 4.359331497944063e-6 0.0015401862652676811 0.001115216242154065 7.858826711237234e-5 0.0032325368507036436 0.0032354842913786316 -0.0001575921402407574 11086.792061868347 6.049694783620962e8
5150 44056.25751815259 8.562566167828994 4.364061004341302e-6 0.0015457608227144343 0.0011210439678881177 7.835997898888228e-5 0.0032281539663335224 0.0032310974106743214 -0.00015730479604181475 11086.792061868691 6.04969478294695e8
5200 44484.38544856692 8.56255040696515 4.369357550202332e-6 0.0015513265404522535 0.0011269467825257991 7.814170329784736e-5 0.003226180466282976 0.003223824313690565 -0.00015702799742015267 11086.79206186843 6.049694782274153e8
5250 44912.51245027555 8.562529293959402 4.375170559641382e-6 0.001556886035547534 0.0011329280200589634 7.792238694535133e-5 0.0032383237739605493 0.003213892751536528 -0.00015676319426985878 11086.792061868278 6.049694781602193e8
5300 45340.63829173639 8.562504380426597 4.38118817134639e-6 0.0015624406607105557 0.0011389924935378932 7.770249423754712e-5 0.003247474746991487 0.0032015195466076835 -0.00015651073365326976 11086.792061868571 6.049694780931834e8
5350 45768.76282415505 8.562477156508328 4.387415664117667e-6 0.0015679910059870274 0.001145141138516331 7.748814226775751e-5 0.0032535716812722936 0.0031869437438143654 -0.0001562704427198747 11086.792061868595 6.049694780262177e8
5400 46196.88595789361 8.562448669157433 4.394378993686621e-6 0.0015735384171591128 0.0011513716241953044 7.727693065959873e-5 0.0032565575135656047 0.003182538086733349 -0.0001560430797754278 11086.792061868236 6.049694779593683e8
5450 46625.00767006382 8.56242061937803 4.4019350358451045e-6 0.0015790844135226184 0.001157683987244527 7.706507419329502e-5 0.0032563903247469017 0.003177553018230637 -0.00015582928774040774 11086.792061868466 6.049694778926251e8
5500 47053.12803012012 8.562394772363076 4.409794497958625e-6 0.0015846295434299548 0.0011640797346321526 7.685433776270377e-5 0.003253031651602709 0.003170280506950646 -0.00015562884455842883 11086.792061868317 6.049694778259364e8
5550 47481.24717868538 8.562372269599226 4.418344202138097e-6 0.0015901742173446524 0.0011705582269193196 7.6646733443652e-5 0.0032464469145050026 0.0031609902411893205 -0.0001554417336438946 11086.792061868227 6.049694777593579e8
5600 47909.36531392451 8.562354394913163 4.427371074033975e-6 0.0015957196230296136 0.0011771178159909474 7.64398818651206e-5 0.003236617783439224 0.0031499763172073416 -0.00015526840997239804 11086.792061868453 6.049694776928513e8
5650 48337.48270400004 8.56234253511787 4.436504155754221e-6 0.0016012663787461465 0.001183756997334486 7.623194919883942e-5 0.003238523826468252 0.003137211256169407 -0.0001551086169648707 11086.79206186814 6.04969477626403e8
5700 48765.599672974844 8.562337500353635 4.4460419335515004e-6 0.0016068139249672305 0.001190474499135541 7.602464190604564e-5 0.003242762560492724 0.003122736884662882 -0.00015496170903272238 11086.792061868478 6.049694775600418e8
5750 49193.716573310354 8.562339703783378 4.456043392253393e-6 0.001612361824758534 0.0011972686682627496 7.58177305175064e-5 0.0032438950117619743 0.0031186194449457326 -0.00015482747775792257 11086.792061868318 6.049694774937092e8
5800 49621.83377484273 8.562349426638315 4.466524273406485e-6 0.0016179095858224776 0.0012041355949548602 7.560970551577982e-5 0.003241883977941392 0.0031136068710507776 -0.0001547056487119935 11086.792061868655 6.049694774274755e8
5850 50049.951654941004 8.562366665374991 4.477483724327376e-6 0.0016234560736463131 0.0012110718039340651 7.540285655291011e-5 0.003236697812423301 0.00310704639799092 -0.00015459533234344288 11086.792061868431 6.049694773612452e8
5900 50478.07058183858 8.562391070523343 4.488851608221667e-6 0.001628999846203896 0.0012180752698072183 7.519729743250314e-5 0.0032282970331785473 0.0030989697153087155 -0.0001544955980199298 11086.792061868333 6.049694772950901e8
5950 50906.190898190434 8.562421976873235 4.500540995709033e-6 0.0016345396611254187 0.0012251420540191006 7.498876435814954e-5 0.003216660190163593 0.0030895806697300065 -0.00015440556185593692 11086.792061868231 6.049694772289729e8
6000 51334.312905848055 8.56245843423329 4.512515537763998e-6 0.0016400739479600713 0.0012322662977845703 7.477745610654895e-5 0.0032017844122291233 0.0030788339253539545 -0.00015432388660701992 11086.792061868247 6.0496947716287e8
6050 51762.43685365637 8.562499287529043 4.52489022950131e-6 0.0016456004514650462 0.0012394433686977846 7.456613761941293e-5 0.003192045177873732 0.003066507657702652 -0.0001542489285322655 11086.792061868287 6.049694770968316e8
6100 52182.50100097249 8.562542340999475 4.537363447552565e-6 0.0016510134989066766 0.001246532688229393 7.43611703083939e-5 0.0032078256723849343 0.0030527961506382805 -0.00015418033845866161 11086.792061868602 6.04969477032038e8
6150 52610.62927249728 8.562587734902207 4.550391188368925e-6 0.0016565194634780647 0.0012537996659158967 7.415598495536449e-5 0.0032211201932271136 0.0030370877226111657 -0.0001541137100205135 11086.792061868617 6.04969476966048e8
6200 53038.759818736035 8.562633064148105 4.5636542434613765e-6 0.0016620126444896717 0.0012611014276081524 7.399773385349719e-5 0.0032315335057369124 0.003038481446997956 -0.0001540483398046036 11086.79206186829 6.049694769000852e8
6250 53466.8925956716 8.56267672880488 4.577125150700131e-6 0.0016674910514073756 0.0012684324182358365 7.384552106144944e-5 0.0032389837669069164 0.0030407635537127065 -0.0001539821922974013 11086.792061868196 6.049694768341427e8
6300 53895.02747917066 8.562717128215773 4.590788716907436e-6 0.0016729533186721557 0.0012757862831002356 7.369294786114812e-5 0.0032434016710846413 0.0030415685187180526 -0.00015391306801506213 11086.792061868382 6.049694767682271e8
6350 54323.16426669412 8.562752746785312 4.604653262187467e-6 0.0016783986338319247 0.0012831544552883475 7.356014669463759e-5 0.0032447337520727297 0.003040726066287634 -0.00015383849699244782 11086.792061868444 6.049694767023586e8
6400 54751.30268437692 8.56278225043793 4.618733099455554e-6 0.0016838262114462353 0.0012905290116405417 7.343084860002018e-5 0.003242921031630801 0.0030379956663925526 -0.00015375605099630658 11086.79206186843 6.049694766365174e8
6450 55179.44239638009 8.562804488617877 4.63301588565962e-6 0.0016892356433685803 0.0012979031164615867 7.32889404384685e-5 0.0032379340087107357 0.0030331227338094005 -0.0001536635081465772 11086.792061868568 6.049694765706843e8
6500 55607.58301446321 8.562818523596924 4.647475034633126e-6 0.0016946274477393996 0.0013052686758076267 7.315414255574278e-5 0.0032297639250967814 0.0030258485446458985 -0.0001535586104047961 11086.79206186851 6.049694765049224e8
6550 56035.72411051282 8.562823699804126 4.662075731864166e-6 0.0017000026795557916 0.001312617710077049 7.302866869664124e-5 0.0032183497949021655 0.003015872152117725 -0.00015343915748844083 11086.792061868367 6.049694764392209e8
6600 56463.8652309341 8.562819642095064 4.676779727288745e-6 0.0017053622588135075 0.0013199443191912559 7.289408187209303e-5 0.00320363820925253 0.0030131275007571944 -0.00015330346578942345 11086.792061868433 6.049694763735332e8
6650 56892.00590998704 8.562806235625374 4.691659155807708e-6 0.0017107071216968302 0.0013272415883692668 7.275931796902863e-5 0.003185661482012925 0.003014490340850548 -0.00015315012226633414 11086.792061868657 6.049694763079454e8
6700 57320.14568325097 8.56278364514713 4.706585583217766e-6 0.001716039150752924 0.0013345013224363403 7.263604170410631e-5 0.003190959783420929 0.0030131976809359322 -0.00015297790203602717 11086.792061868815 6.04969476242407e8
6750 57748.28410148578 8.562752300831233 4.721503091231442e-6 0.0017213609466855638 0.0013417174973700064 7.251147151438029e-5 0.0031942481285047544 0.003008924128464877 -0.0001527860224676015 11086.792061868528 6.049694761769376e8
6800 58176.42074284959 8.562712859991478 4.736719469499675e-6 0.001726674722562365 0.001348885996024002 7.238006840512508e-5 0.0031944934100716148 0.003001363358253546 -0.00015257426707474583 11086.792061868577 6.049694761115948e8
6850 58604.55522392898 8.56266619668295 4.7520023546077185e-6 0.0017319825568975426 0.0013560028467784443 7.225295025358074e-5 0.0031954970462531344 0.0029902459852366916 -0.00015234286013961375 11086.792061868317 6.049694760463165e8
6900 59032.687209961565 8.562613370010693 4.767165098320485e-6 0.0017372868399833671 0.0013630639182296283 7.21339314704367e-5 0.003239306991319892 0.0029845606797504563 -0.0001520927356193459 11086.792061868444 6.049694759811391e8
6950 59460.816422587064 8.562555565378643 4.782579552163301e-6 0.0017425904601732895 0.0013700666461015658 7.201584031981725e-5 0.0032998044390574665 0.0029858724511936416 -0.00015182533234893092 11086.792061867942 6.04969475916087e8
7000 59888.94264492717 8.562494048177747 4.798235392710413e-6 0.0017478959645083757 0.001377010127498148 7.189527708275873e-5 0.003360878923654353 0.002983713333902824 -0.0001515424580472391 11086.792061868484 6.049694758511468e8
7050 60317.065724686305 8.562430133498284 4.81366013488417e-6 0.001753204728625154 0.0013838945143742633 7.177659455190104e-5 0.003422525844805139 0.002977808234402426 -0.00015124673408218616 11086.792061868437 6.049694757863216e8
7100 60736.871559393934 8.562366459036921 4.829142733166806e-6 0.001758415030668551 0.0013905867231875052 7.166358673286085e-5 0.0034835072296984914 0.0029681207574661097 -0.00015094699521708572 11086.792061868467 6.049694757228773e8
7150 61164.988231188385 8.56230187235751 4.845828121607296e-6 0.00176373500634309 0.001397352132237174 7.154712211924276e-5 0.003546224039961283 0.002954028987733989 -0.000150634050509805 11086.792061868417 6.049694756583366e8
7200 61593.10170961371 8.562238886526256 4.861842852063637e-6 0.001769062253849316 0.0014040640325983153 7.142754023590277e-5 0.0036094727219729075 0.002935500774975082 -0.00015031682442929084 11086.792061868307 6.049694755939163e8
7250 62021.212103761965 8.562178634146912 4.877811554736276e-6 0.0017743964411099146 0.001410724060219561 7.130838193802353e-5 0.003673240240819769 0.002935698102694295 -0.00014999877766339563 11086.792061868471 6.049694755296401e8
7300 62449.31957911493 8.56212224018906 4.895115797634346e-6 0.0017797374222578773 0.0014173329709199958 7.119185781527147e-5 0.0037374990825550392 0.0029432281791204194 -0.00014968276545388934 11086.792061868386 6.04969475465493e8
7350 62877.42435446599 8.562070674734704 4.912238342331262e-6 0.0017850848416874072 0.001423900695883751 7.107597199226067e-5 0.003802223648042782 0.002946824887758659 -0.0001493715088821476 11086.792061868393 6.049694754014641e8
7400 63305.52669033239 8.562024660733542 4.929547722243512e-6 0.0017904367145269268 0.0014304310584901498 7.095797490371448e-5 0.0038673969501535005 0.0029461887651823096 -0.00014906781996972847 11086.792061868484 6.049694753375887e8
7450 63733.6268816717 8.561984885853287 4.947574808772688e-6 0.0017957907328486787 0.0014369284525351364 7.083864135601756e-5 0.003933005457816155 0.002941059178756891 -0.00014877411914253555 11086.792061868586 6.049694752738327e8
7500 64161.725256931546 8.56195195805432 4.965586094062196e-6 0.0018011453240711708 0.0014434021196810462 7.075195187831976e-5 0.003999026527088338 0.002931216229312268 -0.00014849215343734642 11086.79206186826 6.049694752102063e8
7550 64589.82216704604 8.561926158089317 4.983742153178793e-6 0.0018064980761993495 0.001449858136046224 7.069421457399824e-5 0.004065427918809829 0.0029170432599192418 -0.0001482234713024621 11086.792061868666 6.04969475146702e8
7600 65017.91797077347 8.561907572270966 5.0025018679920484e-6 0.0018118447112029233 0.0014563028348770607 7.063258832718787e-5 0.00413218242075137 0.0029205345731378243 -0.00014796924626874804 11086.792061868407 6.049694750833036e8
7650 65446.01303106708 8.561896283700237 5.021879000033018e-6 0.0018171810432089665 0.0014627438901908007 7.05682547793084e-5 0.00419926760281668 0.0029193480481585275 -0.00014773004737667474 11086.792061868551 6.049694750200096e8
7700 65874.10771242862 8.561892243666701 5.041511403223293e-6 0.0018225036939597838 0.0014691886944206856 7.050502833571124e-5 0.004266654514990415 0.0029132242479457233 -0.00014750608359352698 11086.79206186854 6.049694749568089e8
7750 66302.20237200716 8.561895228001516 5.061595007065141e-6 0.0018278085959100908 0.0014756422545417725 7.044218288078838e-5 0.0043343103828877546 0.0029019953565614307 -0.00014729741242385585 11086.792061868506 6.049694748937069e8
7800 66730.297354223 8.561904966291202 5.081886620061406e-6 0.001833091426031643 0.0014821112265612152 7.03773770663771e-5 0.0044022026576704 0.002885605336515493 -0.0001471038263770175 11086.792061868633 6.049694748306988e8
7850 67158.39298832267 8.561921101615207 5.10223120752799e-6 0.0018383478108116576 0.0014886020689135078 7.031187586269896e-5 0.0044702928276010336 0.002879671382317572 -0.00014692490784192543 11086.79206186852 6.049694747677635e8
7900 67586.48958148382 8.561943116335874 5.122868091919517e-6 0.001843573041394091 0.0014951185106695764 7.02474656322571e-5 0.004538537767462336 0.002877119689573201 -0.00014676039900347746 11086.792061868377 6.049694747049007e8
7950 68014.58741336378 8.561970456266891 5.143889631216096e-6 0.0018487620968779717 0.0015016631869762388 7.018317339403854e-5 0.004606899053543536 0.002869306136094381 -0.00014661014704764328 11086.79206186812 6.04969474642094e8
8000 68442.68673710224 8.562002607257986 5.165312887932697e-6 0.0018539100715189568 0.001508238573303497 7.011841740385732e-5 0.004675341010086537 0.0028561033576814422 -0.00014647385856879748 11086.792061868484 6.049694745793625e8
8050 68870.78777893963 8.562038988348379 5.187081373086084e-6 0.0018590125267465107 0.001514846563129514 7.005462665656865e-5 0.004743822634342218 0.002932581687372278 -0.00014635124303688578 11086.792061868602 6.049694745166885e8
8100 69291.24140761736 8.562078178959023 5.208713469976352e-6 0.0018639753465025477 0.0015213689412107198 6.999336294612841e-5 0.004811077676671106 0.003012308901489848 -0.00014624413455778702 11086.792061868327 6.049694744551727e8
8150 69719.34639629311 8.562120940508924 5.230992804240036e-6 0.0018689749471893851 0.0015280424411181373 6.993172542253247e-5 0.004879514425907913 0.00308828938888777 -0.00014614868430961025 11086.79206186861 6.049694743925974e8
8200 70147.45358310682 8.562165953998136 5.253497795771426e-6 0.0018739166653793183 0.0015347468434561903 6.987117516560067e-5 0.0049478679643635065 0.0031588045242441575 -0.00014606673325931032 11086.792061868457 6.049694743300468e8
8250 70575.56306432713 8.562212576134376 5.276231836316841e-6 0.0018787965920639815 0.001541479103941289 6.98110491478024e-5 0.005016095963100901 0.003223647702948804 -0.00014599795700622888 11086.792061868353 6.049694742675204e8
8300 71003.67490396187 8.562260168085407 5.299188115289232e-6 0.001883610975786104 0.0015482355757021318 7.031301539520092e-5 0.005084165920851967 0.003282617695851432 -0.0001459421202296881 11086.792061868638 6.04969474205042e8
8350 71431.78913520102 8.56230813819298 5.322360446710015e-6 0.0018883568994233647 0.0015550118579261674 7.110713046073306e-5 0.005152049923926477 0.0033355250226045716 -0.00014589877016656644 11086.792061868373 6.049694741425475e8
8400 71859.90576268568 8.562355930158978 5.3457207487630985e-6 0.001893032210593133 0.0015618028161166135 7.177389555867166e-5 0.0052197128493291865 0.003382202469362423 -0.00014586703664844642 11086.792061868478 6.049694740801165e8
8450 72288.02476373511 8.5624030091277 5.369259003526952e-6 0.0018976346994815608 0.001568603254691481 7.232673276555327e-5 0.0052871203940009015 0.0034225030131432178 -0.00014584584196032082 11086.792061868407 6.04969474017663e8
8500 72716.1460901273 8.562448893645948 5.392998126352837e-6 0.0019021622887578007 0.001575407973273351 7.277512846949124e-5 0.005354241357729685 0.00345629106099632 -0.00014583402839427157 11086.792061868338 6.049694739552289e8
8550 73144.26967133877 8.562493169157692 5.4169812628235074e-6 0.0019066138817740053 0.0015822110684094886 7.31137879010777e-5 0.005421042358150078 0.0034834445879858324 -0.00014583023937550388 11086.792061868582 6.049694738927964e8
8600 73572.39541722876 8.56253546031878 5.44113447410462e-6 0.00191098926847376 0.0015890065196297312 7.3342945627255e-5 0.005487505770121071 0.0035038635665661905 -0.00014583293659670664 11086.792061868453 6.049694738303608e8
8650 74000.52321977228 8.562575430694803 5.465434645543973e-6 0.0019152884129533933 0.0015957888140361739 7.34658118272772e-5 0.005553625763977354 0.0035174645444756816 -0.00014584058976756752 11086.792061868504 6.049694737679259e8
8700 74428.65295577238 8.562612811567224 5.48991054549081e-6 0.0019195117707599726 0.0016025527190646066 7.348223405675831e-5 0.005619369892752442 0.0035241738375297255 -0.00014585178228253414 11086.792061868739 6.049694737054904e8
8750 74856.7844902214 8.562647392370032 5.514444160430274e-6 0.0019236606037954093 0.0016092935414637611 7.410241327812701e-5 0.005684692574988689 0.0035239415830790183 -0.0001458651642297622 11086.79206186856 6.049694736430218e8
8800 75284.91767835838 8.562678990575149 5.539049742938131e-6 0.0019277360996471423 0.001616007394113546 7.463323488949411e-5 0.005749573157277196 0.003516747755172915 -0.00014587938811319058 11086.792061868595 6.049694735805904e8
8850 75713.05236715804 8.56270746223992 5.5638445397063966e-6 0.0019317394441973129 0.0016226905805356232 7.504246192700562e-5 0.005813992272258227 0.0035025803835072766 -0.00014589317212659457 11086.792061868495 6.04969473518129e8
8900 76141.18839788408 8.562732722105308 5.588653902196908e-6 0.0019356729219385212 0.001629339026260161 7.53273048321281e-5 0.00587791614757096 0.0034814324847637556 -0.000145905408246054 11086.792061868606 6.04969473455669e8
8950 76569.32560873257 8.562754727099911 5.613418293089746e-6 0.0019395394601187865 0.0016359490006045336 7.549004940895528e-5 0.005941326113959163 0.0034533260230307753 -0.00014591505525674288 11086.792061868355 6.04969473393202e8
9000 76997.46322985017 8.562739348388106 5.6384751786672475e-6 0.001943341580445107 0.0016425178807538796 7.553347613901129e-5 0.006004204109328387 0.0034183089850003266 -0.00014592094211136175 11086.792061868584 6.049694733307109e8
9050 77425.59932383068 8.562704396612082 5.6635480947658705e-6 0.0019470821450832732 0.0016490441211147937 7.545872633820377e-5 0.006066505555123192 0.0034567957531743973 -0.00014592191322744066 11086.792061868106 6.049694732682501e8
9100 77845.62670237404 8.562666680398072 5.687955553679774e-6 0.0019506951000399849 0.0016554035376871003 7.575832282074135e-5 0.006127031427841182 0.0034988907242051357 -0.00014591714236267592 11086.792061868355 6.049694732069526e8
9150 78273.75901312432 8.56262639296044 5.713036378483999e-6 0.00195432251855376 0.0016618399096725853 7.605959860126591e-5 0.006188105704477304 0.003536220467993444 -0.00014590541326251876 11086.79206186856 6.049694731444848e8
9200 78701.88930083554 8.562586076617201 5.738287328824169e-6 0.001957896945371352 0.0016682293249538154 7.624129157075601e-5 0.006248530916568264 0.003567824835242065 -0.00014588547800473245 11086.792061868524 6.049694730820043e8
9250 79130.01761302871 8.562547654426176 5.763386761413925e-6 0.00196142183263712 0.0016745704702964914 7.630480462875716e-5 0.006308267886707653 0.0035936079026958855 -0.00014585608191469877 11086.792061868144 6.049694730195637e8
9300 79558.14409244459 8.562512987747223 5.78844820476764e-6 0.001964900553262651 0.0016808617569164003 7.625621274738055e-5 0.006367282983761265 0.0036134888763376056 -0.00014581610287507554 11086.792061868387 6.049694729571369e8
9350 79986.26897063047 8.562483759077905 5.813804214875982e-6 0.001968335964903018 0.0016871026911791144 7.610475969133277e-5 0.0064255442692903765 0.003627416076407101 -0.00014576447194404113 11086.792061868306 6.049694728947138e8
9400 80414.3925576112 8.562461421275072 5.838935761121166e-6 0.001971731304450019 0.0016932936705104714 7.585603001217467e-5 0.006483018179473882 0.0036353538630947532 -0.00014570011265398444 11086.792061868571 6.04969472832323e8
9450 80842.51522856038 8.562447115419653 5.863813105628499e-6 0.001975089728704571 0.001699433439510173 7.584892951595574e-5 0.006539674464787924 0.0036372597978667318 -0.00014562169872953535 11086.792061868344 6.049694727699673e8
9500 81270.63740567816 8.562441580910328 5.889201967781726e-6 0.0019784137212431833 0.0017055203691714322 7.640573456448798e-5 0.006595475746847429 0.00363308270619592 -0.00014552779290893762 11086.792061868635 6.049694727076405e8
9550 81698.75953763511 8.562445149619062 5.914453933254673e-6 0.001981706101732941 0.001711555448967676 7.68334961170755e-5 0.006650380113557743 0.0036228266647475014 -0.0001454177718492334 11086.792061868799 6.049694726453674e8
9600 82126.88207962367 8.56245775596845 5.939467897622718e-6 0.0019849697541356455 0.0017175372195197655 7.713907805187611e-5 0.006704359980049396 0.0036066065776082508 -0.00014529192497691874 11086.792061868493 6.049694725831281e8
9650 82555.00547290346 8.562478914855962 5.9645579499177605e-6 0.0019882089162832407 0.001723462556591739 7.732628325837414e-5 0.006757383388323736 0.0035845062452782507 -0.00014514972543010007 11086.792061868644 6.049694725209634e8
9700 82983.13012436719 8.562507758165166 5.989498192906986e-6 0.0019914282208805274 0.0017293323103419042 7.739987434710185e-5 0.006809379939762153 0.0035563699279506527 -0.0001449888606460087 11086.792061868513 6.049694724588581e8
9750 83411.2563896566 8.562543120987419 6.014551361909517e-6 0.0019946280737103373 0.0017351501250724292 7.73671407027414e-5 0.006860283349336276 0.003521976910935703 -0.00014480769219547756 11086.792061868451 6.0496947239681e8
9800 83839.38455908 8.562583555055545 6.03992090613596e-6 0.001997805528116622 0.0017409159700036627 7.724111642074888e-5 0.006910118755203052 0.0034815067670611456 -0.0001446083624560884 11086.792061868502 6.049694723348448e8
9850 84267.51484282514 8.562627316812044 6.065557292423068e-6 0.0020009628421183436 0.0017466223668540382 7.704076415585641e-5 0.0069589554144993794 0.003435530078585306 -0.00014439534738539605 11086.792061868686 6.049694722729872e8
9900 84695.64735911979 8.562672515440147 6.091035416078441e-6 0.002004112630312681 0.0017522629623419293 7.677639441174771e-5 0.007007263982077472 0.003452379847485143 -0.00014417049930872829 11086.792061868526 6.049694722112234e8
9950 85123.78084895175 8.56266221296031 6.115875793670564e-6 0.0020072674341540617 0.0017578423069842905 7.682097893088008e-5 0.007060877868072912 0.0034889468951409368 -0.00014393165439268826 11086.79206186834 6.049694721495469e8
10000 85551.9135660873 8.5626469172876 6.140202204578862e-6 0.0020104246114325697 0.0017633703534007613 7.689568857521485e-5 0.007113431370879861 0.0035452006658294047 -0.0001436777183766104 11086.79206186829 6.049694720879724e8
10050 85980.04554066036 8.562632504784734 6.1648205625493725e-6 0.0020135700808297085 0.0017688469538594263 7.688235179496885e-5 0.007165088975214967 0.0035965789977015356 -0.0001434135039242505 11086.792061868542 6.049694720265226e8
10100 86400.0 0.3858011369156884 6.190040129401196e-6 0.002016639871866262 0.0017741546799472313 7.75607937024313e-5 0.007215003732239455 0.0036424235625219883 -0.00014315241981030773 11086.792061868377 6.04969471966353e8
10150 86828.13064262622 8.562606930008407 6.216899859415003e-6 0.0020197682551169314 0.0017794856149370567 7.85771793587551e-5 0.007265019123927384 0.0036844714315408633 -0.00014288959978746077 11086.792061868426 6.049694719051083e8
10200 87256.26071254171 8.562596450895505 6.244238657986424e-6 0.002022913103454671 0.0017847390998206234 7.944838249463827e-5 0.007313994685830849 0.0037215503084643857 -0.0001426303688809075 11086.792061868578 6.049694718439914e8
10250 87684.39031954823 8.562588403281099 6.271338146871142e-6 0.0020260755418572145 0.0017899367537520196 8.017862847648355e-5 0.007361875848319971 0.0037534978086467235 -0.00014237409936659342 11086.792061868184 6.049694717829899e8
10300 88112.51958230216 8.562582517669481 6.29806872765003e-6 0.002029245200341734 0.0017950951057987257 8.076531525473017e-5 0.007408654442388385 0.003780271441748204 -0.00014212398779371615 11086.792061868542 6.049694717220737e8
10350 88540.64858897578 8.562578032630471 6.324895692762811e-6 0.002032420970736698 0.0018002027258368105 8.1207322220873e-5 0.007454300678822867 0.0038018270014310326 -0.0001418862700067749 11086.792061868084 6.049694716612941e8
10400 88968.77740416974 8.562574930824013 6.352395221989611e-6 0.002035614939207087 0.0018052293160152671 8.155655134670133e-5 0.007498827112235024 0.003818093339868094 -0.00014166499831762367 11086.792061868324 6.049694716005963e8
10450 89396.90611885554 8.562574138538439 6.380668448789844e-6 0.002038833755241348 0.0018101639774672264 8.188506411984567e-5 0.007542280766193674 0.0038290399621076156 -0.00014145882428409932 11086.792061868511 6.049694715399868e8
10500 89825.03486752791 8.562576231211818 6.409128284193494e-6 0.0020420684097149865 0.0018150357234531461 8.277185577499783e-5 0.007584588644174804 0.0038347033646550094 -0.0001412636482857503 11086.792061868655 6.049694714794582e8
10550 90253.1637846324 8.562580679145283 6.437060183966758e-6 0.0020453116449492613 0.0018198824605466762 8.332332132582225e-5 0.007625555613491131 0.0038351488320513072 -0.0001410780755034305 11086.792061868646 6.049694714190216e8
10600 90681.29296674662 8.562586719185406 6.464651258655669e-6 0.002048577001687654 0.001824703613786752 8.347419896800595e-5 0.007665135022693963 0.0038303850744336094 -0.00014090519009062505 11086.792061868466 6.04969471358663e8
10650 91109.42248790534 8.562594244461703 6.493245086643575e-6 0.0020518864719497867 0.0018294615512122342 8.357323779360818e-5 0.007703520757173026 0.003820296174984972 -0.00014074915127677316 11086.792061868158 6.049694712983674e8
10700 91537.55242800059 8.562603461842995 6.524110332652966e-6 0.002055240703061295 0.0018341332774711207 8.394167015422115e-5 0.007740812395896125 0.0038047349785361806 -0.00014061066397725642 11086.792061868364 6.049694712381457e8
10750 91965.68287089613 8.562614275451015 6.5568417156545035e-6 0.0020586155170159593 0.0018387421752133965 8.44284680672895e-5 0.007776830949787733 0.003783745328901979 -0.000140486441915712 11086.792061868484 6.049694711779723e8
10800 92393.81348636345 8.562597298079798 6.5894376837920025e-6 0.002061992449291069 0.0018433265291380662 8.45908414034327e-5 0.0078114218514578415 0.0037575856336778688 -0.00014037315147451685 11086.792061868176 6.049694711178479e8
10850 92821.94227775991 8.562555345395273 6.620375614780933e-6 0.0020653817644543425 0.0018478912269564263 8.425182709352529e-5 0.00784462384456793 0.003728460075476532 -0.000140270963373203 11086.792061868433 6.04969471057768e8
10900 93250.06902173786 8.562515906536106 6.650422349166348e-6 0.0020688071734158834 0.0018524107892759823 8.381351695041077e-5 0.007876448563885112 0.003715516908503392 -0.00014018263198449686 11086.792061868331 6.049694709977503e8
10950 93678.19392502542 8.562481971298563 6.681781288233955e-6 0.002072275374360229 0.0018568722380784533 8.453383713320089e-5 0.007906859237440608 0.0036964707728494627 -0.00014011027186822846 11086.792061868446 6.049694709377462e8
11000 94106.31729267733 8.56245423591207 6.7153794686956425e-6 0.002075770829309624 0.0018612897435522104 8.531110500672698e-5 0.00793593216027443 0.003671346971627876 -0.00014005405176713571 11086.792061868622 6.049694708777627e8
11050 94534.43940545182 8.562431466389283 6.749786406303593e-6 0.002079276430516769 0.0018656787894294337 8.595181027416519e-5 0.007963678511187292 0.0036404288597919328 -0.00014001254574234431 11086.792061868386 6.049694708178252e8
11100 94962.56049440356 8.562413291657238 6.783231150465115e-6 0.002082789726142343 0.0018700416795607289 8.625668530706708e-5 0.007989891764135308 0.0036038380834125285 -0.00013998355065871458 11086.792061868588 6.049694707578808e8
11150 95382.49621282925 8.562400980243233 6.8152733327806595e-6 0.0020862514906841464 0.0018742962602513527 8.659152782634333e-5 0.008014013414591927 0.003562320184219739 -0.00013996615122154998 11086.792061868267 6.049694706990949e8
11200 95810.6160756673 8.56239469302487 6.8487793705415775e-6 0.002089801302893475 0.001878610690896562 8.718840445234594e-5 0.008040035036092602 0.0035143650725142322 -0.00013996095866525274 11086.79206186845 6.049694706391785e8
11250 96238.73577560249 8.562394218843433 6.884009438691096e-6 0.002093363718703728 0.0018828990374728431 8.784332788192997e-5 0.008077339872108293 0.0034851507989280502 -0.00013997021212645453 11086.792061868478 6.049694705792634e8
11300 96666.85558704314 8.562399006195854 6.920321541703204e-6 0.0020969252487775926 0.0018871578060600696 8.851925133424367e-5 0.008113657138520573 0.003502030602548871 -0.00013999312766195939 11086.792061868347 6.049694705193281e8
11350 97094.97577028457 8.562408984576058 6.9568276492643715e-6 0.002100482414178548 0.0018913900429867552 8.90384030150992e-5 0.00814880704414582 0.003516087793420041 -0.00014002701349283666 11086.79206186826 6.049694704593911e8
11400 97523.09658064766 8.562423903658388 6.993477810793372e-6 0.0021040408393197276 0.0018956006732604074 8.932902331609039e-5 0.008182829665227926 0.003533431090780075 -0.00014007039510071295 11086.792061868578 6.04969470399423e8
11450 97951.21824770598 8.562443022840942 7.030666512359146e-6 0.002107599821996198 0.0018997927349472146 8.943751993239021e-5 0.008215844751310361 0.0035541641058628674 -0.0001401232756076117 11086.792061868713 6.04969470339448e8
11500 98379.34096001914 8.562465526877276 7.06846956870167e-6 0.002111150127987053 0.0019039702997689515 8.939645559759579e-5 0.008247843555175093 0.003571533715117499 -0.00014018507990773177 11086.792061868307 6.049694702794557e8
11550 98807.46487054233 8.562490808624242 7.106759593190344e-6 0.0021146869886970493 0.0019081372334174686 8.920644418275354e-5 0.008278731002186915 0.003585251140728596 -0.0001402546340296201 11086.792061868406 6.049694702194182e8
11600 99235.59010506688 8.562518353823364 7.145734348046849e-6 0.0021182127168694045 0.001912296141000675 8.888607594516478e-5 0.008308436067987538 0.003595197338441506 -0.00014033191785277346 11086.79206186858 6.049694701593654e8
11650 99663.7167626587 8.562547596895007 7.1858045725838445e-6 0.002121727016129595 0.0019164532150768277 8.84545326085872e-5 0.008336927645982848 0.003601558479680015 -0.00014041763292336437 11086.792061868568 6.049694700992666e8
11700 100091.84491242889 8.56257791338192 7.227010727953246e-6 0.002125225899336857 0.0019206160746149045 8.845171407039882e-5 0.008364206518877964 0.0036044651563158243 -0.00014051108302370798 11086.792061868347 6.049694700391226e8
11750 100519.97459205663 8.562608683803019 7.268979146331912e-6 0.0021287090225818265 0.0019247847788222887 8.848845090666499e-5 0.008390305699556816 0.00360376358694783 -0.00014061036045969277 11086.792061868315 6.049694699789375e8
11800 100948.10514214424 8.562604109362262 7.311456818312295e-6 0.0021321787295639056 0.0019289559101012632 8.837812002857778e-5 0.008415251669358838 0.0036259975973594906 -0.0001407145693639564 11086.792061868324 6.049694699187256e8
11850 101376.2349209517 8.562587546024082 7.354498274788897e-6 0.0021356331876201066 0.0019331356305803433 8.810928113128055e-5 0.008439017868042518 0.0036674736361557705 -0.00014082368627838955 11086.792061868362 6.0496946985846e8
11900 101804.36390010876 8.562572136859762 7.398101348845302e-6 0.0021390680687458892 0.0019373363186181761 8.768734668588322e-5 0.008461542491052354 0.003705553134002642 -0.00014093607526557102 11086.792061868478 6.049694697981385e8
11950 102232.49214285919 8.562558112083096 7.442195841822712e-6 0.0021424833888226526 0.0019415605090003193 8.714275869052288e-5 0.008482785002862219 0.0037402908088149667 -0.00014104836697004464 11086.792061868493 6.049694697377815e8
12000 102660.61972752369 8.56254584476312 7.486781519361888e-6 0.002145882639307652 0.001945801198814622 8.648873371694637e-5 0.008502749788198004 0.003784414972030799 -0.00014115845747284786 11086.792061868498 6.049694696773793e8
12050 103088.74675092999 8.562535664990579 7.53184265790698e-6 0.002149266654582747 0.0019500574042257794 8.640611642105083e-5 0.008521468737242719 0.0038311712637301397 -0.0001412662996661094 11086.792061868397 6.049694696169133e8
12100 103516.87332542878 8.562527919236377 7.577693242635042e-6 0.002152633059587825 0.0019543360808842443 8.652867672890281e-5 0.008538961886816323 0.0038751595391074744 -0.00014137068433100824 11086.792061868564 6.049694695564065e8
12150 103936.8757301835 8.562523231857435 7.623508772542465e-6 0.002155917658620725 0.0019585587980676723 8.652352421752059e-5 0.008554910039856353 0.003915597275652945 -0.00014146612251356982 11086.79206186841 6.049694694970169e8
12200 104365.00183836918 8.562521635288967 7.670816589167397e-6 0.002159248824111358 0.0019628862246459937 8.642049321927605e-5 0.008569897132173775 0.0039540023853496704 -0.00014155365753087967 11086.792061868608 6.049694694364188e8
12250 104793.12793840586 8.56252274193305 7.719059717841124e-6 0.002162563292168162 0.001967235375440925 8.62000012548082e-5 0.00858361130610533 0.00398957446597942 -0.00014163226540430112 11086.792061868064 6.04969469375795e8
12300 105221.25415367374 8.562526209751153 7.768367168174966e-6 0.002165861198060007 0.001971608534140154 8.5818830038518e-5 0.00859607281468198 0.004022330264675752 -0.00014170347180938393 11086.792061868286 6.049694693151706e8
12350 105649.38060962174 8.562532389804117 7.818311771400994e-6 0.002169143997198473 0.001976005901077379 8.526092472330515e-5 0.008607261229736029 0.004052243839812452 -0.00014176635141925457 11086.792061868367 6.04969469254468e8
12400 106077.50744732172 8.562541362160344 7.868705490145403e-6 0.002172412982868113 0.0019804247654033155 8.455455392150498e-5 0.008617156760692747 0.0040792989615094696 -0.00014181959010770796 11086.792061868606 6.049694691937852e8
12450 106505.63479131435 8.562552468493001 7.919673167529704e-6 0.002175668317765664 0.0019848651952535383 8.372700314520994e-5 0.008625777161825143 0.004103520284922692 -0.00014186445227222497 11086.792061868435 6.04969469133039e8
12500 106933.76273247687 8.562565178708594 7.971142616343699e-6 0.0021789110300290153 0.00198932969461425 8.293066502008293e-5 0.008633120996232528 0.004124923043487539 -0.000141903382501631 11086.792061868515 6.049694690722854e8
12550 107361.89134818467 8.562579411366244 8.022844135392715e-6 0.0021821439302773713 0.0019938173341115784 8.246383343561646e-5 0.008639147047221114 0.004143494400752597 -0.0001419371489608855 11086.792061868653 6.049694690115557e8
12600 107790.02071015637 8.562594934077225 8.0749138262856e-6 0.002185369034134453 0.001998323192436762 8.189272781056672e-5 0.008643840012662772 0.004189075677785394 -0.00014196516724750092 11086.792061868298 6.049694689507582e8
12650 108218.15087148102 8.562611302810689 8.127642516147446e-6 0.002188586147748768 0.002002844759299722 8.121890226482616e-5 0.008647221325481371 0.004232520304371514 -0.00014198747424220683 11086.79206186845 6.049694688899863e8
12700 108646.28186682172 8.562628257758574 8.18111441645272e-6 0.0021917948461595625 0.0020073846352151132 8.153277494209684e-5 0.008649286875047008 0.004272477840219536 -0.00014200453489296235 11086.792061868597 6.049694688291913e8
12750 109074.41372112515 8.562645605651381 8.235547192710695e-6 0.002194996218729063 0.0020119453696540524 8.171199816597903e-5 0.008650001603200093 0.004308990802737739 -0.0001420156314923937 11086.792061868282 6.049694687683887e8
12800 109502.54644447354 8.56266293646004 8.290990564823143e-6 0.002198192554411488 0.002016525423356552 8.179144373236188e-5 0.008649353337440947 0.004342098778947029 -0.00014201891882527855 11086.792061868411 6.049694687075847e8
12850 109930.68002379384 8.562679792208582 8.347252793353357e-6 0.002201386152539095 0.002021120579755036 8.176860572865539e-5 0.00864735844405365 0.004371836751198284 -0.00014201281152693144 11086.792061868364 6.049694686467838e8
12900 110358.81442810142 8.562695927311236 8.404266686549386e-6 0.0022045788755986643 0.002025727488003726 8.162421294101755e-5 0.008644018206471702 0.004398245991268035 -0.00014199629430279055 11086.792061868433 6.049694685859823e8
12950 110786.94961812574 8.562711210273953 8.461764818101428e-6 0.0022077721557804517 0.0020303459012744624 8.135357142949811e-5 0.008639314807735344 0.004421378799214367 -0.00014196802754854436 11086.79206186853 6.049694685251963e8
13000 111215.08554530425 8.562725374877726 8.519466810945912e-6 0.002210966223704681 0.002034977090989809 8.095564748589614e-5 0.008633256650300201 0.004441295624845552 -0.00014192628615823403 11086.792061868358 6.049694684644306e8
13050 111643.22214363774 8.562738021051596 8.577488133487948e-6 0.002214160744617208 0.00203962097980098 8.097660177935401e-5 0.008625890001273106 0.00445806414390376 -0.00014187012549132382 11086.792061868427 6.049694684036701e8
13100 112071.35932876832 8.562748853781445 8.63615794618743e-6 0.002217357081264219 0.002044274875418568 8.131846482855567e-5 0.00861725123951684 0.004471750283091723 -0.00014180004329482582 11086.792061868384 6.049694683429348e8
13150 112491.25512152744 8.562757654491461 8.694513314575946e-6 0.0022204964268539855 0.0020488453661883198 8.155855403526315e-5 0.008607543236502648 0.0044822357860466455 -0.00014171880735953886 11086.792061868622 6.049694682834152e8
13200 112919.39319431066 8.562764810042411 8.754738670737964e-6 0.0022237030913004616 0.002053511346961203 8.174849631090422e-5 0.008596380843715248 0.004490001544331038 -0.00014162371234500225 11086.792061868393 6.049694682227739e8
13250 113347.53157821775 8.562770132025681 8.815497259807879e-6 0.0022269137953522936 0.0020581866600420003 8.318500915087216e-5 0.008583958540434726 0.004494895471576823 -0.00014151670377393887 11086.792061868564 6.049694681621655e8
13300 113775.67018114922 8.56277361266204 8.87667711208274e-6 0.0022301286081174497 0.0020628736720660567 8.468014662773222e-5 0.008579350616798915 0.004497006060487082 -0.00014139999216336395 11086.792061868557 6.049694681015948e8
13350 114203.80891299654 8.562775352149579 8.938426016408453e-6 0.00223335280701661 0.002067569373236044 8.604590848593614e-5 0.008573720127709924 0.004496498272994347 -0.0001412775409024589 11086.792061868488 6.049694680410748e8
13400 114631.94769180371 8.5627755584483 9.000957434118539e-6 0.0022365917117671895 0.002072271243774911 8.731319474895071e-5 0.008566951462435012 0.004493287093613551 -0.00014115215415543762 11086.792061868564 6.049694679806119e8
13450 115060.08644577568 8.562774404908174 9.064258738609949e-6 0.0022398429329400222 0.0020769853538676066 8.860129198689796e-5 0.008559076734423958 0.004522192236984842 -0.00014102333212799906 11086.792061868282 6.049694679202186e8
13500 115488.22510895757 8.562771960292174 9.128053378317277e-6 0.002243099611363845 0.0020817218391804356 8.992716485812494e-5 0.008550083902753611 0.004560506404231516 -0.00014088977821475796 11086.79206186816 6.049694678598734e8
13550 115916.36361874954 8.56276832131636 9.19208762733411e-6 0.0022463628192048307 0.0020864823256930573 9.110667128521752e-5 0.008539977923492658 0.004596529017087266 -0.00014075383906338512 11086.792061868478 6.049694677995758e8
13600 116344.5019210008 8.56276372307038 9.25645352176862e-6 0.0022496442402583617 0.0020912597969822934 9.196352641860917e-5 0.008528844556269139 0.004630117539241723 -0.00014062097967216058 11086.792061868278 6.049694677393199e8
13650 116772.63997313105 8.562758332813216 9.321585093812002e-6 0.0022529525840539466 0.0020960534969469715 9.255658772256563e-5 0.008516762203006404 0.004661287128280066 -0.0001404937065299184 11086.792061868033 6.049694676791648e8
13700 117200.77773098263 8.562751883614508 9.387917282254973e-6 0.00225628330044396 0.0021008758687045977 9.311236962049687e-5 0.008503684786224642 0.004690172608177873 -0.00014036817578847447 11086.792061868455 6.049694676190329e8
13750 117628.9151253421 8.562743713278204 9.455441167830464e-6 0.0022596274098205292 0.0021057400980244224 9.379852567086338e-5 0.008489543906491499 0.004716828623166742 -0.00014023902422616045 11086.79206186854 6.049694675589608e8
13800 118057.05205728926 8.562733429658678 9.52365818286171e-6 0.002262985484139849 0.00211064861377396 9.458738721388561e-5 0.008474414231385006 0.004741186020060013 -0.00014010581877475743 11086.792061868095 6.049694674989504e8
13850 118485.18842964272 8.562721511782362 9.592069290358177e-6 0.002266366693136697 0.0021156009427951237 9.527818777224066e-5 0.008458418916943669 0.004763246371741338 -0.00013997157324118745 11086.792061868462 6.049694674390013e8
13900 118913.32418483408 8.562708881466198 9.660512244509567e-6 0.0022697779274411405 0.0021206055901980066 9.567175462394136e-5 0.008441568039083507 0.004783144303048393 -0.0001398361772840545 11086.792061868568 6.049694673791143e8
13950 119341.4592952751 8.56269562092744 9.729311178323065e-6 0.0022732197088646995 0.0021256719763611473 9.576316997433774e-5 0.00842384171819982 0.004800882838214891 -0.00013969605689410764 11086.792061868286 6.049694673192707e8
14000 119769.59369999505 8.56268038825154 9.79888900452413e-6 0.00227669234442201 0.0021307947102296443 9.572642859794935e-5 0.008405275275757027 0.004816186273110253 -0.00013955039488483626 11086.792061868875 6.04969467259471e8
14050 120197.72725681667 8.562661599487505 9.868952257185671e-6 0.0022802017653399476 0.0021359612192524877 9.57138037152409e-5 0.008385863251797736 0.004828855602129728 -0.00013940178857430114 11086.792061868287 6.049694671997784e8
14100 120625.85977842532 8.562639222831036 9.938882545304454e-6 0.002283754232899869 0.002141180371844064 9.57178703844189e-5 0.008365576853288275 0.004839187729458418 -0.00013924975144781563 11086.792061868231 6.049694671401206e8
14150 121045.62617643298 8.562615434109656 1.000753408683336e-5 0.002287274910571181 0.0021463872045689013 9.561314033872849e-5 0.008344895009267826 0.004847598019941679 -0.00013909409201247702 11086.79206186844 6.049694670817095e8
14200 121473.756321809 8.562590871477118 1.0078638354285024e-5 0.0022908916724983437 0.0021518235291061827 9.528170431923981e-5 0.008323038157966173 0.004854523927952638 -0.00013893073409909396 11086.792061868331 6.049694670222025e8
14250 121901.88523198802 8.56256584768687 1.0151076116013591e-5 0.002294532257569541 0.0021573712799041757 9.472998534395966e-5 0.008300342867722202 0.004859137930281181 -0.0001387694917933339 11086.79206186822 6.04969466962731e8
14300 122330.01284699807 8.562538831779664 1.0224835621218481e-5 0.002298212146005683 0.002162972780362914 9.451069772006684e-5 0.008276791419023969 0.004860765798660277 -0.0001386097317819033 11086.792061868699 6.049694669033622e8
14350 122758.13903528218 8.56250879633778 1.0299488249972549e-5 0.0023019463928154226 0.0021686027221746464 9.438543120286505e-5 0.008252491892888309 0.004859597717166635 -0.0001384433732645569 11086.792061868666 6.049694668440592e8
14400 123186.2636532768 8.562476260157876 1.0373103922848971e-5 0.0023057310205902002 0.002174312102709888 9.444960442540385e-5 0.008227471898883258 0.004856455753081178 -0.0001382712601065176 11086.792061868451 6.04969466784829e8
14450 123614.38660558233 8.56244233428104 1.0445992059811413e-5 0.0023095495458705477 0.0021801599363669567 9.515425397025087e-5 0.008201612061471101 0.004851694204602739 -0.0001381070922947458 11086.792061868604 6.049694667256588e8
14500 124042.50783152912 8.562407126886221 1.051962607986292e-5 0.0023133957207409532 0.0021861481169351054 9.57723758548164e-5 0.008174862368176064 0.004844824505822638 -0.0001379587193515291 11086.79206186826 6.049694666665714e8
14550 124470.62724336289 8.562369617253944 1.0594198443210932e-5 0.0023172818629236635 0.002192241510586615 9.622183396967689e-5 0.008147338453006315 0.004835344929256271 -0.0001378173421868985 11086.792061868646 6.049694666075319e8
14600 124898.74470134653 8.562328973322465 1.0669709695394168e-5 0.0023212266636472864 0.0021984201697790033 9.637571208072273e-5 0.008119150405836746 0.004823451934232251 -0.00013767389758551763 11086.792061868155 6.049694665485649e8
14650 125326.86004601188 8.562285182952653 1.0745903731438996e-5 0.002325239500839805 0.002204696564873797 9.625874071702863e-5 0.00809027931782818 0.0048096608913960675 -0.0001375358444514458 11086.792061868466 6.04969466489657e8
14700 125754.97312390432 8.562238358028084 1.0822768930349337e-5 0.0023293142482886326 0.0022110864300001203 9.611404123958124e-5 0.008060680209016655 0.004794066204538149 -0.00013741698962488992 11086.792061868304 6.049694664307976e8
14750 126183.08378221499 8.562188475476843 1.0900648698240373e-5 0.002333436998863391 0.0022175930133739798 9.61434461344953e-5 0.008030410276959409 0.004776316157772199 -0.0001373172059273279 11086.792061868819 6.049694663719952e8
14800 126611.1918742388 8.562135836479497 1.0979773727807052e-5 0.002337598917367263 0.0022242201563892647 9.621950134653327e-5 0.007999580021196792 0.004756179045075366 -0.00013722401504929108 11086.792061868713 6.049694663132296e8
14850 127039.29727092387 8.562080710883757 1.1059423633037635e-5 0.002341802510698479 0.0022309789561269938 9.598547439548608e-5 0.007968223535430058 0.004733829552696172 -0.00013713198239823253 11086.792061868584 6.049694662545029e8
14900 127467.39984432793 8.562022934355786 1.1138397431572773e-5 0.0023460569129453864 0.0022378720025724103 9.57648959679517e-5 0.007936295681482432 0.00470954977594729 -0.00013704853356500746 11086.792061868358 6.049694661957984e8
14950 127895.49946715683 8.561962905134527 1.121642453953473e-5 0.002350369307293627 0.0022448824750914177 9.713934759371884e-5 0.00790379394268484 0.004683353554976723 -0.00013697924641889513 11086.792061868582 6.049694661371452e8
15000 128323.59606038382 8.561902016157092 1.1294254631453633e-5 0.0023547409940717816 0.0022519902662145913 9.878560001134867e-5 0.007870819277381948 0.004655018539575847 -0.00013691851478240058 11086.792061868393 6.049694660785266e8
15050 128751.68961030844 8.561841227523635 1.13730659968364e-5 0.0023591689429805223 0.002259193407406271 0.0001004934218114334 0.007837489420293272 0.004624392362171157 -0.00013685986500571216 11086.792061868333 6.049694660199357e8
15100 129179.78012438252 8.561780579827193 1.145361067556926e-5 0.0023636517061574906 0.0022665080402921615 0.0001019142764091388 0.007803831461508223 0.004591556621811914 -0.0001368066655323255 11086.7920618685 6.049694659613576e8
15150 129600.0 0.6941021406964865 1.1534052965514253e-5 0.0023681097704971953 0.002273812224671532 0.00010306139339774226 0.007770436337784564 0.004557390903090861 -0.00013676517611371368 11086.79206186853 6.049694659038594e8
15200 130028.08459356535 8.561663654308129 1.1616476844207034e-5 0.002372715994543017 0.0022813817863392032 0.00010427257825287911 0.007736067455676515 0.004520812885694986 -0.00013672945454054627 11086.79206186827 6.049694658453307e8
15250 130456.16635814513 8.561608550598466 1.1698732689803494e-5 0.0023773864064884787 0.0022890721371040357 0.00010559349282034624 0.007701444343741033 0.004482508854201209 -0.00013668987555324834 11086.792061868615 6.049694657867985e8
15300 130884.24544774443 8.561556604804244 1.178094402442725e-5 0.002382113215992882 0.0022968712787482396 0.00010680348699247956 0.00766665285024036 0.004442363883051402 -0.00013664389624717404 11086.79206186846 6.049694657283169e8
15350 131312.32202266678 8.561507918218258 1.1863733765708196e-5 0.002386892342903669 0.002304770710265513 0.00010777141129525311 0.007631697768302586 0.004400179473014083 -0.0001365990602193618 11086.79206186847 6.049694656698029e8
15400 131740.39624753856 8.561462521878239 1.1947479766159808e-5 0.0023917285483281477 0.002312770620194384 0.00010860276048173206 0.007596560994737062 0.004355888827150631 -0.0001365608937943647 11086.792061868271 6.049694656113533e8
15450 132168.46828259216 8.561420218577789 1.2031887264661868e-5 0.002396628218519149 0.0023208785793064598 0.00010940918601271883 0.007561278140202448 0.0043096497498703815 -0.00013652552321566478 11086.792061868122 6.049694655529103e8
15500 132596.53827519514 8.561380711279703 1.2116328552172062e-5 0.002401592552473353 0.002329096799090829 0.0001101457999740023 0.007525912978363019 0.004261658800508514 -0.00013648617366101347 11086.792061868224 6.049694654944791e8
15550 133024.6063541058 8.561343513595437 1.2200600249321535e-5 0.0024066199507954108 0.0023374132895149923 0.00011071718908274999 0.007490484654640719 0.0042119368277724325 -0.00013644207843032104 11086.79206186832 6.049694654360585e8
15600 133452.67261476468 8.56130779317496 1.2285157759837568e-5 0.002411708245048548 0.002345815459195138 0.00011111179431428484 0.00745497225263329 0.0041604037344234925 -0.00013639781840232615 11086.79206186882 6.049694653776543e8
15650 133880.73710721324 8.561272634271672 1.2370560419988328e-5 0.002416851664755848 0.0023543096010906093 0.00011137722427374549 0.007419397059555908 0.0041070921175208564 -0.0001363564198766654 11086.792061868577 6.04969465319282e8
15700 134308.79983983075 8.561237290347064 1.2456889918502134e-5 0.002422043871210941 0.0023629124328640332 0.0001115299342558442 0.007383846071393558 0.004052116686133518 -0.00013631645720703472 11086.792061868344 6.049694652609129e8
15750 134736.86078599043 8.56120107670953 1.2543822643199798e-5 0.0024272882534882275 0.0023716227111872453 0.00011187063988542969 0.007348366140673793 0.0040612794258747765 -0.0001362756919898461 11086.792061868604 6.049694652025664e8
15800 135164.91988454066 8.561163310575024 1.2631097909927846e-5 0.0024325965518346747 0.0023804183111406055 0.00011286611138972469 0.007312894719907878 0.00410421681797296 -0.00013623482621073914 11086.792061868278 6.049694651442388e8
15850 135592.9770432638 8.561123454014478 1.2718825103862107e-5 0.0024379719813513536 0.0023892868348018366 0.0001137261769763921 0.007277391734513604 0.00414598687263066 -0.00013619633156231628 11086.792061868582 6.049694650859236e8
15900 136021.0321485233 8.561081183049776 1.2807226294436656e-5 0.002443402499327709 0.0023982424952701605 0.00011445619929926743 0.007241965596865729 0.004186570757499655 -0.0001361612061593706 11086.792061868384 6.049694650276338e8
15950 136449.08507568148 8.561036380042305 1.2896267179340587e-5 0.0024488764624111398 0.0024073027617451765 0.00011506099884181297 0.007206724825713037 0.004226141959717194 -0.0001361289231021863 11086.792061868275 6.049694649693717e8
16000 136877.13570025988 8.560989169276198 1.2985798587395778e-5 0.0024543963460526724 0.0024164632528889153 0.0001155357340325423 0.0071716045599639466 0.004264787168859468 -0.00013609969613048264 11086.7920618683 6.049694649111032e8
16050 137305.18390968975 8.56093988112572 1.307588101719726e-5 0.002459970967696764 0.002425708721070328 0.00011610026899041722 0.007136522618326748 0.004302346934802658 -0.0001360746699487305 11086.792061868227 6.049694648528556e8
16100 137733.22961066375 8.560888940916218 1.3166592074743012e-5 0.002465602308841256 0.0024350363891609897 0.00011675146273361845 0.007101583083012038 0.004338653388765958 -0.00013605441436243253 11086.79206186865 6.049694647946285e8
16150 138161.27273361932 8.5608368893251 1.3257892405156943e-5 0.002471286235876132 0.002444453917310989 0.00011726357190926996 0.007066930839078315 0.004373760085500515 -0.00013603899699375432 11086.792061868204 6.049694647363793e8
16200 138582.43223025018 8.560785327551525 1.3348360525779684e-5 0.0024769268933239412 0.0024538113375081917 0.00011762533248950977 0.007033100365751439 0.004407248408520385 -0.00013602896360707302 11086.792061868548 6.04969464679091e8
16250 139010.4701699339 8.560733460302437 1.3440891700397938e-5 0.0024827064910261177 0.0024634159517746375 0.00011785545391700536 0.00699892628825665 0.004440187579957891 -0.00013602437057936404 11086.792061868522 6.049694646208581e8
16300 139438.50554791893 8.560682956875464 1.3533895071188985e-5 0.0024885302649767134 0.0024731209967703695 0.00011794753471599655 0.006970573631210945 0.004471941783460059 -0.00013602547948686955 11086.792061868166 6.049694645626293e8
16350 139866.5384504759 8.560634512856563 1.3627526042206458e-5 0.002494397203508726 0.0024829286481402955 0.00011788240699321874 0.006951892023372128 0.004502523618476291 -0.00013603255957357624 11086.7920618686 6.049694645044042e8
16400 140294.56899784025 8.560588812447795 1.3721966926146165e-5 0.0025003100680469157 0.0024928335569412473 0.00011764951425519088 0.006932614294722894 0.004531968021207404 -0.00013604570880721402 11086.792061868371 6.049694644461794e8
16450 140722.59734533043 8.560546562229952 1.3817209145452811e-5 0.0025062704248502337 0.002502832534922651 0.00011726645674226896 0.006912744818301792 0.004560245970536954 -0.00013606428917850943 11086.792061868526 6.04969464387958e8
16500 141150.62368121787 8.56050834527253 1.3913249887157743e-5 0.002512275164586352 0.002512930752309485 0.00011674315074718747 0.006892238894147131 0.004587336545644876 -0.00013608805465927033 11086.792061868347 6.04969464329708e8
16550 141578.64821684186 8.56047450346647 1.4010141583588066e-5 0.0025183207317879854 0.002523134108332902 0.00011666095229507732 0.006871131345489657 0.004613275492430404 -0.0001361177123494529 11086.792061868347 6.049694642714468e8
16600 142006.67117645583 8.560445250404278 1.4107565412983815e-5 0.0025244076584145887 0.0025334432162521995 0.00011757221503025328 0.006849487666711137 0.00463808226131311 -0.00013615332861115575 11086.792061868407 6.049694642131826e8
16650 142434.69279596617 8.560420849122343 1.420540168903912e-5 0.0025305377207661497 0.00254385635846064 0.00011849126658555506 0.006827314007899844 0.004661725059325544 -0.00013619374741745 11086.792061868233 6.049694641548955e8
16700 142862.713323435 8.560401468000313 1.4304075465481644e-5 0.0025367101087315825 0.0025543739566023876 0.00011970973034865426 0.006804597101096441 0.004684182808832011 -0.00013623831392607953 11086.792061868742 6.049694640966043e8
16750 143290.7330055591 8.560386862570565 1.4403515973488832e-5 0.0025429231657018766 0.0025649991376794925 0.00012078893112307824 0.0067813618677299 0.004705475066078641 -0.0001362876350962739 11086.792061868582 6.049694640382739e8
16800 143718.75206845606 8.560376542811186 1.45035384482581e-5 0.002549176039430383 0.00257573384377901 0.00012168114805621517 0.006757641746442431 0.004725616232541258 -0.00013634239531553572 11086.792061868486 6.04969463979947e8
