#timestep time dt l2_h l2_h_vcon1 l2_h_vcon2 linf_h linf_h_vcon1 linf_h_vcon2 l2_H l2_vcon1 l2_vcon2 linf_H linf_vcon1 linf_vcon2 dsdu_ut mass entropy 
0 0.0 100.0 0.0 0.0 0.0 0.0 0.0 0.0 0.0 0.0 0.0 0.0 0.0 0.0 -3.802136628436002e-12 9507.350780127948 7.387780849131678e8
50 1820.409316729965 36.39119355768171 6.222010346237464e-8 4.2895381942367775e-7 1.153141930698844e-6 3.047405065324386e-7 3.961273829722108e-6 3.076850685029388e-6 4.812000214481867e-8 7.470056016681222e-7 1.2104934604819491e-6 2.991128625286804e-7 3.6144544588846074e-6 6.6540826442607825e-6 -4.130668452076592e-12 9507.350780127968 7.387780849131637e8
100 3639.5940758955808 36.3814226692609 6.056760557861639e-8 5.394776824577522e-7 8.634423187466122e-7 4.233342158417577e-7 6.635554932171034e-6 5.732131673034703e-6 4.68419875283199e-8 1.0331804612391e-6 1.3412409197074217e-6 4.1550080255822974e-7 6.089010547948061e-6 7.410786857634766e-6 -4.350049585222417e-12 9507.350780127927 7.387780849131697e8
150 5459.063133933717 36.4020026648079 6.192388372296115e-8 6.455122088846603e-7 9.936297251725527e-7 4.464713993192559e-7 8.025845522018587e-6 8.73125681148438e-6 4.789091068305039e-8 1.1783706843364207e-6 1.4129568134674097e-6 4.3821156121842333e-7 7.619984781316317e-6 9.635989848610265e-6 -4.397072408738262e-12 9507.35078012792 7.387780849131649e8
200 7280.337598090753 36.453015675227036 5.887668574120083e-8 7.626866534091437e-7 1.1927224332987684e-6 2.872579335055959e-7 7.362668533997742e-6 8.663720934229176e-6 4.553425800456688e-8 1.3279314487544927e-6 1.5653785164000245e-6 2.8197177227280067e-7 7.896272023268421e-6 9.852050605431834e-6 -4.517104856779808e-12 9507.350780127954 7.387780849131699e8
250 9078.270290572045 36.532796666218864 5.648424659525245e-8 8.38032598299639e-7 1.2030286355229342e-6 3.361215137578731e-7 8.951275291418287e-6 6.990795042482498e-6 4.368398501634625e-8 1.3866423162501491e-6 1.6667426858421005e-6 3.299025811440404e-7 9.8627103004425e-6 8.39993912740462e-6 -4.071963629167632e-12 9507.35078012797 7.387780849131663e8
300 10907.575478312656 36.62959865387154 5.987906970683325e-8 8.702880284484593e-7 1.2377846506354073e-6 4.99321203330102e-7 8.766329491691537e-6 6.3930350800745014e-6 4.6309485237026004e-8 1.4444518360117622e-6 1.8575470580425914e-6 4.901215164098585e-7 1.0237799541904042e-5 8.887229281000039e-6 -4.5987027227472525e-12 9507.350780127932 7.387780849131716e8
350 12736.20288509956 36.52250737581821 5.959130138344335e-8 9.84297126245292e-7 1.2524470426288386e-6 3.0626264428214456e-7 9.316575063992151e-6 7.5557955997480414e-6 4.608692995932497e-8 1.6104979642661504e-6 1.9907777881784728e-6 3.006022642666877e-7 1.023233655551251e-5 1.0410663656385447e-5 -5.047048746653116e-12 9507.350780127957 7.387780849131676e8
400 14560.227952347448 36.445040521558354 6.253025739346623e-8 1.0863625560218975e-6 1.2966162774455813e-6 4.557908095497619e-7 1.0256476228938835e-5 1.0599485169298994e-5 4.8359870081320387e-8 1.6985874223171739e-6 2.110659565141251e-6 4.473974384934482e-7 1.0968472561462449e-5 1.4460119968190252e-5 -4.9705394998903425e-12 9507.350780127928 7.387780849131668e8
450 16381.148838485178 36.39780345936024 6.365284212191196e-8 1.1731291311809111e-6 1.3678357345163437e-6 4.679156153754893e-7 1.251945220533013e-5 1.455341472902513e-5 4.922805860076557e-8 1.7557269011236925e-6 2.2594852524445153e-6 4.5925607745006927e-7 1.3031773671835074e-5 1.932586789085121e-5 -4.9293289592583876e-12 9507.35078012797 7.387780849131622e8
500 18189.565746071414 36.38101463601918 6.640816087731758e-8 1.2552844872693351e-6 1.457158600336056e-6 6.016573993708617e-7 1.1812402913913848e-5 1.6691403873584563e-5 5.135897669768631e-8 1.8381754865433226e-6 2.4019922961356265e-6 5.905387845150719e-7 1.1959364605122785e-5 2.148493317438168e-5 -4.818386339653175e-12 9507.350780127927 7.387780849131665e8
550 20008.83097620395 36.39435054519109 6.700702103646095e-8 1.3168542740021144e-6 1.5090860093838989e-6 4.976318087880753e-7 1.3766474235261663e-5 1.814868986158504e-5 5.18221252713753e-8 1.920015031964558e-6 2.581811568306744e-6 4.884366197372358e-7 1.3536777107559277e-5 2.2557933745322972e-5 -3.894141467314127e-12 9507.35078012795 7.387780849131716e8
600 21829.46818525812 36.42265776607774 7.110494551325914e-8 1.3768194715172099e-6 1.601604931820112e-6 4.089503336130655e-7 1.5359395919780403e-5 1.9162326775978862e-5 5.499139249578658e-8 2.0192437319720605e-6 2.7635245801071036e-6 4.013913662280787e-7 1.5239179750349192e-5 2.3079180729141495e-5 -4.66733207611408e-12 9507.350780127954 7.387780849131669e8
650 23649.584294982433 36.387643963163896 7.378736554868816e-8 1.4448761702575142e-6 1.6652480674030392e-6 5.464564099675194e-7 1.78120835521489e-5 1.8747408485851676e-5 5.706593192449646e-8 2.1416710517296273e-6 2.9010955567518536e-6 5.363657149307069e-7 1.7767281055352e-5 2.3109904988938577e-5 -6.171149233978306e-12 9507.350780127956 7.387780849131672e8
700 25468.713347761914 36.382659661887004 7.31111100710324e-8 1.5161553689367135e-6 1.7147102479677138e-6 5.316347087237021e-7 1.9031948683332007e-5 1.8503976948225458e-5 5.654292708736751e-8 2.273645334989012e-6 2.9918125479062204e-6 5.217931488153683e-7 1.937958554579481e-5 2.3521416482317225e-5 -4.9377314986448805e-12 9507.350780127923 7.387780849131691e8
750 27266.642604233035 36.40757297427171 7.277514777061365e-8 1.5789533610345962e-6 1.7761762192873604e-6 4.5238014174479667e-7 1.8141115733467956e-5 1.9318608066850066e-5 5.62830993823118e-8 2.4032559939123242e-6 3.0643087069214944e-6 4.440149351013006e-7 1.9017014280132602e-5 2.5899302182221e-5 -5.34471574003874e-12 9507.350780127967 7.387780849131646e8
800 29088.30890523141 36.46302228001945 7.664722226011207e-8 1.658559948901882e-6 1.801818194598427e-6 5.256240819536994e-7 1.9337896577832848e-5 2.0540322120995665e-5 5.9277697951892406e-8 2.5347910633315534e-6 3.112203404606663e-6 5.159337735858259e-7 2.0844710035047324e-5 2.8235774170174395e-5 -5.063758102717211e-12 9507.350780127968 7.387780849131651e8
850 30913.51728639808 36.5485696429657 7.752224857437408e-8 1.7286713672178788e-6 1.8204987101039908e-6 4.2051312089304334e-7 2.0398683790526443e-5 2.2050142161938716e-5 5.995442887565354e-8 2.6525330489744843e-6 3.0982101820556845e-6 4.12729281693717e-7 2.2592694652245983e-5 3.0001225515678315e-5 -5.239775412894567e-12 9507.350780127945 7.387780849131641e8
900 32743.44323962002 36.61042030166637 8.126211686018178e-8 1.7908417429462792e-6 1.8554483151279038e-6 4.821644626676185e-7 2.1303424647230464e-5 2.5101782038590274e-5 6.284678134452822e-8 2.7742136628839927e-6 3.032126468314991e-6 4.732736573487978e-7 2.3936723939167066e-5 3.284553307096999e-5 -6.179938253801949e-12 9507.35078012798 7.387780849131651e8
950 34560.0 25.2769513508174 8.270281830994976e-8 1.8640901929025353e-6 1.8662425658184606e-6 5.503299735023885e-7 2.3517860016641515e-5 2.996398088875562e-5 6.396099609245534e-8 2.9054580751107784e-6 2.9359453883440915e-6 5.401751015560285e-7 2.5748125139440133e-5 3.8219710152659335e-5 -5.321102862209393e-12 9507.350780127928 7.387780849131672e8
1000 36383.44651419495 36.435753123956026 8.698974935486665e-8 1.9309221665243563e-6 1.8901905478572673e-6 4.246712617120961e-7 2.3585233225189082e-5 3.4029206095701854e-5 6.727643788056682e-8 3.0141499620982086e-6 2.9246175660884183e-6 4.1684572660189747e-7 2.5132193935674573e-5 4.211874278537393e-5 -4.70857420523997e-12 9507.350780127957 7.387780849131668e8
1050 38204.02274492692 36.39321703158943 9.283872202645825e-8 1.9889648585480868e-6 1.953194239586947e-6 4.3867870298928923e-7 2.420072185709682e-5 4.0016768707976855e-5 7.179993690973551e-8 3.098494082931241e-6 3.0124649492855308e-6 4.3055902099560385e-7 2.5070660639361086e-5 4.7741585473740326e-5 -4.678571836592117e-12 9507.350780127974 7.38778084913166e8
1100 40023.24840822456 36.38112112876065 9.56167328246784e-8 2.056033867991238e-6 1.928874263375798e-6 5.066663543021685e-7 2.0736795925064035e-5 4.327902168355148e-5 7.394840465580624e-8 3.206393050856707e-6 3.0570418516720787e-6 4.973002316640776e-7 2.0894609208517112e-5 4.947685032720754e-5 -3.908852133216568e-12 9507.350780127954 7.387780849131687e8
1150 41842.64262595411 36.39929395631961 9.88331890849276e-8 2.149465710504587e-6 1.998525678449293e-6 4.4647619807135224e-7 1.719232470493314e-5 4.281611443765498e-5 7.643595889640854e-8 3.3290895975497895e-6 3.1316482561192533e-6 4.38227010820932e-7 1.7118225163376816e-5 4.649914240985213e-5 -4.2113358933136105e-12 9507.350780127968 7.387780849131678e8
1200 43637.051270940225 36.41568286057147 9.782088791562046e-8 2.2363015916012427e-6 2.000694848172347e-6 5.890268286853517e-7 1.598339495768107e-5 3.766434060326967e-5 7.565306186229213e-8 3.4802703669592214e-6 3.1922319697955477e-6 5.781387035654897e-7 1.6644687081496693e-5 3.990611940553713e-5 -3.797457702425387e-12 9507.35078012795 7.387780849131662e8
1250 45456.92939354245 36.38502650598901 9.911112281935289e-8 2.3173089858022094e-6 2.010874474123732e-6 4.780902946205357e-7 1.7300379000474752e-5 3.0679007824304534e-5 7.665090826333332e-8 3.660418157047065e-6 3.203649816089485e-6 4.692518459083752e-7 1.8331115952452607e-5 3.370544627800665e-5 -3.8643104423151896e-12 9507.350780127921 7.38778084913165e8
1300 47276.04023009209 36.384467991151254 9.802048226225584e-8 2.3935918382960644e-6 2.0953297572817743e-6 5.479259807872082e-7 1.7682274228816427e-5 2.8632146685050004e-5 7.580742483886857e-8 3.799024283202284e-6 3.283491118213209e-6 5.377846479012244e-7 1.846272874662859e-5 3.258142409132807e-5 -3.6317272331590534e-12 9507.350780127981 7.387780849131638e8
1350 49095.89799213429 36.41432108371844 9.844054295115416e-8 2.4287798039793014e-6 2.1213474555779033e-6 5.589428477300849e-7 1.667529402470433e-5 3.049423852820395e-5 7.613229285082355e-8 3.835493572244861e-6 3.3634461805965633e-6 5.486121885231147e-7 1.8730603607909032e-5 3.563722886635062e-5 -3.636612920220874e-12 9507.35078012793 7.387780849131651e8
1400 50918.02393128133 36.474555023366854 1.0279521399626129e-7 2.4655828451065378e-6 2.191268746029266e-6 4.386261156071945e-7 1.641591257171088e-5 3.066445326074154e-5 7.950012363737445e-8 3.803512966176064e-6 3.5420932941250987e-6 4.3053041865222205e-7 1.7145140586554065e-5 3.657436947655802e-5 -4.065550207671903e-12 9507.350780127923 7.387780849131693e8
1450 52716.96630407843 36.563262650126724 1.0295461566209505e-7 2.5059535633808413e-6 2.2342664483153307e-6 5.752555265990317e-7 1.4201647338740727e-5 3.1105247254115105e-5 7.962340225751681e-8 3.7620966098873537e-6 3.748676983982792e-6 5.646091948402044e-7 1.6860991302944307e-5 3.785547343272189e-5 -4.430517923224941e-12 9507.350780127968 7.387780849131669e8
1500 54547.20845022164 36.59393655440902 1.0412698335679975e-7 2.553938344263578e-6 2.3005167251447967e-6 6.457163550568701e-7 1.2630473821513005e-5 3.0074952094524043e-5 8.053009210306051e-8 3.735324822666497e-6 3.96894054544273e-6 6.337876909481596e-7 1.4779200716111107e-5 3.738538104071731e-5 -3.296889197456694e-12 9507.350780127965 7.387780849131664e8
1550 56374.27916656354 36.49576928427055 1.0373215786156484e-7 2.6287577564096618e-6 2.2840663394252993e-6 5.253445196792625e-7 1.7276786930021978e-5 3.074063674818794e-5 8.022474057504784e-8 3.7808437259654024e-6 4.058815557867817e-6 5.156446588366002e-7 1.7399380225142757e-5 4.2619760533836435e-5 -3.062341758314105e-12 9507.350780127961 7.38778084913164e8
1600 58197.19995318904 36.42745272746801 1.0660728304597875e-7 2.6816100083754115e-6 2.3397829095199933e-6 4.866942636355692e-7 1.869354314284232e-5 3.30802008419753e-5 8.244831498789535e-8 3.818711880786798e-6 4.161197266751161e-6 4.777108419622104e-7 1.8195470929623058e-5 4.48010525309817e-5 -2.5221210784142094e-12 9507.350780127952 7.387780849131666e8
1650 60017.47712940975 36.389465563262334 1.0953263870327449e-7 2.733939343497146e-6 2.3474253452335305e-6 6.288614115873499e-7 1.647554218040168e-5 3.4184770908884916e-5 8.471073682027251e-8 3.835007407525264e-6 4.243220661703851e-6 6.172270495232075e-7 1.5630504763178647e-5 4.506844062500687e-5 -3.155269364105943e-12 9507.350780127981 7.387780849131703e8
1700 61826.128345306424 36.38187482342695 1.1133991644850019e-7 2.784650224093791e-6 2.4561163808718152e-6 6.337339140989639e-7 1.6291694991167183e-5 3.636489386212109e-5 8.61084556315572e-8 3.843475681984411e-6 4.442587731268249e-6 6.220127396818666e-7 1.6331202913960194e-5 4.6438296649431966e-5 -3.5404422290517926e-12 9507.350780127965 7.38778084913168e8
1750 63645.67066704112 36.40436629053513 1.1523878575315556e-7 2.835410822121459e-6 2.5158707765258057e-6 7.847624654771227e-7 1.5891297025146413e-5 3.295336580267097e-5 8.912377686797153e-8 3.862328449142933e-6 4.688069799450668e-6 7.702726931217442e-7 1.736140254675773e-5 4.0636616440008036e-5 -3.086295408987106e-12 9507.350780127952 7.387780849131688e8
1800 65466.54514812033 36.4088372849544 1.1505859063089528e-7 2.8841672695976665e-6 2.569192741813565e-6 6.248657603625532e-7 2.146397233773622e-5 3.3225729059480295e-5 8.89844169305309e-8 3.92240827979711e-6 4.880304823351977e-6 6.133222061933291e-7 2.1640333322652926e-5 4.0432079914043985e-5 -4.090194976303101e-12 9507.35078012796 7.387780849131713e8
1850 67286.20100500413 36.38290369951962 1.1771572740747478e-7 2.9505805786602916e-6 2.6389147738967186e-6 6.370682259093612e-7 2.4309001934482804e-5 3.5317660965037396e-5 9.103940270274917e-8 4.031739310576407e-6 4.968347079352995e-6 6.252851927561928e-7 2.4241994089919066e-5 4.4037797295578685e-5 -2.881333944708692e-12 9507.350780127961 7.387780849131643e8
1900 69105.32784103387 36.38714154555526 1.1972300968224245e-7 3.0043976442899876e-6 2.641198048000373e-6 6.59816366559535e-7 2.4541508177306114e-5 3.5888086127951246e-5 9.259180171838689e-8 4.125453041308614e-6 4.956492612789532e-6 6.476144851604868e-7 2.284517484032718e-5 4.559967302735917e-5 -3.4287261699587367e-12 9507.35078012796 7.387780849131649e8
1950 70903.70638314965 36.421225189052414 1.216407641638398e-7 3.0509603951861225e-6 2.6638717399174825e-6 7.223792336921756e-7 2.6153994545104866e-5 3.847822453932077e-5 9.407496141495955e-8 4.2125724798136056e-6 4.945743068105436e-6 7.090372334063089e-7 2.5093894596487846e-5 4.966650107735597e-5 -3.0038226374603942e-12 9507.350780127948 7.387780849131662e8
2000 72726.29077978733 36.48589153770994 1.2387714184879051e-7 3.0964043106261965e-6 2.6759342810853693e-6 5.977892645501343e-7 2.53834029192766e-5 3.52425322327951e-5 9.580453904315306e-8 4.331116441088688e-6 4.888151965717715e-6 5.867512645422117e-7 2.4062339893260683e-5 4.597730415080175e-5 -3.627535535736696e-12 9507.350780127947 7.387780849131685e8
2050 74552.87447531767 36.58049443977895 1.3015203400946186e-7 3.1448103960680074e-6 2.677597722571349e-6 7.264167802794519e-7 2.464135207983191e-5 3.623843783193023e-5 1.006574371810413e-7 4.423744727401106e-6 4.783144720813792e-6 7.129867952503968e-7 2.3801957939186028e-5 4.550693044058483e-5 -4.382628330580083e-12 9507.350780127945 7.387780849131635e8
2100 76383.20542774345 36.57614181680888 1.3508794734866355e-7 3.198248661009898e-6 2.6754348229267753e-6 6.700632777617575e-7 2.3565733377269614e-5 3.513169972749839e-5 1.044747911752933e-7 4.512949604680445e-6 4.6981638616543375e-6 6.576676254199877e-7 2.3255413850909234e-5 4.217771890330294e-5 -3.695051633999116e-12 9507.350780127996 7.387780849131655e8
2150 78197.9057684853 36.483235965581706 1.4046061942469813e-7 3.2755258781123224e-6 2.7031409444710857e-6 6.596114714292192e-7 2.4455997860602035e-5 2.881801583093698e-5 1.0862992717649541e-7 4.641699527652894e-6 4.653757548163589e-6 6.474334135863631e-7 2.540285921500157e-5 3.6325006928378256e-5 -4.408973613134738e-12 9507.350780127945 7.387780849131668e8
2200 80020.31866633275 36.41959122718446 1.4289557365137633e-7 3.3517380736467134e-6 2.67424268957218e-6 7.318896972416495e-7 2.5694215019182575e-5 3.0796752724990744e-5 1.1051308062778087e-7 4.775421722460506e-6 4.570986733274111e-6 7.183662476761088e-7 2.622077397187424e-5 3.774770710608153e-5 -4.512477621031995e-12 9507.350780127916 7.387780849131665e8
2250 81840.32272036471 36.38630894949622 1.456113727452013e-7 3.4380995424178214e-6 2.720395507727276e-6 7.542429504757021e-7 2.356611122249844e-5 3.1320155787752034e-5 1.1261343487053254e-7 4.9595963784303505e-6 4.486052916400763e-6 7.402876516350765e-7 2.3549292350616505e-5 3.697891780774473e-5 -4.098178250224649e-12 9507.350780127948 7.387780849131635e8
2300 83659.43898705265 36.38345577978586 1.4637011984319315e-7 3.54701482694602e-6 2.7538241002052433e-6 6.963272742222489e-7 2.168252195264499e-5 3.1529849767849195e-5 1.1320023736497073e-7 5.178186022534967e-6 4.420653599491138e-6 6.834504340292265e-7 2.1158018537988164e-5 3.565002672198195e-5 -5.169014793414271e-12 9507.350780127981 7.387780849131627e8
2350 85479.18334582228 36.41075782316128 1.486814540229648e-7 3.6257519024048672e-6 2.7268621392573317e-6 7.68473922235881e-7 2.320258249969552e-5 3.1356545305557256e-5 1.1498778511081558e-7 5.3664488540092364e-6 4.334019424427086e-6 7.542714390142398e-7 2.3879774731035214e-5 3.0318979960993974e-5 -4.30631770843826e-12 9507.350780127965 7.387780849131674e8
2400 87273.90334261357 36.40317431645263 1.536094236799474e-7 3.708552851943328e-6 2.766489254540507e-6 7.793039448522676e-7 2.802470535466945e-5 3.7354240903945116e-5 1.1879899559194056e-7 5.508706745599237e-6 4.348078353075987e-6 7.649094409700508e-7 2.5517910973645205e-5 3.637540895715834e-5 -4.804433797605154e-12 9507.350780127947 7.387780849131656e8
2450 89093.38738846238 36.38161949002254 1.5336215800836933e-7 3.763668944864527e-6 2.7366159272459594e-6 7.458018260321881e-7 2.9929019625477717e-5 3.67626551466779e-5 1.1860776439799297e-7 5.574774829778634e-6 4.4311792246495235e-6 7.320101245359292e-7 2.7441799544627615e-5 3.7399449655240355e-5 -4.929508917951103e-12 9507.350780127932 7.387780849131663e8
2500 90912.56311490788 36.390301139818824 1.5793605650949927e-7 3.804930532257899e-6 2.8066768826233578e-6 7.712070734259556e-7 3.096769301354296e-5 3.4314740366685646e-5 1.2214514208554276e-7 5.589621291187328e-6 4.563009903827084e-6 7.569345321380148e-7 2.9281026161034134e-5 3.606243093250596e-5 -4.294304508472381e-12 9507.350780127996 7.387780849131647e8
2550 92732.9489331452 36.42942159718088 1.5821018264990078e-7 3.855084671401866e-6 2.855272024040524e-6 7.265003973091762e-7 2.648527366020824e-5 3.196214519614963e-5 1.2235714672352063e-7 5.607946642673958e-6 4.689276037143372e-6 7.131006593916858e-7 2.5782566939900227e-5 3.768498637748402e-5 -5.258527012952862e-12 9507.350780127941 7.387780849131689e8
2600 94556.0654949401 36.49887217749198 1.604902247260248e-7 3.8918513273274935e-6 2.8736970173038555e-6 7.853075754943229e-7 3.236136191018461e-5 3.105559173888625e-5 1.241204936718228e-7 5.599349116671283e-6 4.75211735329228e-6 7.708111084888036e-7 3.073746289092063e-5 3.739591948906319e-5 -6.333918042631539e-12 9507.350780127954 7.387780849131674e8
2650 96356.12904929489 36.59644500764576 1.6352937884106394e-7 3.9326943592909965e-6 2.8847477513046115e-6 7.37167075107557e-7 2.8095029266361014e-5 3.621749475995425e-5 1.2647092535508578e-7 5.561667039497141e-6 4.8661805925265834e-6 7.235587395595647e-7 2.749619896433169e-5 4.417520536887193e-5 -5.147875390382679e-12 9507.350780127968 7.387780849131637e8
2700 98186.30112916838 36.56094597043991 1.6714323919327796e-7 3.956781913758329e-6 2.9534884677236164e-6 7.202888816299443e-7 2.5044004126625602e-5 2.9401061078213798e-5 1.2926582536683746e-7 5.483803199191139e-6 5.0605540035769315e-6 7.069565950262877e-7 2.6084572451690732e-5 3.750269677692197e-5 -4.143514439609827e-12 9507.350780128014 7.387780849131669e8
2750 100011.9511202057 36.471789637407284 1.728470554427614e-7 3.9760632650885784e-6 2.9976306141857295e-6 6.880546682171181e-7 3.067062917957134e-5 3.6160038251737904e-5 1.3367706281094431e-7 5.419352345753783e-6 5.224667315080951e-6 6.753612908426227e-7 3.1395653630760716e-5 4.380568204694789e-5 -4.11848103678053e-12 9507.350780127947 7.387780849131666e8
2800 101833.90697510797 36.412671873294045 1.7190094109189084e-7 4.015272139578459e-6 3.0946376903051687e-6 6.722230056288755e-7 3.221713075042607e-5 3.482993086617408e-5 1.3294535357064246e-7 5.394003666061242e-6 5.414983384444469e-6 6.59797500524146e-7 3.242132782738944e-5 4.6765371755985035e-5 -5.749615140832944e-12 9507.350780127916 7.387780849131659e8
2850 103653.68132442729 36.38395192048165 1.7378275096849716e-7 4.047233517447096e-6 3.2449806357940354e-6 9.417906068578226e-7 2.8671830841601526e-5 3.749399482215373e-5 1.3440071430366203e-7 5.3489219144790355e-6 5.703573074081669e-6 9.243564694528836e-7 2.8346982903490386e-5 4.8960836994477774e-5 -6.822999822533256e-12 9507.350780127945 7.387780849131649e8
2900 105462.73007272909 36.38554579256192 1.742634829174376e-7 4.07715799650286e-6 3.3544878357198106e-6 7.333600261607784e-7 2.684006820032999e-5 3.634004832062348e-5 1.3477250446622264e-7 5.297722186371329e-6 5.996711672948489e-6 7.19808848338723e-7 2.7799222922120785e-5 4.594075960119843e-5 -5.410592108297849e-12 9507.350780127972 7.387780849131641e8
2950 107282.68904570509 36.417151460311466 1.7572613288068151e-7 4.130403825280917e-6 3.4770883821512667e-6 6.806934129298763e-7 2.9718353205009466e-5 2.913151495040979e-5 1.3590369383181687e-7 5.294021493918135e-6 6.261076565142451e-6 6.681104328292527e-7 3.130823333794494e-5 3.5316042121635144e-5 -5.768679275535769e-12 9507.350780127965 7.387780849131652e8
3000 109103.43776075654 36.39776747085865 1.783405018173053e-7 4.164914180871145e-6 3.538002796049079e-6 7.841282178228383e-7 3.011465804931427e-5 2.3328888371045253e-5 1.379256036629288e-7 5.311777080459026e-6 6.374811375955733e-6 7.696387275976816e-7 3.1532721715401576e-5 2.8967604071707883e-5 -5.27243743700897e-12 9507.350780128003 7.387780849131665e8
3050 110922.77255974314 36.38097374618733 1.7977996600512671e-7 4.220482848004826e-6 3.5745406636385007e-6 7.879998507196611e-7 2.8504117893318016e-5 2.630142894966871e-5 1.3903886153131293e-7 5.379487230909993e-6 6.402450718466956e-6 7.734419165382209e-7 3.0616033877077514e-5 3.123219294331003e-5 -4.279354535797711e-12 9507.350780127972 7.38778084913166e8
3100 112720.30657305643 36.394129596740484 1.8245172459844035e-7 4.2832373825403005e-6 3.588900357053656e-6 7.678553346159249e-7 2.5668965085942398e-5 2.247916209309293e-5 1.4110515557550105e-7 5.489247383622116e-6 6.360222874100337e-6 7.536427946498539e-7 2.84572985859857e-5 2.9827500280863544e-5 -6.063677519797499e-12 9507.35078012793 7.38778084913166e8
3150 114540.99761187186 36.43770786164694 1.8402648609871256e-7 4.377527189225735e-6 3.514730817127289e-6 8.54690180775822e-7 2.6706874914424412e-5 2.4256152298436096e-5 1.4232305015668754e-7 5.665027613928452e-6 6.153083629405246e-6 8.389499579835399e-7 2.5352507227302563e-5 3.304458944659428e-5 -6.6186461974563026e-12 9507.350780128008 7.387780849131656e8
3200 116364.64107814846 36.511562586925166 1.8751295209878572e-7 4.454950037476392e-6 3.4837810643689327e-6 8.505123378330131e-7 3.1872716149545796e-5 2.7693232671020523e-5 1.450194254765373e-7 5.812633961471436e-6 5.968046171833987e-6 8.348068013521655e-7 3.0116209743493486e-5 3.826642722543129e-5 -5.713469288728436e-12 9507.350780127961 7.387780849131645e8
3250 118192.73797507196 36.61512708456746 1.8901586934905897e-7 4.533297512835872e-6 3.4847739125284743e-6 8.619299933122794e-7 2.6440365564040137e-5 3.1410891779420924e-5 1.4618175689833796e-7 5.949820423360183e-6 5.850569618890047e-6 8.460452642368785e-7 3.123967432776217e-5 3.998488837345925e-5 -5.092197678489025e-12 9507.35078012792 7.387780849131674e8
3300 120022.46467567765 36.544557825880595 1.8884781677057922e-7 4.6080643599800205e-6 3.4646209120583253e-6 8.87888344713234e-7 2.896076402098673e-5 3.173831686009964e-5 1.460517878047e-7 6.091001660285693e-6 5.730082070200784e-6 8.714553392287037e-7 3.2024890873023894e-5 4.089337172116222e-5 -6.349055631815636e-12 9507.350780127936 7.387780849131666e8
3350 121835.46603385572 36.46066783139856 1.9028933995821788e-7 4.67011712264208e-6 3.4806993021473653e-6 8.600236595856232e-7 2.8313582311433266e-5 3.4932035271107504e-5 1.4716663806915168e-7 6.243384487303903e-6 5.609464316117328e-6 8.44181705506758e-7 2.9276480498867805e-5 4.3764769821556995e-5 -4.474171307387807e-12 9507.350780127945 7.387780849131645e8
3400 123656.98528101447 36.40624437254547 1.9307367661308715e-7 4.7519357240354794e-6 3.4752694082296395e-6 7.405495489864935e-7 2.4992743902723432e-5 3.751297299061846e-5 1.493199981313664e-7 6.418562703476948e-6 5.475306051477255e-6 7.268512651120267e-7 2.7028257135558806e-5 4.5405585180985615e-5 -4.490911294718747e-12 9507.350780127961 7.387780849131685e8
3450 125476.5585761994 36.382240147338244 1.9443688072714215e-7 4.820624363422964e-6 3.4951140018171662e-6 7.234541199528388e-7 2.841507687794202e-5 3.986286505232769e-5 1.5037427771653277e-7 6.581517260081493e-6 5.396302006777175e-6 7.100636692170524e-7 2.9153849841520497e-5 4.6406496485098214e-5 -5.150659006757243e-12 9507.350780127957 7.387780849131687e8
3500 127295.70715966893 36.38861483257783 1.9512050346926574e-7 4.917986363212686e-6 3.4951663806971653e-6 7.327678373127969e-7 3.3534655022716454e-5 3.6253714994081235e-5 1.5090298027494916e-7 6.803439610425727e-6 5.306372247413094e-6 7.192430532368552e-7 3.507403731892959e-5 4.015997935433912e-5 -4.250831083002231e-12 9507.350780127972 7.387780849131653e8
3550 129115.94166073989 36.42498845360375 1.9740282827363955e-7 4.9908526809854875e-6 3.502175915500263e-6 7.592560946062535e-7 3.834625584128018e-5 2.556753651621789e-5 1.526680926476313e-7 6.9548047917559456e-6 5.256519521558882e-6 7.45221092642816e-7 3.790062892513854e-5 2.7886870525648396e-5 -4.570407089998934e-12 9507.35078012791 7.387780849131675e8
3600 130910.59868465077 36.39344855657941 2.014519737482054e-7 5.0567057611600344e-6 3.5064189839425926e-6 8.965748893109594e-7 3.4691940859508145e-5 2.2237258663681217e-5 1.5579963499712e-7 7.031484493871659e-6 5.22846245637565e-6 8.800105397620903e-7 3.671705724211264e-5 2.7912746969784573e-5 -3.927445312191647e-12 9507.350780127961 7.387780849131672e8
3650 132729.82957243122 36.38105986139185 2.032859584876819e-7 5.0923698837843515e-6 3.5024943377467553e-6 8.35053675308773e-7 2.9956763483446467e-5 2.284601167674043e-5 1.5721800855465322e-7 7.035269967071675e-6 5.266168191315344e-6 8.196112951872794e-7 3.210714950321381e-5 2.7600025244301248e-5 -3.913676557744698e-12 9507.350780127981 7.387780849131702e8
3700 134549.2132324278 36.399000556969995 2.078071246053311e-7 5.10374388839781e-6 3.5469752278582156e-6 8.066650975819731e-7 2.475788093398867e-5 2.1287298247618217e-5 1.6071460388646483e-7 6.970413232689514e-6 5.40245443182148e-6 7.917416096175948e-7 2.7504894447728685e-5 2.4308932207116975e-5 -3.777926440903172e-12 9507.350780127934 7.387780849131639e8
3750 136370.27046129672 36.44738305464885 2.0993191294891405e-7 5.133836495562956e-6 3.573275951323511e-6 1.000316251410956e-6 3.5015594050689644e-5 2.6810856325322056e-5 1.62357880157684e-7 6.91604042562026e-6 5.531085168690476e-6 9.81900326753083e-7 3.2782191858208966e-5 2.943370297696447e-5 -3.1684293221243422e-12 9507.350780127908 7.387780849131703e8
3800 138194.5188187823 36.525973943539974 2.121677392873735e-7 5.127237716788022e-6 3.626459942805106e-6 8.828934738657083e-7 4.346253402618959e-5 2.278727203669947e-5 1.6408703138403422e-7 6.811596669627443e-6 5.720859094152301e-6 8.665652588663967e-7 4.153892369607837e-5 3.0275813736021214e-5 -3.8060957196757535e-12 9507.350780127954 7.387780849131669e8
3850 139995.79950057328 36.63230746090535 2.157588893990645e-7 5.131905636300841e-6 3.696903026907978e-6 9.330498040391242e-7 3.4299524155018445e-5 3.3733100008921944e-5 1.6686436767080103e-7 6.726490448818521e-6 5.924582639764163e-6 9.158648837424759e-7 3.348212873659909e-5 4.136680820182986e-5 -2.8675154144531197e-12 9507.350780127961 7.387780849131681e8
3900 141824.8953630755 36.53068120097128 2.1757562335530748e-7 5.135492782261261e-6 3.7382800925952245e-6 9.349598416342787e-7 3.253106324381396e-5 3.8228526225746274e-5 1.6826939975872897e-7 6.660243739259009e-6 6.09421374891189e-6 9.17667527745661e-7 3.3769874381514446e-5 4.967305661955522e-5 -3.345868593142281e-12 9507.350780127961 7.387780849131681e8
3950 143649.26289234895 36.45061048253136 2.2314576189406732e-7 5.143577320763566e-6 3.806656632542541e-6 8.764023280829264e-7 3.582557410625295e-5 3.4641821894759576e-5 1.7257725306493616e-7 6.564700842855847e-6 6.252990052341588e-6 8.602683891643232e-7 3.6548471523080194e-5 4.5253105164407126e-5 -3.1713928971916224e-12 9507.35078012793 7.387780849131658e8
4000 145470.39476925996 36.400724909536414 2.2527348838935866e-7 5.1566596288858785e-6 3.863735369873081e-6 9.485620700432617e-7 3.5499692823225677e-5 2.7700175734754286e-5 1.7422280165383498e-7 6.4767533466432245e-6 6.461336834188759e-6 9.310132871964985e-7 3.5607917618405095e-5 3.687620931579674e-5 -3.1497136180818822e-12 9507.350780127961 7.387780849131634e8
4050 147280.20146335624 36.38129782567659 2.270065226850238e-7 5.188397135420461e-6 3.968947414024331e-6 9.432329390172832e-7 3.106786772959315e-5 2.7690205163812802e-5 1.7556310180555111e-7 6.412808313116077e-6 6.779538343950234e-6 9.257877754274342e-7 2.8823449883878945e-5 3.585744232336684e-5 -3.05687790609058e-12 9507.350780127921 7.387780849131666e8
4100 149099.4142911682 36.392030989818124 2.2919947243406919e-7 5.210731302207146e-6 4.0999900828754746e-6 9.327206965277699e-7 3.354951887606223e-5 2.934418533424515e-5 1.7725909298365764e-7 6.361711562111081e-6 7.068249265446244e-6 9.154893566582282e-7 3.4988313847714396e-5 3.287011723364354e-5 -2.973438335204064e-12 9507.350780127967 7.387780849131647e8
4150 150919.9186601035 36.427054892433055 2.3236790948931806e-7 5.239846219090137e-6 4.185744120576e-6 1.0041067105171598e-6 4.0449435750017346e-5 3.303332103606209e-5 1.7970950996236146e-7 6.357068478601563e-6 7.207845379268747e-6 9.855455636174277e-7 4.2536884676055395e-5 3.617398868727485e-5 -2.7988209696442456e-12 9507.350780127987 7.387780849131659e8
4200 152740.18941934253 36.38947271323654 2.349064110203766e-7 5.295181830646858e-6 4.221134862311775e-6 1.0163181660462617e-6 4.172534405593574e-5 2.7956063360136885e-5 1.816727451919577e-7 6.432864496282702e-6 7.244192099620168e-6 9.975597024097407e-7 4.4176803836548504e-5 3.287295983432261e-5 -2.8012906155336457e-12 9507.350780128003 7.387780849131614e8
4250 154559.34333149326 36.38187443551595 2.3782867791492947e-7 5.353323944401087e-6 4.188387231906698e-6 1.1147656568475874e-6 3.4192920338970406e-5 2.8089232283612146e-5 1.8393277822567745e-7 6.527424829203169e-6 7.150885396622272e-6 1.0941324592292564e-6 3.702285167754327e-5 3.405756242022232e-5 -3.3427805785534422e-12 9507.35078012795 7.387780849131668e8
4300 156357.12903552566 36.404188105789764 2.396296684026346e-7 5.428597150381584e-6 4.189690856925348e-6 1.1993209693521318e-6 3.0296999430673284e-5 2.8412470444667815e-5 1.8532563457612412e-7 6.6533712158867656e-6 7.0424673536052e-6 1.177135769272445e-6 3.327820485457464e-5 3.461918752764931e-5 -3.2342578290290057e-12 9507.35078012796 7.387780849131676e8
4350 158178.55913946568 36.457017055800314 2.4145292198325357e-7 5.49598972894139e-6 4.162419034751001e-6 1.0767169069372758e-6 4.855200490806689e-5 3.2541045277829655e-5 1.8673570883336415e-7 6.8003308438725465e-6 6.860457864291457e-6 1.0568866892792556e-6 4.5617671271340834e-5 4.0826283595943975e-5 -3.199859873588856e-12 9507.350780127954 7.387780849131643e8
4400 160003.40123586048 36.53998443626176 2.4379696229559146e-7 5.565004313907939e-6 4.162480458050626e-6 9.874612550124743e-7 5.756045486716468e-5 3.368182576689715e-5 1.8854855096189619e-7 6.965185586248165e-6 6.687148211922941e-6 9.69185685747226e-7 5.529553927054971e-5 4.235119900266604e-5 -3.393869224129453e-12 9507.350780127928 7.38778084913164e8
4450 161833.0278068047 36.62064627549004 2.456502514632508e-7 5.625844984298306e-6 4.1829824859617825e-6 9.785950457264158e-7 4.4056516966546204e-5 3.2823577936593e-5 1.899818542478e-7 7.134646399377865e-6 6.534483225797917e-6 9.605605067298604e-7 4.611359832625098e-5 4.00266597175815e-5 -4.1020075773671595e-12 9507.350780127967 7.387780849131658e8
4500 163661.26285491406 36.515732236337485 2.477736654699132e-7 5.704963275006982e-6 4.181692170938745e-6 1.0392121194283045e-6 4.413172942066878e-5 3.703606684962553e-5 1.9162406762989465e-7 7.320318982273083e-6 6.37752657144638e-6 1.0200205918773728e-6 4.558476018846079e-5 4.4552776004819955e-5 -3.85610700616319e-12 9507.350780127945 7.387780849131691e8
4550 165472.7235930319 36.44091358952769 2.5003800647086027e-7 5.7846247146909546e-6 4.153658599146422e-6 1.0697271870459155e-6 4.1060083759938164e-5 4.449303558900204e-5 1.9337527162544233e-7 7.5178346751799165e-6 6.19050498763858e-6 1.0500267815803187e-6 4.181956544556426e-5 5.255044740072998e-5 -3.592861898894939e-12 9507.350780127948 7.387780849131684e8
4600 167293.49059759773 36.3957350684335 2.5052847392847694e-7 5.870993558110906e-6 4.1795389251075215e-6 1.0345020467841666e-6 3.5533154412189185e-5 4.609708768910019e-5 1.9375459107145652e-7 7.720085863748756e-6 6.057542097991501e-6 1.0153543046005342e-6 3.556695356404664e-5 5.309059029671741e-5 -3.8330742079497254e-12 9507.350780127965 7.38778084913166e8
4650 169112.77456087267 36.380987777426576 2.5250671046862146e-7 5.9467154488151865e-6 4.213582297165827e-6 9.355995383727452e-7 3.123862841430217e-5 4.7772909916587785e-5 1.9528452659482308e-7 7.885146740300046e-6 6.019573463152206e-6 9.183149396026134e-7 3.21139284759102e-5 5.342164900309345e-5 -4.9052623557888945e-12 9507.350780127961 7.38778084913166e8
4700 170932.09526257424 36.3965464472213 2.543420178192429e-7 6.0086686974198615e-6 4.293751004756409e-6 1.179479093196191e-6 3.09653410244511e-5 4.4346885793115295e-5 1.9670392303976393e-7 8.009382348275424e-6 6.037631593739468e-6 1.1576841122401314e-6 3.200798817449864e-5 4.779940117979849e-5 -4.917409567547221e-12 9507.350780127972 7.387780849131676e8
4750 172752.8235628162 36.41903555647757 2.558434366114776e-7 6.065561217684979e-6 4.328593406981002e-6 9.931682467907117e-7 4.1998207190887954e-5 4.3102626680801004e-5 1.9786509557821304e-7 8.113535167749734e-6 6.0641412704104214e-6 9.748090117805664e-7 4.4097027914817005e-5 4.549120781023287e-5 -3.1567588094562945e-12 9507.350780127952 7.387780849131638e8
4800 174547.17726269746 36.38647156427353 2.5844465767674336e-7 6.113871900235604e-6 4.350274946811342e-6 1.3017521158600978e-6 4.5665166093958795e-5 3.768302002222773e-5 1.998768370618605e-7 8.1663076164744e-6 6.149592433198255e-6 1.2777011215698433e-6 4.841281922916854e-5 3.881525926622424e-5 -4.7039287821774674e-12 9507.350780127957 7.387780849131669e8
4850 176366.29363088703 36.383291096608026 2.598877462058133e-7 6.147531406504336e-6 4.351890460737085e-6 1.0423933549836075e-6 3.9953931522059076e-5 3.381571169712067e-5 2.009928979364356e-7 8.158176188653918e-6 6.209113160343757e-6 1.0230967119629715e-6 4.319678214866625e-5 3.779081625598503e-5 -3.5259727843757584e-12 9507.350780127928 7.387780849131663e8
4900 178186.02506426745 36.41049608250814 2.6205153954721327e-7 6.170146819414841e-6 4.366573105349609e-6 1.2735152233046276e-6 3.1422847854631994e-5 3.174511649033847e-5 2.026663400308228e-7 8.095437733438727e-6 6.266461678796174e-6 1.2499752723008527e-6 3.269837823017953e-5 3.5263127840028674e-5 -4.9420639084493085e-12 9507.350780127945 7.387780849131697e8
4950 180007.892908085 36.46811364767208 2.6584602069315806e-7 6.211144153954802e-6 4.359953809575584e-6 1.2112627131175732e-6 4.881788016805488e-5 3.955783890217607e-5 2.0560092918626289e-7 8.033781483100724e-6 6.3705429790403336e-6 1.1889186887966844e-6 4.614652673103061e-5 4.566335988892405e-5 -5.262478446375901e-12 9507.350780127912 7.387780849131631e8
5000 181805.45206308307 36.55422368022604 2.680544314867178e-7 6.2121928081138e-6 4.4190321717795425e-6 1.0287292535261018e-6 5.293602449670525e-5 4.133258112241503e-5 2.0730887768240153e-7 7.901270625842458e-6 6.566181312464355e-6 1.0096873048251032e-6 5.0990828235983945e-5 4.941156977970057e-5 -5.721338652626404e-12 9507.35078012793 7.387780849131697e8
5050 183635.52735218094 36.60389767485037 2.710226047105654e-7 6.213414765035563e-6 4.503861881951576e-6 1.1196468881288946e-6 3.7526073783905336e-5 3.5119264425146296e-5 2.0960441391458874e-7 7.765232017866079e-6 6.826113296449457e-6 1.0989847763774364e-6 3.9116771511609125e-5 4.3649481550543156e-5 -4.8215375312298816e-12 9507.350780127972 7.387780849131725e8
5100 185463.03105288136 36.503165267871005 2.7472819098972854e-7 6.201634448571207e-6 4.601855764608189e-6 1.0708441072662201e-6 4.487676341997399e-5 3.393191921345791e-5 2.1247025324533278e-7 7.608971947877321e-6 7.09637322109289e-6 1.0510776776944794e-6 4.611602239766626e-5 5.2007864994186025e-5 -5.1841734415943236e-12 9507.350780127957 7.387780849131625e8
5150 187286.25478831498 36.432220738549624 2.7840485287499e-7 6.2013013703757674e-6 4.650004706435797e-6 1.1903361220243103e-6 5.114381321378232e-5 3.65638439377359e-5 2.1531372292788517e-7 7.513437138696696e-6 7.297136489312593e-6 1.16838397085799e-6 5.177100849473522e-5 4.96222875929718e-5 -5.272104321982027e-12 9507.350780127974 7.387780849131666e8
5200 189106.7027562965 36.391581254693726 2.8112584057824814e-7 6.203829707374096e-6 4.7580175248009404e-6 1.2174796154192324e-6 5.4282775386197706e-5 4.094616207402284e-5 2.1741808995466577e-7 7.445134074540643e-6 7.581274350818827e-6 1.1949472889907103e-6 5.404611756859616e-5 5.414167705766229e-5 -5.623682345015327e-12 9507.35078012796 7.387780849131622e8
5250 190916.76975650643 36.38135542448099 2.8100015910959376e-7 6.22646129668935e-6 4.843598665391038e-6 1.0987818506394419e-6 5.052302941621469e-5 4.275747234718853e-5 2.1732088997927108e-7 7.414070845908517e-6 7.824083472151064e-6 1.0784639897118612e-6 4.9472654903020686e-5 5.3891886609351545e-5 -5.298148556617218e-12 9507.350780127968 7.387780849131678e8
5300 192736.2197697908 36.40125320216223 2.839461618635654e-7 6.26266956532478e-6 4.964095882567744e-6 1.384114280288316e-6 4.256942302426607e-5 4.4463922305802265e-5 2.1959927993633302e-7 7.411447060394336e-6 8.042768790788605e-6 1.358546312678925e-6 4.197687799912971e-5 5.448226364417585e-5 -4.9703365677474925e-12 9507.350780127961 7.387780849131658e8
5350 194557.06390049568 36.41247222475816 2.863480332193854e-7 6.326025870118515e-6 5.0077365121477656e-6 1.3042288642495815e-6 4.074068448112391e-5 4.462146044379357e-5 2.2145684764100113e-7 7.472549726143528e-6 8.138338247868566e-6 1.2801247971819847e-6 4.269408176093434e-5 4.947368176029011e-5 -5.451193852501255e-12 9507.350780127956 7.387780849131616e8
5400 196376.83599720002 36.383963092556534 2.887107340957167e-7 6.404951913339119e-6 4.959514966077008e-6 1.0899382991097772e-6 4.6106243357203626e-5 3.806198195369113e-5 2.2328412154279755e-7 7.581033229239473e-6 8.085562007463997e-6 1.0697826542431818e-6 4.852883507841267e-5 4.384223715492648e-5 -5.486764411125325e-12 9507.35078012796 7.38778084913165e8
5450 198195.94902754805 36.3855777797213 2.898217030570709e-7 6.464792334018131e-6 4.9667795339636616e-6 1.0771856481257847e-6 3.994624347847542e-5 3.269381712253744e-5 2.2414332662025096e-7 7.703527914049639e-6 7.978558158678894e-6 1.057255047532091e-6 4.350757959531703e-5 3.8098577576770374e-5 -5.033212986309943e-12 9507.35078012798 7.387780849131689e8
5500 199994.12205036564 36.41705201010125 2.9125095955166605e-7 6.544241246489843e-6 4.935176088347463e-6 1.346806095695969e-6 3.2663792130902866e-5 3.100275438102069e-5 2.252486900274698e-7 7.879093311438724e-6 7.769931476171038e-6 1.3219190519388837e-6 3.483423503834367e-5 4.012622526907982e-5 -5.031277473136158e-12 9507.35078012795 7.387780849131669e8
5550 201816.43072298242 36.47909314839731 2.916947598632202e-7 6.631706616214161e-6 4.916611852031169e-6 1.1517595746396412e-6 5.16857847899455e-5 3.547329426376686e-5 2.2559191787164928e-7 8.083424437777281e-6 7.553186927121536e-6 1.130496154647753e-6 4.904528153576277e-5 4.4996119038930806e-5 -5.015722532941294e-12 9507.35078012791 7.387780849131676e8
5600 203642.60865704823 36.57112471578134 2.909021678159269e-7 6.731619012068957e-6 4.91364768464949e-6 1.1585396567458367e-6 5.043376586097657e-5 4.234613409614053e-5 2.2497894024962454e-7 8.302770115414603e-6 7.3627409778421554e-6 1.1371066641791713e-6 4.868900344828585e-5 5.332259358220837e-5 -4.465484471555906e-12 9507.350780127974 7.387780849131716e8
5650 205472.92580081162 36.58559832952784 2.9301467326820447e-7 6.817856425707541e-6 4.902125120436078e-6 1.191586411798491e-6 3.451150913101229e-5 3.855562369343723e-5 2.2661271713652887e-7 8.50327496029242e-6 7.189853263484143e-6 1.1695576271765053e-6 4.6056313742688216e-5 4.6634696396782154e-5 -4.60587618255158e-12 9507.35078012795 7.387780849131669e8
5700 207299.6353411178 36.48962834625691 2.9534395353772933e-7 6.88754281863716e-6 4.910601050817856e-6 1.201873032392551e-6 4.8343681510062374e-5 4.168979228389304e-5 2.2841414409154106e-7 8.676003053913003e-6 7.044553746164514e-6 1.1796807177388465e-6 4.846436388416859e-5 4.979861214880399e-5 -4.800413443831713e-12 9507.350780127954 7.387780849131659e8
5750 209109.71835931862 36.42391992817931 2.9575975075887084e-7 6.9648654663123585e-6 4.925098745165803e-6 1.2048529479708257e-6 5.2671014335798917e-5 4.552041876964224e-5 2.2873571480789427e-7 8.885521151229792e-6 6.893286758648485e-6 1.1826019289088752e-6 5.101304388195342e-5 5.3314090210201794e-5 -4.126908464071335e-12 9507.350780127932 7.387780849131665e8
5800 210929.8713198533 36.38799094879692 2.976277933009471e-7 7.0376998926856575e-6 4.980800726739332e-6 1.1175102490820503e-6 4.26039186165593e-5 4.554297223841938e-5 2.301804281090523e-7 9.099676106655444e-6 6.787008928628478e-6 1.0968440868055547e-6 3.9810710943820857e-5 5.201593613780204e-5 -4.954442769163153e-12 9507.350780127961 7.38778084913166e8
5850 212749.00426296642 36.38249711784553 2.992784723781002e-7 7.1116444810068615e-6 5.0362459121167794e-6 1.3911920476389972e-6 3.265775665287787e-5 4.3554149419930506e-5 2.3145703609143552e-7 9.291933788817478e-6 6.731259565860474e-6 1.3654609257279036e-6 3.559348062327227e-5 4.814880273296039e-5 -4.23091693064445e-12 9507.350780127968 7.387780849131652e8
5900 214568.63419395007 36.40719701639135 3.0091290919980033e-7 7.1976725119324525e-6 5.099413877742853e-6 1.3194000627941688e-6 3.676961748899585e-5 4.335126812844749e-5 2.3272108258207423e-7 9.438103289234362e-6 6.772318853416874e-6 1.295026126678821e-6 4.073531015685417e-5 4.618515461439328e-5 -4.196720950120061e-12 9507.350780127917 7.387780849131671e8
5950 216364.10128416415 36.40644247659546 3.0163872210832383e-7 7.2626189977707025e-6 5.1514426412888945e-6 1.408000683662566e-6 5.237017379927478e-5 5.225036501929684e-5 2.3328241431787622e-7 9.550396113869641e-6 6.862890228587229e-6 1.382000388318577e-6 5.523594192436867e-5 5.094474714532705e-5 -3.4581015548633507e-12 9507.350780127927 7.387780849131685e8
6000 218183.68280069757 36.38229187224197 3.024561356542841e-7 7.2946341214293254e-6 5.174261457928339e-6 1.1023159700802931e-6 5.250390007783965e-5 4.7156658676765414e-5 2.339145884770487e-7 9.584764205749907e-6 6.94586410616715e-6 1.0819278747060728e-6 5.57200381404947e-5 4.852274852774073e-5 -4.3423343348857646e-12 9507.350780127923 7.387780849131693e8
6050 220002.82502178056 36.38833688620364 3.060057027580282e-7 7.326852818374526e-6 5.1741940111902274e-6 1.5576291706849092e-6 3.940996367359218e-5 3.937756749302213e-5 2.3665976515013386e-7 9.53467393228571e-6 7.0497924194011476e-6 1.5288134459251525e-6 4.220279752272852e-5 4.144509236616122e-5 -3.281550590583925e-12 9507.350780127954 7.387780849131693e8
6100 221823.04527204533 36.42481627063994 3.0885185444714273e-7 7.3549775149354855e-6 5.141701658846414e-6 1.1655608590804572e-6 5.0956554151063095e-5 3.662477186542773e-5 2.388609319400168e-7 9.447969762791382e-6 7.158203822889678e-6 1.1440451219565959e-6 4.740780589294258e-5 4.232728967779433e-5 -4.377690474641917e-12 9507.350780127961 7.387780849131662e8
6150 223645.86414207573 36.49163344770505 3.124970076897607e-7 7.34425941116747e-6 5.222478401496935e-6 1.217589189418389e-6 5.7874905047938735e-5 4.0913021466236455e-5 2.4168003335807793e-7 9.283659533157953e-6 7.370807811199872e-6 1.1951075052692815e-6 5.5058729250951333e-5 4.776318944452975e-5 -4.510848420526662e-12 9507.350780127945 7.387780849131662e8
6200 225444.412243026 36.58661130435154 3.145215707204497e-7 7.343429068959134e-6 5.331738320937335e-6 1.1191611352554484e-6 5.105764867075831e-5 4.8800847991298654e-5 2.4324579702487133e-7 9.152058856628967e-6 7.612204509291611e-6 1.0984808611663364e-6 4.962092752412364e-5 5.94104313792937e-5 -3.647421928508899e-12 9507.350780127948 7.387780849131626e8
6250 227274.706849824 36.57014295018816 3.171553890206571e-7 7.330677742302578e-6 5.4191644004496425e-6 1.2432643064332482e-6 4.55976108726844e-5 4.249999511468613e-5 2.4528274867212737e-7 9.007951310439132e-6 7.859548125433431e-6 1.2202573841569268e-6 4.728544296087159e-5 6.347892720888398e-5 -3.757690660243515e-12 9507.350780127952 7.38778084913165e8
6300 229100.75048702437 36.47838394668227 3.199946564398859e-7 7.317685466839853e-6 5.495445254265228e-6 1.307469293067197e-6 5.410830139665192e-5 4.077957856063941e-5 2.474785912806098e-7 8.86094517268771e-6 8.130148362192782e-6 1.2833361610630024e-6 5.538841434393989e-5 5.9255570596646634e-5 -2.9174137481440647e-12 9507.35078012798 7.387780849131634e8
6350 230922.96875897067 36.41662200476063 3.2168967646977025e-7 7.319180614492942e-6 5.594141139938834e-6 1.3966576417659754e-6 6.209963222318898e-5 3.3222234639675644e-5 2.487894918249448e-7 8.704570542301056e-6 8.481007919772552e-6 1.3708445383549395e-6 6.0645457936670923e-5 4.3259356173405724e-5 -2.0248569213564493e-12 9507.350780127932 7.38778084913169e8
6400 232742.87274613645 36.385240089243936 3.250214058178175e-7 7.318086488511209e-6 5.737537111483306e-6 1.4100895981276278e-6 6.183982297641666e-5 4.30730520308535e-5 2.5136619636884926e-7 8.5961195949792e-6 8.796466997048266e-6 1.3839918696952904e-6 6.134096139565626e-5 5.739735698158233e-5 -3.849400673178254e-12 9507.350780127947 7.387780849131634e8
6450 234553.36310554855 36.38421199100221 3.28256132745223e-7 7.344004748788646e-6 5.83319295066964e-6 1.5791434119417845e-6 6.094751028714946e-5 5.114935033485868e-5 2.5386788084036544e-7 8.577082397594574e-6 8.978106888616601e-6 1.549947661269163e-6 5.969907854341273e-5 6.394176314239166e-5 -2.9162497600039446e-12 9507.350780127948 7.387780849131637e8
6500 236373.18947246645 36.41324007341125 3.315746134445406e-7 7.3759058828190435e-6 5.976422216440988e-6 1.3963114378918174e-6 5.187821559234493e-5 5.160359316372374e-5 2.564343390996801e-7 8.59372133845044e-6 9.192014376073766e-6 1.3705012696092101e-6 5.131971643162105e-5 6.283047943771444e-5 -3.1729206316255302e-12 9507.350780127961 7.387780849131683e8
6550 238194.01028311226 36.4006056647767 3.313152726763655e-7 7.432261502990375e-6 6.004866797595835e-6 1.3752849364095512e-6 5.507837359510861e-5 5.57390762445329e-5 2.5623376922574394e-7 8.65399827417392e-6 9.357020374728084e-6 1.3498749220801694e-6 5.805268938320628e-5 6.255754480345383e-5 -3.794576448887754e-12 9507.350780127965 7.38778084913168e8
6600 240013.4210041921 36.381218857955325 3.3272748416460023e-7 7.491157810345383e-6 5.9942021304264295e-6 1.2490739761269216e-6 5.031226270023732e-5 4.742812663598503e-5 2.573259503070776e-7 8.741992188239263e-6 9.365557665220952e-6 1.2259837888593067e-6 5.376509553105544e-5 5.722963415317815e-5 -4.107086205514089e-12 9507.350780127996 7.387780849131668e8
6650 241832.6320307776 36.39207047632076 3.356679341040041e-7 7.558511578537461e-6 5.952015522940507e-6 1.672408172668502e-6 4.0953005886138676e-5 4.012221266996897e-5 2.596000458077532e-7 8.898421973560632e-6 9.166093112870902e-6 1.6414529088982472e-6 4.567903303971342e-5 4.8409051208774366e-5 -3.765189577258074e-12 9507.350780127976 7.387780849131635e8
6700 243631.326924333 36.43270509182561 3.381329992413088e-7 7.629431956841458e-6 5.916636365313138e-6 1.2087885996297457e-6 3.937481804518116e-5 4.047404069460667e-5 2.61506486541564e-7 9.075192325571591e-6 8.894924272590546e-6 1.1865101526031275e-6 4.333206856257033e-5 5.02469936409136e-5 -3.590189320862689e-12 9507.350780127985 7.387780849131653e8
6750 245454.65337881315 36.503944897182734 3.406836973686428e-7 7.716663021211562e-6 5.894485668234029e-6 1.254724433060462e-6 5.7286115910592255e-5 4.602701224348594e-5 2.6347915441821244e-7 9.309575791300856e-6 8.628104297572504e-6 1.2315700086028635e-6 5.442775164803502e-5 5.875789952003925e-5 -4.138528243703671e-12 9507.350780127934 7.387780849131666e8
6800 247282.30418304596 36.60496572533313 3.4146651580871875e-7 7.806216144841887e-6 5.878210809082472e-6 1.2951937054583423e-6 4.138497455604069e-5 4.4460069189790986e-5 2.6408457329224546e-7 9.559285450301291e-6 8.392379515464665e-6 1.2713088258632995e-6 5.131248176309643e-5 5.509449347484084e-5 -2.8730596737521137e-12 9507.350780127917 7.387780849131665e8
6850 249112.304664983 36.55325099590107 3.4508503064142253e-7 7.888502389656763e-6 5.8544925401866065e-6 1.3880514855809987e-6 4.9036222993857635e-5 4.412533688459765e-5 2.668830730022713e-7 9.800828097416368e-6 8.158464357109407e-6 1.3623581147986093e-6 6.53209007232811e-5 5.329020725517096e-5 -3.822422184904283e-12 9507.35078012796 7.387780849131662e8
6900 250924.7348885555 36.466819061775304 3.47518805838299e-7 7.955738786437765e-6 5.843328305522736e-6 1.347532499921613e-6 5.1126157906144986e-5 4.821377325988826e-5 2.687653146121979e-7 1.0027525497055378e-5 7.937687273542832e-6 1.3226865430234538e-6 6.109799247830371e-5 5.735621165097541e-5 -2.707480446365828e-12 9507.350780127937 7.387780849131669e8
6950 252746.49417121333 36.409745195672045 3.5035976414911725e-7 8.019054157944575e-6 5.8807678769896475e-6 1.351760761413951e-6 5.722058023534178e-5 4.976320263195985e-5 2.7096246492962504e-7 1.0215589647797038e-5 7.805139434070337e-6 1.3267665262920388e-6 5.471644555258654e-5 5.7917746930314896e-5 -3.3667686894016445e-12 9507.350780127954 7.387780849131653e8
7000 254566.1747151124 36.383088180195855 3.547969961664185e-7 8.103774317077787e-6 5.894874867846543e-6 1.4065281291879228e-6 4.5490706319682246e-5 5.133577602211631e-5 2.743941470105331e-7 1.0436111381922618e-5 7.668390441189838e-6 1.3804906138342649e-6 5.57532012720893e-5 5.8174612093605045e-5 -3.6434111470063465e-12 9507.350780127941 7.387780849131652e8
7050 256385.29830944393 36.386823635066676 3.5710164335644334e-7 8.168983379681356e-6 5.953885711120504e-6 1.5028690327605028e-6 3.9285453599829634e-5 5.9380192230313804e-5 2.761765231488592e-7 1.0635318557474574e-5 7.611516423629618e-6 1.4751170801201012e-6 5.313910270837167e-5 6.524568381224675e-5 -4.681795777427582e-12 9507.350780127974 7.387780849131612e8
7100 258205.377303851 36.42062448771063 3.598693058942335e-7 8.241828388388126e-6 6.002988320214653e-6 1.6715295560938187e-6 4.500991194834529e-5 5.566895690990742e-5 2.7831698772267506e-7 1.0823762129248202e-5 7.632758694706717e-6 1.640633190227564e-6 4.6309033720894824e-5 5.6928280266026574e-5 -4.237571573366585e-12 9507.350780127934 7.387780849131678e8
7150 260000.8683306889 36.395899596498275 3.6256613875202133e-7 8.295295908415697e-6 6.023505722690715e-6 1.303374554201777e-6 5.2988393346084594e-5 5.801670785496395e-5 2.8040267379093507e-7 1.0896318956300401e-5 7.713103422313147e-6 1.279290527895458e-6 5.5529457340879465e-5 5.753591160052839e-5 -5.387595684713763e-12 9507.350780127948 7.38778084913168e8
7200 261820.15521631727 36.38089574067077 3.648347365993704e-7 8.328628343781593e-6 6.041871716599491e-6 1.516307156359555e-6 4.918702446948267e-5 4.319100199602609e-5 2.821571699611983e-7 1.0885293504465008e-5 7.798619025283785e-6 1.4882904774765199e-6 5.269221189852222e-5 4.761490096352314e-5 -4.788957350031581e-12 9507.350780127957 7.387780849131618e8
7250 263639.46316054696 36.396186193159295 3.675860622792516e-7 8.348957932200358e-6 6.0564991693328604e-6 1.4438007469328435e-6 4.813802634344143e-5 3.601614143462475e-5 2.8428499987992115e-7 1.0793671723318346e-5 7.919343035803296e-6 1.4170801915731292e-6 4.454061964832958e-5 4.844355164416337e-5 -4.112825739139222e-12 9507.350780127941 7.387780849131659e8
7300 265460.3123509843 36.44193520927404 3.6782663849897574e-7 8.362067399764015e-6 6.1263686522896655e-6 1.3413111544414488e-6 5.640772463728412e-5 3.7074996399403996e-5 2.844710575599009e-7 1.0649115213081188e-5 8.176978542835546e-6 1.316610403489884e-6 5.503768870690901e-5 4.78665589064536e-5 -5.4827440573518836e-12 9507.35078012794 7.387780849131678e8
7350 267284.2219031217 36.51792831518679 3.68071602744309e-7 8.356964106109406e-6 6.255274450868748e-6 1.4041533338522467e-6 5.63943905322721e-5 4.305795922032276e-5 2.84660508869169e-7 1.0470206282972923e-5 8.492400625798497e-6 1.3782040552320008e-6 5.689079770383529e-5 5.0870553539235376e-5 -4.5304141422240784e-12 9507.35078012794 7.387780849131683e8
7400 269083.866552502 36.621692532058574 3.6903082767314116e-7 8.352293930108045e-6 6.389238030792846e-6 1.3180943597185996e-6 5.333590685838416e-5 4.090771423551068e-5 2.8540235761353214e-7 1.029306538279625e-5 8.835328180037229e-6 1.2938064675974658e-6 5.5681089140343454e-5 6.33467679724444e-5 -3.9597000361797165e-12 9507.350780127937 7.387780849131653e8
7450 270913.3756480903 36.539109185501985 3.7082799559816246e-7 8.367504174199688e-6 6.433358611149075e-6 1.5058638525269352e-6 5.457206871793649e-5 4.759399683362315e-5 2.867922576552052e-7 1.0144895249572017e-5 9.100934949557786e-6 1.4779989433538537e-6 5.644238725304854e-5 6.716713982378916e-5 -4.2322340751187965e-12 9507.350780127927 7.387780849131652e8
7500 272738.09760659625 36.45640450396618 3.7288277504611416e-7 8.397601234101496e-6 6.461137730178569e-6 1.482143213294123e-6 5.642259713656037e-5 5.3836569073199145e-5 2.883813902022426e-7 1.0017363475424493e-5 9.380315267083524e-6 1.4548644184111292e-6 5.744849183663858e-5 7.373121420689193e-5 -4.7770456161371265e-12 9507.350780127957 7.387780849131646e8
7550 274559.4514128396 36.4038553659009 3.7338265239210686e-7 8.410727287226275e-6 6.604816981278799e-6 1.4934856087900364e-6 5.750336995909286e-5 5.779076812680763e-5 2.8876798709867443e-7 9.876857718649975e-6 9.763580240543973e-6 1.4658561213647838e-6 5.763904909538274e-5 7.715275415325407e-5 -5.048863649213698e-12 9507.35078012794 7.387780849131655e8
7600 276378.95322390535 36.38173225388385 3.7548136524578117e-7 8.43492895901696e-6 6.745868056957711e-6 1.4545284689660086e-6 5.693553071963649e-5 5.5516426786175345e-5 2.903910970165337e-7 9.78963436692042e-6 1.0112104774731082e-5 1.4276124841654868e-6 5.775996432008625e-5 7.299126593701521e-5 -5.892904378226762e-12 9507.350780127941 7.387780849131678e8
7650 278190.0246030864 36.38987793439138 3.7623273998162173e-7 8.4820121453566e-6 6.864328576071195e-6 1.7648960641479116e-6 5.311536354044807e-5 6.008746485950243e-5 2.9097219784939256e-7 9.775274845469438e-6 1.0420604885485593e-5 1.7323069861646652e-6 6.266769980450735e-5 7.452765118281572e-5 -4.432229445259921e-12 9507.350780127921 7.387780849131662e8
7700 280010.3661972007 36.42797100852229 3.764215880463767e-7 8.532100139845583e-6 6.966109781145183e-6 1.5089209314676086e-6 5.124160491694e-5 6.738407533213076e-5 2.911182498285075e-7 9.790782457771896e-6 1.0674036313605837e-5 1.4810266014527915e-6 5.08210522705618e-5 7.360657953082025e-5 -4.570820612101346e-12 9507.350780127985 7.38778084913166e8
7750 281830.8007844229 36.39151339570922 3.7870627176412976e-7 8.591609405383005e-6 6.949613718152498e-6 1.4733930032236051e-6 5.851914758656422e-5 6.570653054738906e-5 2.9288518654723197e-7 9.851994089667689e-6 1.0727825325519558e-5 1.4461812698928038e-6 6.197769831955532e-5 7.461897774314096e-5 -4.278810830811208e-12 9507.350780127923 7.387780849131649e8
7800 283649.9900660694 36.38129087789408 3.8229907785916396e-7 8.643349698442736e-6 6.8873846768459075e-6 1.577858291523726e-6 5.4850594500585545e-5 5.173120371316097e-5 2.9566380354273564e-7 9.965672218820588e-6 1.0580070304909732e-5 1.548663550947884e-6 5.927048376274874e-5 6.095610800674618e-5 -5.3720924347817e-12 9507.350780127923 7.387780849131678e8
7850 285447.58496798715 36.40099158500047 3.860953694676221e-7 8.700224547151577e-6 6.838404721300847e-6 1.7334068365374579e-6 4.774499147875572e-5 4.394182764781934e-5 2.985997928800666e-7 1.0149757340735815e-5 1.0293761413369305e-5 1.7013376808240087e-6 5.0117959994234e-5 5.640356837015114e-5 -4.782729630591103e-12 9507.350780127947 7.387780849131665e8
7900 287268.7881383347 36.451190942291895 3.8897386823713574e-7 8.768857699968955e-6 6.821886563520814e-6 1.5249408724881015e-6 5.2213286163663664e-5 5.534642860090885e-5 3.0082597636881306e-7 1.0372812924438926e-5 9.972538539125265e-6 1.4968751343079363e-6 4.9361526952903246e-5 6.927183124965897e-5 -5.788317746491942e-12 9507.350780127976 7.387780849131591e8
7950 289093.27282300364 36.531575019641274 3.9123259830439033e-7 8.877014125231344e-6 6.798353334169666e-6 1.448644549958428e-6 5.803448559938959e-5 5.781798251180057e-5 3.0257284096069245e-7 1.0653631117457338e-5 9.650757336595521e-6 1.4218434311318538e-6 5.544414250337235e-5 7.281617621147272e-5 -4.703584659039002e-12 9507.350780127947 7.387780849131641e8
8000 290922.5171222682 36.6311380724923 3.9403309865434894e-7 8.98141974550798e-6 6.770270820924851e-6 1.4514755952067776e-6 4.763162487686788e-5 5.251124133244468e-5 3.047387017570833e-7 1.093344645510791e-5 9.407270858918807e-6 1.424734714460564e-6 6.702335947731315e-5 6.400547869903861e-5 -5.7901755148781e-12 9507.350780127937 7.387780849131643e8
8050 292751.21187618526 36.5236670903269 3.977176322645416e-7 9.074375295896944e-6 6.743826910149071e-6 1.498521699217081e-6 6.308977589050604e-5 5.315285973801627e-5 3.075882593015835e-7 1.122558903282518e-5 9.159127005373281e-6 1.4708225369559266e-6 7.089675419633614e-5 6.397208722821631e-5 -5.0141818759416856e-12 9507.350780127947 7.387780849131635e8
8100 294562.129254556 36.44627746504748 4.015839428337483e-7 9.162754777506935e-6 6.704154001342186e-6 1.58170947450099e-6 6.206390439653943e-5 5.477696516020349e-5 3.105784001491437e-7 1.1538836329634427e-5 8.879107289800878e-6 1.5525839147050262e-6 6.308188905100339e-5 6.811760288458102e-5 -4.8339537238001945e-12 9507.350780127921 7.387780849131624e8
8150 296383.0965267057 36.39843392893035 4.043077588197506e-7 9.237360098236104e-6 6.7329214638137445e-6 1.594768864539242e-6 6.32747047123487e-5 6.0909446823910156e-5 3.1268495452269926e-7 1.1812913825050862e-5 8.698098009628378e-6 1.5652575683906676e-6 7.114665067107847e-5 7.315624019977537e-5 -4.940919064850967e-12 9507.35078012795 7.387780849131707e8
8200 298202.447779166 36.38103291097028 4.080663852680781e-7 9.330843529946114e-6 6.754538555633151e-6 1.5065534908726802e-6 6.368439648969411e-5 5.691292853694534e-5 3.1559181424790245e-7 1.2081948465568818e-5 8.553782610310969e-6 1.4787084681850072e-6 7.536921626905548e-5 7.270019032721108e-5 -5.095471036172955e-12 9507.350780127941 7.387780849131658e8
8250 300021.7034095162 36.39396314925417 4.1219909797411346e-7 9.411138261415394e-6 6.815051104771102e-6 1.7024732780559718e-6 5.005231754331376e-5 6.466611453554966e-5 3.187879861144916e-7 1.2262697115397425e-5 8.51379324922785e-6 1.6710157667028326e-6 6.304281605532052e-5 7.199727368163222e-5 -5.179833373973185e-12 9507.350780127956 7.387780849131647e8
8300 301842.3210540051 36.423285044628585 4.1339740692244413e-7 9.482961168998622e-6 6.862099974913716e-6 1.5799012037058545e-6 5.170866694617247e-5 7.043352551328506e-5 3.197147384974678e-7 1.239812459360353e-5 8.506327736514208e-6 1.5506994816414112e-6 5.746320839688363e-5 6.717899901446805e-5 -4.690098765196827e-12 9507.35078012794 7.387780849131652e8
8350 303637.5066767669 36.38814996180608 4.149950926730951e-7 9.496165293143143e-6 6.911663921572509e-6 1.5750495177416338e-6 6.300441658322082e-5 6.72218000565688e-5 3.2095036231360904e-7 1.2406830590834573e-5 8.561032144210072e-6 1.5459734392619483e-6 6.677160441518281e-5 6.776133796565155e-5 -3.3897938297983984e-12 9507.350780127968 7.387780849131662e8
8400 305456.6400078241 36.382339423114416 4.177877301509877e-7 9.478622556063482e-6 6.94863458890225e-6 1.6428801107132054e-6 6.162303101167777e-5 5.786011253885497e-5 3.2311014209512775e-7 1.2292590554276816e-5 8.692089772883623e-6 1.612468207506015e-6 6.685420490040931e-5 6.016003898807362e-5 -4.461815420124096e-12 9507.350780127972 7.387780849131674e8
8450 307276.25646412437 36.406904660920375 4.2035730083284646e-7 9.475540040792867e-6 6.9743737497814455e-6 1.6181241840844675e-6 5.745583966983033e-5 4.3005831629874475e-5 3.2509740569367983e-7 1.211920445000855e-5 8.882933648953277e-6 1.5882001308751942e-6 6.0108710586676287e-5 5.237064704148671e-5 -3.7053035361213924e-12 9507.350780127923 7.387780849131651e8
8500 309097.87763646356 36.46189539637456 4.220899580368453e-7 9.45909006020205e-6 7.089856331307094e-6 1.4919300116022457e-6 6.384472208946444e-5 4.922005533907164e-5 3.2643741420791196e-7 1.18864250237542e-5 9.178612025917924e-6 1.4644291818180464e-6 6.87329428449653e-5 5.668663260334982e-5 -3.2683829747488145e-12 9507.350780127965 7.387780849131668e8
8550 310923.0179855212 36.546986507076284 4.2316965439175127e-7 9.454668600815383e-6 7.199882887724968e-6 1.5840010716550385e-6 6.705110427420948e-5 5.2986014163278566e-5 3.2727243356691135e-7 1.1668825297208798e-5 9.544004791047262e-6 1.5546809907770794e-6 7.361157540072563e-5 6.325280390409847e-5 -2.9043916308264692e-12 9507.350780127912 7.387780849131663e8
8600 312723.624069618 36.61413008553736 4.24016505843069e-7 9.436356078283354e-6 7.353494794003401e-6 1.5991693255687651e-6 6.37628146538193e-5 5.1451784325423496e-5 3.279273745166968e-7 1.145958767923773e-5 9.944480264286309e-6 1.5696958670946861e-6 7.162407453156455e-5 8.118546968793079e-5 -2.825489316341409e-12 9507.35078012794 7.387780849131639e8
8650 314551.57373944926 36.510811957516566 4.260284425226186e-7 9.462421526548708e-6 7.375117212695271e-6 1.5843244955599483e-6 6.590740634035449e-5 5.061072679237757e-5 3.294833731729945e-7 1.1315092617862463e-5 1.0259538074212969e-5 1.5550862256747615e-6 7.22454498424647e-5 9.330087286782722e-5 -3.4802441318841255e-12 9507.35078012798 7.387780849131681e8
8700 316375.1128232648 36.437233096389484 4.269583156932046e-7 9.47041224554689e-6 7.46500018302135e-6 1.5484413446741193e-6 7.783644912511925e-5 5.55951416474928e-5 3.3020252175164324e-7 1.1149525707109048e-5 1.0633518536069529e-5 1.519917775733776e-6 8.296538771082073e-5 7.55176093872313e-5 -3.1438745328395027e-12 9507.350780127968 7.387780849131658e8
8750 318195.7434302772 36.39392174312218 4.286276066600057e-7 9.48451116999808e-6 7.568305900281857e-6 1.685250119051423e-6 8.320575434094701e-5 6.259923423299926e-5 3.31493523862423e-7 1.0998400357035566e-5 1.1071494226045962e-5 1.6540566479727652e-6 8.621848838940687e-5 8.274568992937121e-5 -3.86791727398622e-12 9507.35078012797 7.387780849131677e8
8800 320007.4290532947 36.38104498562573 4.3147670726948037e-7 9.496274821772939e-6 7.728445980348042e-6 1.6197237109346693e-6 8.650893988979328e-5 6.0835876853314665e-5 3.3369697129822934e-7 1.087042989498261e-5 1.150512113267663e-5 1.5897874313540067e-6 8.704948628405416e-5 8.329056579347305e-5 -3.9258371706822704e-12 9507.350780127988 7.387780849131658e8
8850 321826.79689525004 36.39833602777832 4.337934039114202e-7 9.532079075150085e-6 7.870245154417245e-6 1.656480182940163e-6 7.39991605944496e-5 6.398533504468155e-5 3.354886662825082e-7 1.0819703441363389e-5 1.181268805211476e-5 1.6258728433583272e-6 7.984458548951572e-5 7.824143990860486e-5 -3.4351778805380218e-12 9507.35078012794 7.387780849131674e8
8900 323647.5803828878 36.41631391895617 4.341897699779893e-7 9.587425858270944e-6 7.9014689992218e-6 1.7246698578257885e-6 6.213584271778573e-5 7.516989196246916e-5 3.3579520926383463e-7 1.0871931456191393e-5 1.1925880870630154e-5 1.6927889162938952e-6 6.804269861658056e-5 8.305265601926787e-5 -1.814871929315411e-12 9507.350780127957 7.387780849131649e8
8950 325467.4784833935 36.38520371238271 4.359057290421395e-7 9.666876057287047e-6 7.813525100875989e-6 1.6307036581086612e-6 7.238667749831633e-5 6.413114582239053e-5 3.3712230371190597e-7 1.1019127008882573e-5 1.1767708283292181e-5 1.6005592369165965e-6 7.684769341079005e-5 7.366981674452404e-5 -2.653994425545631e-12 9507.350780127965 7.387780849131652e8
9000 327286.5868262787 36.384197627421166 4.380907963965971e-7 9.730887169181534e-6 7.730696164744106e-6 1.6574474820402058e-6 6.50416628684512e-5 6.960061219466814e-5 3.388121987763446e-7 1.1191082616404501e-5 1.1457776018912021e-5 1.6267688796973096e-6 7.096464570722778e-5 8.08663013757433e-5 -3.081313999216394e-12 9507.350780127932 7.38778084913165e8
9050 329084.50571224705 36.41305264264897 4.389002588971743e-7 9.822668865793469e-6 7.624396304765508e-6 1.6976707746500867e-6 5.4481669454367676e-5 5.899153789853687e-5 3.394382237285646e-7 1.1417707181141045e-5 1.1045904270302972e-5 1.666292038148245e-6 5.5264693110335386e-5 7.601041903094499e-5 -3.0054269500614152e-12 9507.350780127917 7.387780849131666e8
9100 330906.54779160646 36.47248863555059 4.4057099513064783e-7 9.908817037845363e-6 7.609414552101004e-6 1.6151473689180479e-6 7.222909000484626e-5 5.9488906100548607e-5 3.4073034358402353e-7 1.1676980117976006e-5 1.0728038393190565e-5 1.5853410878239434e-6 6.812101277832246e-5 7.74464049025103e-5 -4.668746857751496e-12 9507.350780127976 7.387780849131674e8
9150 332732.3293443502 36.56193533253048 4.4135279727993804e-7 1.0017965954634467e-5 7.590712782558537e-6 1.6404597571274135e-6 7.242724277663197e-5 6.23904550973946e-5 3.4133497647686287e-7 1.1984780742825341e-5 1.0422106779353703e-5 1.6100985169856086e-6 6.981234656037883e-5 7.778651907742818e-5 -3.927563290430356e-12 9507.350780127921 7.387780849131687e8
9200 334562.55177432805 36.5953489404367 4.4536815565382574e-7 1.01379695467786e-5 7.534279164099555e-6 1.6762010342141821e-6 5.4890104319584876e-5 6.573205613593675e-5 3.444403884376823e-7 1.2305503505478498e-5 1.0144823244030581e-5 1.6452397935556866e-6 7.55596936687921e-5 7.989946117536878e-5 -2.630377240194383e-12 9507.350780127965 7.387780849131633e8
9250 336389.6837349112 36.496814536238794 4.481466623185248e-7 1.0232430456344087e-5 7.503127875126695e-6 1.6937967279019673e-6 6.19146689332713e-5 6.807920976053918e-5 3.4658923968083214e-7 1.2614349979504742e-5 9.88194839050108e-6 1.6625235209100983e-6 8.401596527352462e-5 8.147458153628863e-5 -2.6789053033075468e-12 9507.350780127923 7.387780849131681e8
9300 338199.24941555917 36.4285262928063 4.501926734657529e-7 1.0317306696648248e-5 7.518086937342632e-6 1.8302110394834906e-6 7.123377306242832e-5 6.597425715582127e-5 3.4817159096930784e-7 1.2921923184947752e-5 9.6746964237276e-6 1.7964348348425411e-6 7.413610322274177e-5 8.121441178957653e-5 -3.4088378627323564e-12 9507.350780127952 7.387780849131672e8
9350 340019.56504071504 36.38994060366168 4.514861476240984e-7 1.0408785176602087e-5 7.585054396177996e-6 1.7101307226615859e-6 7.720773693591497e-5 7.061302229241079e-5 3.49171942555593e-7 1.3212540120362647e-5 9.52068710020855e-6 1.6784890687185193e-6 7.956503971261463e-5 8.375853566724822e-5 -4.070543104167682e-12 9507.350780127972 7.387780849131671e8
9400 341838.7275575892 36.381786997397384 4.535332281472642e-7 1.0503029533432705e-5 7.667628263140359e-6 1.6221202446559928e-6 7.534624085436332e-5 7.178670276192203e-5 3.507551208807965e-7 1.3432224235659181e-5 9.4457739429243e-6 1.5921189969524261e-6 8.334783804817876e-5 0.00010089919278227968 -3.5521261428990853e-12 9507.350780127932 7.387780849131628e8
9450 343658.2548231876 36.40386399175174 4.550352030646384e-7 1.059119018964028e-5 7.730970709669832e-6 1.832864143608781e-6 6.413672327925205e-5 7.077339226521641e-5 3.519167235173562e-7 1.3609270900090122e-5 9.424040877523602e-6 1.7990212572872327e-6 6.375919519665808e-5 0.00010194794702810423 -3.3455929117406738e-12 9507.350780127928 7.387780849131643e8
9500 345479.12577002915 36.40936490393334 4.5479603643147926e-7 1.0642705851193228e-5 7.786781157869356e-6 1.7785618112168075e-6 6.0142621195408746e-5 7.92256364547893e-5 3.5173175598690747e-7 1.3686509886540515e-5 9.48848397937745e-6 1.7457026519845327e-6 7.17565005525694e-5 8.514750191440288e-5 -4.767511634331537e-12 9507.350780127968 7.387780849131641e8
9550 347274.0581977145 36.38318105123542 4.571132247838963e-7 1.0652788596944531e-5 7.794912844225441e-6 1.786417599940269e-6 7.76708064915212e-5 6.641301649386228e-5 3.535238312531747e-7 1.3643838985253468e-5 9.604175404938617e-6 1.7533776102517927e-6 8.231602316557138e-5 6.80360651492658e-5 -4.031641395274189e-12 9507.350780127965 7.387780849131742e8
9600 349093.1776373668 36.38658401448294 4.5986839808000693e-7 1.0610733493197145e-5 7.83631146477418e-6 1.6793213377656434e-6 6.928444378922478e-5 6.500585903000694e-5 3.556546368527914e-7 1.3419890618248236e-5 9.85998477518626e-6 1.6482613156229274e-6 7.581779694782518e-5 6.793704320398512e-5 -5.7902858053867516e-12 9507.350780127928 7.387780849131645e8
9650 350913.2427511813 36.4204185215696 4.6063377452534624e-7 1.0594052076610184e-5 7.887514468427448e-6 1.612261109166883e-6 6.239874399181186e-5 7.38929870052295e-5 3.562465663760064e-7 1.3179837759228013e-5 1.0121407899720628e-5 1.5824804086869483e-6 6.422208986313418e-5 8.670184663107702e-5 -5.234971568748848e-12 9507.35078012794 7.387780849131647e8
9700 352735.7748238342 36.484615015563115 4.637100157453561e-7 1.0567457815130552e-5 7.974859987174559e-6 1.7571911801592427e-6 8.431158825808542e-5 7.00101605447713e-5 3.5862568061584386e-7 1.2961737897664626e-5 1.0360278028217296e-5 1.7247456195091813e-6 8.399769437151312e-5 8.36235460786295e-5 -5.621982309705415e-12 9507.35078012796 7.387780849131665e8
9750 354532.55594524945 36.5769770540615 4.6456169797197e-7 1.0546064546385666e-5 8.126013681457168e-6 1.8681846193227521e-6 8.808050477745464e-5 6.327046044852226e-5 3.592843576077905e-7 1.2773643382039688e-5 1.070491025219455e-5 1.8336366449546216e-6 9.078363610028485e-5 7.649851813711569e-5 -5.20039652629725e-12 9507.350780127937 7.387780849131653e8
9800 356362.89008294384 36.579605757871555 4.689570054455483e-7 1.0517599393136618e-5 8.246417593085e-6 1.7255110829447945e-6 9.082876757834089e-5 6.5931844337769e-5 3.626836159388209e-7 1.2549294716585315e-5 1.1109672659905027e-5 1.6935975188067223e-6 9.454503172616172e-5 8.802252296129216e-5 -3.93167625592465e-12 9507.35078012792 7.387780849131688e8
9850 358189.3412969067 36.48526131835737 4.7374022894319166e-7 1.0536068588198677e-5 8.241630762264847e-6 1.7884400652051246e-6 9.1275931128231e-5 5.859960843174638e-5 3.66382882127119e-7 1.2368072656854902e-5 1.1419502038865214e-5 1.7554191517715355e-6 9.35012879769358e-5 0.00010162692717578541 -5.627151335985553e-12 9507.350780127965 7.387780849131589e8
9900 360011.8361709112 36.42085609017783 4.7683589657727684e-7 1.0539718432414585e-5 8.333880454356046e-6 1.827540982546066e-6 8.82975366413805e-5 6.83708302078411e-5 3.687770204336304e-7 1.2175225018561243e-5 1.1854558273862933e-5 1.7937771684556053e-6 8.897648388748116e-5 9.223200881580733e-5 -6.564433641275619e-12 9507.350780127965 7.38778084913166e8
9950 361831.88390256476 36.386805075269 4.797221982807655e-7 1.053856727747836e-5 8.505175196468353e-6 1.816769056054322e-6 8.254667074622017e-5 7.809263705419077e-5 3.710092385826344e-7 1.2039635941170002e-5 1.2285296930962941e-5 1.783159500230097e-6 8.668270902073646e-5 0.00010449912068937222 -5.385903307220562e-12 9507.35078012795 7.387780849131645e8
10000 363644.0151622948 36.383129205875 4.816225031187142e-7 1.0568310264634906e-5 8.692179956450543e-6 1.8139572359188388e-6 7.838028095391666e-5 7.763319515269285e-5 3.724789030126899e-7 1.1994895339990996e-5 1.265158787964205e-5 1.7804098757323572e-6 0.00010584170451121501 9.771139295897872e-5 -6.82842921458158e-12 9507.350780127914 7.387780849131652e8
10050 365463.72069377307 36.40955207027981 4.82553076438462e-7 1.062874830590395e-5 8.848366255322138e-6 1.7343215371836619e-6 7.330313338324831e-5 7.910921726237347e-5 3.7319859307558505e-7 1.1995829016447857e-5 1.2933980993768617e-5 1.702272762100703e-6 0.00011171204333046517 9.661537444897492e-5 -5.292600468409869e-12 9507.350780127947 7.387780849131707e8
10100 367284.58474189875 36.40369146687952 4.828777533727485e-7 1.0705050301582854e-5 8.861909907234291e-6 1.816186977689609e-6 6.721070558524289e-5 8.519399848279981e-5 3.734496928638026e-7 1.2084884126147903e-5 1.2966341347473817e-5 1.782643019257013e-6 8.551092602357432e-5 9.529253263801825e-5 -4.496616368168679e-12 9507.350780127927 7.387780849131622e8
10150 369104.08347125136 36.381697383960656 4.862561165128728e-7 1.076732643886191e-5 8.732706462217431e-6 1.792088893639679e-6 8.228984780890618e-5 7.094835770441065e-5 3.760624632143294e-7 1.2242528657392065e-5 1.2701865619653206e-5 1.7589469185575062e-6 8.738712420477378e-5 8.096670034123048e-5 -4.875383469435511e-12 9507.350780127947 7.387780849131664e8
10200 370923.25125187985 36.38991320152679 4.887247349508964e-7 1.0825389833858445e-5 8.61149906030739e-6 1.7916299927093254e-6 7.657110764626179e-5 6.568650905352939e-5 3.779716520112948e-7 1.2455457855278701e-5 1.2326370942698826e-5 1.7584744535499147e-6 8.418444668391663e-5 7.904792880433408e-5 -5.793191946828696e-12 9507.350780127928 7.387780849131656e8
10250 372721.6262066977 36.427928781528244 4.898449775460155e-7 1.0888920163635545e-5 8.559661158480478e-6 1.7157268284457662e-6 5.7721965822973015e-5 7.91730579180275e-5 3.788380291646102e-7 1.2687028554014082e-5 1.1941083286821441e-5 1.6840726552467088e-6 6.590992838460202e-5 0.00010253022512470482 -5.679891676903486e-12 9507.35078012799 7.387780849131688e8
10300 374544.64676585793 36.49654545637872 4.919125447975787e-7 1.0992091151227578e-5 8.518443344443125e-6 1.8743750907782957e-6 7.268838637656432e-5 7.205643184085984e-5 3.8043705158763835e-7 1.2945317035198418e-5 1.1591499688839225e-5 1.8397712109251066e-6 6.899094963048594e-5 9.408819964444805e-5 -5.415793680299012e-12 9507.350780127968 7.387780849131666e8
10350 376371.86197523464 36.59500264247738 4.922019882763146e-7 1.1122976441139676e-5 8.478370768079166e-6 1.8112411451574359e-6 6.103599783712395e-5 7.845626149347487e-5 3.806609024016336e-7 1.327942569915797e-5 1.1281110043028984e-5 1.7778001721977163e-6 8.578505479224362e-5 9.690406426733633e-5 -4.1284160967363755e-12 9507.350780127974 7.387780849131655e8
10400 378202.0559171976 36.56224919796856 4.946184244905309e-7 1.1250209706837972e-5 8.383317451322225e-6 1.9016497930943997e-6 6.625725482015228e-5 8.603820656698068e-5 3.8252973432815736e-7 1.3654361935466549e-5 1.0923712476031718e-5 1.86645161052804e-6 0.00010618173494899392 0.00010425671063343006 -5.3886586853960025e-12 9507.35078012794 7.387780849131684e8
10450 380027.7621199503 36.47274296507475 4.962977274743398e-7 1.136450189929855e-5 8.324203829112873e-6 1.8765315753153777e-6 8.15291279665835e-5 9.032034179216438e-5 3.8382847956756295e-7 1.4029911612977328e-5 1.0619944320483367e-5 1.8419100014037165e-6 0.00010183893105097179 0.00010760892422248204 -4.9983297167357144e-12 9507.35078012796 7.387780849131675e8
10500 381836.1381857557 36.41360109919951 4.970764178095079e-7 1.1432887125536781e-5 8.377595206978424e-6 1.8262138008529453e-6 8.841017472786709e-5 8.715618664982112e-5 3.844307058338374e-7 1.4327864846998085e-5 1.0471291501777635e-5 1.7924580332838461e-6 8.855006832939546e-5 0.0001015678141572894 -5.130597441427768e-12 9507.350780127901 7.387780849131691e8
10550 383655.94356736453 36.3842715950889 4.983223443334198e-7 1.1523494016154317e-5 8.467283269859115e-6 1.8756505199157816e-6 8.730677338434046e-5 8.351293602683816e-5 3.853942848646145e-7 1.4616634050635838e-5 1.039555247068449e-5 1.8409299460374387e-6 0.0001081744855787141 9.664422896494654e-5 -3.651560978441366e-12 9507.350780127892 7.38778084913168e8
10600 385475.05826771626 36.38534621745667 4.984637880037511e-7 1.1614819108375427e-5 8.605785720526305e-6 1.8891772106132173e-6 8.026296735275463e-5 8.686664937828588e-5 3.855036750675843e-7 1.4845221936232553e-5 1.0394681766657071e-5 1.8542647518895715e-6 8.718566502211982e-5 0.0001226152389563447 -3.909434127286628e-12 9507.35078012795 7.387780849131688e8
10650 387294.99636946106 36.416527661601194 4.985375328104591e-7 1.1731094743000283e-5 8.659232933881027e-6 1.919788241000613e-6 6.0918857930882385e-5 8.312300740943724e-5 3.8556070808481684e-7 1.5042656419686616e-5 1.0403654551331058e-5 1.884299827509573e-6 8.734999537991037e-5 0.00011644325263449595 -4.4047417121746464e-12 9507.350780127928 7.387780849131659e8
10700 389091.20804381167 36.39861835517471 4.990078710312775e-7 1.1768402254786212e-5 8.721106150995361e-6 1.879333338883693e-6 6.935841782155307e-5 9.636447514853716e-5 3.859244599100932e-7 1.5065828300160018e-5 1.0550329474404448e-5 1.8446068512654759e-6 0.0001001760644559489 9.511841060243894e-5 -5.390057672786451e-12 9507.35078012796 7.387780849131702e8
10750 390910.5642546055 36.380994216994644 5.019230574015489e-7 1.1767757474122457e-5 8.68571769001333e-6 1.794056655952065e-6 8.161698347750528e-5 8.23824778765548e-5 3.8817901698408246e-7 1.4987314656408372e-5 1.0656868107160575e-5 1.760905145827187e-6 8.717225243886479e-5 8.406072705243198e-5 -4.362673496071023e-12 9507.35078012798 7.387780849131656e8
10800 392729.8099873249 36.3936497939085 5.035170712763303e-7 1.1731526199138897e-5 8.688490227798186e-6 1.8094105100738668e-6 7.382283719579572e-5 7.770006118536472e-5 3.8941180103226074e-7 1.4758700220944399e-5 1.088778757760617e-5 1.7759190341229623e-6 9.23085032709047e-5 8.96594823675356e-5 -4.1148014558507416e-12 9507.350780127932 7.387780849131647e8
10850 394550.46472349064 36.43674594048598 5.054989602602445e-7 1.1689481498808053e-5 8.734137641377233e-6 1.8878588151834078e-6 7.039168865905893e-5 8.890521810957328e-5 3.9094456129559105e-7 1.446791623803426e-5 1.1144598249696828e-5 1.8530916281775453e-6 0.00010427557388690406 0.00010489345851109959 -2.5380723106238837e-12 9507.350780127914 7.387780849131653e8
10900 396374.04791961674 36.510122996932495 5.094482189411632e-7 1.1649708654704187e-5 8.832236837114491e-6 1.9284262454859393e-6 8.78498761714577e-5 7.401146018218396e-5 3.939988528442645e-7 1.4212502525904356e-5 1.1425766908802065e-5 1.892822650037077e-6 8.632249691874723e-5 8.872448277672054e-5 -4.26977652154603e-12 9507.350780127965 7.387780849131699e8
10950 398171.7944422635 36.61127558528923 5.11342644959267e-7 1.1605948485404555e-5 9.009678967183632e-6 1.984199319770813e-6 9.65761701990235e-5 8.660334305256934e-5 3.9546397069322455e-7 1.3972868738184186e-5 1.185265863158731e-5 1.947630164764173e-6 0.00010057290235722281 0.00010554684325210274 -3.710480220218243e-12 9507.35078012796 7.387780849131666e8
11000 400001.6338085018 36.54781841890995 5.149252772568465e-7 1.1582303908461809e-5 9.089767964090365e-6 1.91083205088731e-6 0.00010461273848104954 7.03391207340141e-5 3.982347194417598e-7 1.3720755530777614e-5 1.2280247875207218e-5 1.8754638678330865e-6 0.00010828508538194049 0.00011863872735647846 -3.3662115832358962e-12 9507.35078012795 7.387780849131645e8
11050 401826.72531690187 36.46252035165887 5.182284321034006e-7 1.159540945530435e-5 9.086225018459688e-6 1.9188904751125476e-6 0.00011424699243746443 6.92373689283867e-5 4.007893249384773e-7 1.3504983802342697e-5 1.265833598531583e-5 1.8835327287328014e-6 0.00011642945856012265 0.00011369658012301278 -2.6706482624385685e-12 9507.350780127917 7.387780849131653e8
11100 403648.31725086184 36.40731029339584 5.19551441294585e-7 1.1606177295558125e-5 9.161037347847033e-6 1.9103753754439313e-6 0.00011396398027596069 7.285471351690499e-5 4.018125184340849e-7 1.3320204289842554e-5 1.3082513083630586e-5 1.8750413028575943e-6 0.00011428703324216728 9.832516437687853e-5 -3.5104159297267168e-12 9507.350780127957 7.387780849131662e8
11150 405467.92340578994 36.38250570317288 5.223734232399127e-7 1.1619567993756636e-5 9.348733676331969e-6 1.954577150669534e-6 0.00010526595895230796 7.47428761986903e-5 4.0399499274177784e-7 1.321455465930872e-5 1.3481324610243016e-5 1.9183974612256798e-6 0.00011697262433270907 0.0001173354931597593 -3.132288256155279e-12 9507.350780127901 7.387780849131685e8
11200 407280.65605369344 36.388010738600194 5.246241414057178e-7 1.1634395880400837e-5 9.62596219153045e-6 2.014684865975889e-6 9.608987097444415e-5 0.00010581857072128324 4.057356610606385e-7 1.3152806721037201e-5 1.3922949771976054e-5 1.977505059891942e-6 0.00013935514582493543 0.0001193044623379978 -3.5073642897672566e-12 9507.350780127941 7.38778084913162e8
11250 409100.83808919013 36.423519216222445 5.246870826310886e-7 1.1674477830378916e-5 9.836229179176493e-6 1.9825192961596252e-6 7.774673987773908e-5 0.00010572707589817686 4.057843387676964e-7 1.3154369458396488e-5 1.4290483979368584e-5 1.945874162883952e-6 0.00013157736863161107 0.0001158101443681191 -2.435430764333739e-12 9507.350780127936 7.387780849131659e8
11300 410921.4195700622 36.39381363696847 5.260678896463397e-7 1.1749461571054617e-5 9.783874658919219e-6 2.0165454023678137e-6 7.491694202960974e-5 0.000112636100864915 4.06852232147473e-7 1.324966518436817e-5 1.4292695836898922e-5 1.9792879292528647e-6 8.773706881522727e-5 0.00012750647954691362 -3.294633970435211e-12 9507.350780127916 7.387780849131645e8
11350 412740.65726262133 36.38097515325837 5.296789513149525e-7 1.1791476968257499e-5 9.666814007874142e-6 1.9126848702610944e-6 8.472203891540183e-5 9.192955079817876e-5 4.0964496770320127e-7 1.3393631940919365e-5 1.4030435980188168e-5 1.8773188543648366e-6 9.142763465983283e-5 0.00010637344127767215 -2.9258450043432253e-12 9507.350780127994 7.387780849131628e8
11400 414560.0250986626 36.398457760435406 5.316892890435085e-7 1.1861817232656885e-5 9.487289533657672e-6 1.945222387486695e-6 8.168585512211945e-5 8.327830792702933e-5 4.111997297564668e-7 1.3604246978629914e-5 1.3599248896207397e-5 1.9092337489940507e-6 8.339981330967577e-5 0.00012280031120546835 -4.326620494994141e-12 9507.350780127965 7.387780849131631e8
11450 416358.98887581995 36.445621576313584 5.339828677776666e-7 1.19169591326118e-5 9.414060417789681e-6 1.9631316360507986e-6 5.4261054588213427e-5 9.155849279866238e-5 4.129735457330198e-7 1.3793465926260071e-5 1.323824731061075e-5 1.9269862791558767e-6 6.270029880595745e-5 0.0001223815802793369 -4.0051807668553205e-12 9507.350780127932 7.387780849131645e8
11500 418183.1283686731 36.52339531420939 5.36192152702377e-7 1.2003440402004454e-5 9.393020392341224e-6 2.1358830888723514e-6 9.251680421865782e-5 8.718488948301647e-5 4.146821702674506e-7 1.4059902910546493e-5 1.2928237928328495e-5 2.0963898630576843e-6 8.837188986773601e-5 0.00011011596921816097 -4.140082780496068e-12 9507.350780127908 7.387780849131658e8
11550 420011.9148351511 36.63077750295076 5.366031605363654e-7 1.2140034670697293e-5 9.350734164777705e-6 1.945198779679571e-6 7.022704230591378e-5 9.37459904767779e-5 4.150000369502913e-7 1.4478110556738504e-5 1.254949123825674e-5 1.90936949152857e-6 8.595524445605853e-5 0.0001145390047665895 -4.284402547634469e-12 9507.35078012796 7.387780849131659e8
11600 421841.0748292705 36.53188647222024 5.391024585480974e-7 1.2281771707793723e-5 9.230742506035742e-6 2.0678787930300775e-6 7.789323920539291e-5 9.970760684712848e-5 4.169329528228513e-7 1.4941518072326019e-5 1.2060869223356749e-5 2.0296299065111423e-6 0.00011789791604854304 0.00012018532989261461 -4.30936934839772e-12 9507.350780127945 7.387780849131609e8
11650 423651.65331690235 36.4519639365046 5.40497137223811e-7 1.2395057088059536e-5 9.181521286728746e-6 2.0136019299950767e-6 0.000101831798382709 0.00010452912872427473 4.1801157431645105e-7 1.5339080075761848e-5 1.1716046460498805e-5 1.9765364374831997e-6 0.0001070733711215835 0.0001237241333234346 -4.5776877592372196e-12 9507.350780127994 7.387780849131649e8
11700 425472.837701859 36.4014755262224 5.402815200746964e-7 1.2484059341527199e-5 9.226573860865787e-6 2.046371223815257e-6 0.00010639073796615296 0.00010814913361376485 4.178448195687965e-7 1.5680749793217124e-5 1.1520797450804341e-5 2.0085120702011795e-6 0.0001078567974286045 0.00012508135396614717 -2.9368607736824557e-12 9507.350780127927 7.387780849131662e8
11750 427292.27284913894 36.38140481610278 5.425785803752348e-7 1.2580596297239474e-5 9.338544515744324e-6 1.9371685684934735e-6 0.00010250382497961536 9.778858615726194e-5 4.1962132813158715e-7 1.595237589814345e-5 1.1472920965236847e-5 1.901336386166707e-6 0.00012913081586868032 0.00014384347691549012 -4.32648839765587e-12 9507.350780127936 7.387780849131664e8
11800 429111.47940369503 36.39168410538184 5.448182559197981e-7 1.2698033363108348e-5 9.470336232677772e-6 2.1207510975291995e-6 8.94704471862084e-5 0.00011399429483968997 4.213534562698836e-7 1.6218967787683854e-5 1.146896402862943e-5 2.0815741428973854e-6 0.00011120709612493999 0.00015965596831433085 -4.2203051111367415e-12 9507.350780127972 7.387780849131671e8
11850 430931.95984440076 36.42777330529451 5.463362113652343e-7 1.2800389654539869e-5 9.54131448011537e-6 2.0434985609169524e-6 6.672234183594071e-5 0.00011997975791160451 4.225274179845674e-7 1.6445814019227027e-5 1.1424811421284308e-5 2.005723220292435e-6 0.00010750521572310403 0.00014100704840751103 -4.166579783544315e-12 9507.350780127927 7.387780849131665e8
11880 432000.0 12.043877597723622 5.481612917402288e-7 1.2832780208340105e-5 9.563355357436786e-6 2.03571313938559e-6 7.742922437754203e-5 0.0001216677818664446 4.2393890505429843e-7 1.650171177036801e-5 1.1449702046964308e-5 1.998104918830461e-6 0.00011922170897908958 0.00011945771466371488 -3.830057028165466e-12 9507.350780127954 7.387780849131645e8
