#timestep time dt l2_h l2_h_vcon1 l2_h_vcon2 linf_h linf_h_vcon1 linf_h_vcon2 dsdu_ut mass entropy 
0 0.0 100.0 0.0 0.0 0.0 0.0 0.0 0.0 6.131606181730612e-12 9507.35078012804 7.387780850018977e8
50 1311.854166498011 26.213173627946972 0.002300291253693158 4.717694449333266e-7 8.93155029509527e-7 0.010948261781322799 4.610975116281502e-6 4.557814515637748e-6 -8.192434247058898e-8 9507.350780127994 7.387780850018457e8
100 2621.4306417837083 26.172317462699624 0.002443882552060395 6.052454685180101e-7 9.650432008188298e-7 0.011702081206749426 6.269638026634716e-6 5.483853119991888e-6 -1.0286266009515109e-7 9507.350780128112 7.387780850017124e8
150 3929.2138987612857 26.141293626393704 0.002260252742076871 7.113257488586684e-7 8.580735907482965e-7 0.013436771017040883 7.75910468742147e-6 5.250093774888942e-6 -9.284196860076113e-8 9507.35078012809 7.387780850015923e8
200 5235.702040698191 26.120346944836683 0.0022843680619925445 8.502790561027688e-7 9.63399216876063e-7 0.013758594306636951 9.081991465431649e-6 5.10753161037103e-6 -9.3269399013587e-8 9507.35078012802 7.387780850014763e8
250 6541.4037776075 26.109655968333534 0.0022416862501837337 9.882863357463311e-7 9.591831365421243e-7 0.013769897231668438 9.999222550849396e-6 5.737395413318858e-6 -9.265960079340379e-8 9507.350780128058 7.387780850013553e8
300 7846.8349834848495 26.10933222884375 0.0022094561413738105 1.1226058812175307e-6 9.908000760244259e-7 0.013020582133322023 1.1002633492296354e-5 5.8821869610981015e-6 -8.965370187737337e-8 9507.350780128052 7.387780850012293e8
350 9152.51555469029 26.119424008031952 0.0022246467704497845 1.2512318263005127e-6 1.045698022752052e-6 0.013342657068733388 1.1870445792760975e-5 6.185212678477825e-6 -9.061486839972348e-8 9507.35078012807 7.387780850011128e8
400 10458.965944289748 26.139908004730376 0.0021977507108479413 1.3696989761969113e-6 1.0702974753339832e-6 0.012460307395940617 1.2569896441161355e-5 6.408550319081385e-6 -8.98342970456609e-8 9507.350780128072 7.38778085000996e8
450 11765.904505279495 26.1287215132378 0.0021957004179985282 1.4807710224939917e-6 1.1152844468522958e-6 0.012347789911927975 1.3393647329218439e-5 6.945558339133129e-6 -8.894180703732835e-8 9507.350780128034 7.387780850008788e8
500 13071.902769165745 26.113250547924366 0.0022048765159948507 1.5855485893641666e-6 1.1611486735062238e-6 0.012033512482958031 1.3958369352473632e-5 7.1932482191283675e-6 -8.97621066658679e-8 9507.35078012799 7.387780850007612e8
550 14377.392907416199 26.108191920856953 0.002194524029944613 1.679092010706254e-6 1.1925522728558826e-6 0.012723867345812323 1.4463672921571913e-5 7.717576579469032e-6 -8.960652061746794e-8 9507.350780128088 7.387780850006449e8
600 15682.895509923865 26.11353344575295 0.0022101928913994336 1.7634885406942514e-6 1.2325309613534942e-6 0.012585204216065904 1.4881051500825748e-5 7.899220981988364e-6 -8.953678535668554e-8 9507.350780128107 7.387780850005345e8
650 16988.928847539748 26.129196270558396 0.0022190752928497016 1.8406697349816073e-6 1.272779144736602e-6 0.012128077705256146 1.509638614372033e-5 7.90367458561314e-6 -9.051862261602264e-8 9507.35078012802 7.387780850004075e8
700 18296.005560848833 26.15503530117637 0.0022210699117712262 1.9069202132324697e-6 1.3020764868712293e-6 0.012724914176033053 1.5400768257345376e-5 7.854372780224939e-6 -9.073735941276958e-8 9507.350780128012 7.387780850002893e8
750 19604.629368478014 26.19084027407328 0.00223011323371784 1.9674489585415106e-6 1.3361517313116276e-6 0.012565860833092302 1.5546106691410877e-5 7.98229976031739e-6 -9.097936726537676e-8 9507.350780128098 7.38778085000181e8
800 20915.29181624301 26.236335828319426 0.002239071474992898 2.022396889752274e-6 1.3662270637422691e-6 0.012961606698809192 1.5632863324732682e-5 8.070441935875694e-6 -9.174301309469954e-8 9507.350780128034 7.387780850000541e8
850 22227.74740174219 26.236021464060073 0.0022303487845394356 2.0689874441045092e-6 1.3926383762574687e-6 0.013064123714684683 1.5563486761904777e-5 7.87300363350174e-6 -9.205490632044117e-8 9507.350780127996 7.387780849999372e8
900 23538.35005553541 26.190582011942844 0.0022365053416267874 2.111555096803098e-6 1.4164230893081107e-6 0.013045158738350437 1.536234016008553e-5 8.008188973784858e-6 -9.220460476750212e-8 9507.350780128072 7.387780849998108e8
950 24846.9266330659 26.154835891379435 0.0022377275537236005 2.1529614174056937e-6 1.4423257868560815e-6 0.01280444783560597 1.512645254309053e-5 8.182162128129306e-6 -9.279069687977107e-8 9507.350780127992 7.387780849996904e8
1000 26153.969098025053 26.129058413706606 0.0022329911432587436 2.1885828965427214e-6 1.4582646383686655e-6 0.012961822971647052 1.4721302846854023e-5 8.21304758807928e-6 -9.310076079285588e-8 9507.350780128054 7.387780849995733e8
1050 27459.981478405683 26.11345839470657 0.002224778283452429 2.2213037208084508e-6 1.478905184498319e-6 0.013339954492948891 1.4346899872452745e-5 9.125556919620248e-6 -9.319538376458531e-8 9507.350780127992 7.387780849994477e8
1100 28765.476610418005 26.10818076123155 0.0022286585380431436 2.2550087619984718e-6 1.4954145318443476e-6 0.01372698310206033 1.3901617803568911e-5 9.821041828950161e-6 -9.367656972465223e-8 9507.350780128005 7.387780849993268e8
1150 30070.972893263428 26.113303774349188 0.002223112821519879 2.286595000817362e-6 1.504629631709621e-6 0.013495681848780805 1.3420638063643686e-5 1.022443571357945e-5 -9.386905525290823e-8 9507.350780128098 7.387780849992032e8
1200 31376.9909145683 26.128838319251784 0.002213929472252827 2.3140203344452184e-6 1.5182354719158215e-6 0.012757606840750668 1.3019150256421419e-5 1.0357234155322637e-5 -9.378820287349906e-8 9507.350780128016 7.387780849990778e8
1250 32683.943564035017 26.139757001936875 0.0022219449749317846 2.3401095406242312e-6 1.5311313926159422e-6 0.012652565101689106 1.3399280793691126e-5 1.0786402793755423e-5 -9.431135918802855e-8 9507.350780128043 7.387780849989578e8
1300 33990.36749127539 26.119334787430518 0.002226664016721233 2.3649364685494175e-6 1.5370467196043961e-6 0.012756726023781084 1.3681541025101218e-5 1.0961353045096933e-5 -9.475490203967496e-8 9507.350780127957 7.387780849988348e8
1350 35296.03512725459 26.109306653891014 0.0022232474140219966 2.387065675253819e-6 1.5429701009602982e-6 0.012760524963596254 1.4118071092306117e-5 1.0764795377621317e-5 -9.467586919915543e-8 9507.350780128061 7.387780849987131e8
1400 36601.466973175986 26.109692482087702 0.002231310509327904 2.404805178736707e-6 1.5514508757533736e-6 0.013000709234802343 1.4341126664874082e-5 1.017283529405888e-5 -9.496756522623642e-8 9507.35078012809 7.387780849985886e8
1450 37907.18279267734 26.12044494721411 0.002244237898116365 2.418005132579272e-6 1.5584024373543073e-6 0.013268318928112421 1.419296111326851e-5 9.324309816927112e-6 -9.564290900847065e-8 9507.35078012798 7.387780849984617e8
1500 39213.69831457581 26.14145118196504 0.002247949877649002 2.429272550980238e-6 1.5621650863825036e-6 0.01339814834364006 1.425149198441833e-5 8.748509212730404e-6 -9.604092904783313e-8 9507.350780128001 7.387780849983387e8
1550 40521.52193461051 26.172532030221273 0.0022469925375789017 2.4397882512830955e-6 1.5646136968113828e-6 0.013252111645215336 1.4462681289129087e-5 9.00455568997316e-6 -9.601872787703215e-8 9507.350780128025 7.387780849982102e8
1600 41831.15141443295 26.21344283455649 0.0022606145095242875 2.4466358682346058e-6 1.56813951404305e-6 0.013106287250593596 1.440928485529902e-5 9.172167217075256e-6 -9.605452192902991e-8 9507.350780128052 7.387780849980829e8
1650 43143.0671173009 26.26101758784832 0.0022706906973663345 2.4498443630665136e-6 1.574985847979458e-6 0.013355255705846503 1.413837565567011e-5 9.024300086646342e-6 -9.657363710695081e-8 9507.350780128028 7.387780849979613e8
1700 44433.00051225179 26.211824117167573 0.002263968384605479 2.4536410310988195e-6 1.5782444309037217e-6 0.013683921500614815 1.3868476900102955e-5 9.123427036711318e-6 -9.697282656767413e-8 9507.350780127992 7.387780849978366e8
1750 45742.5168006745 26.171254659616906 0.0022544326851502584 2.4602725582035587e-6 1.5777663928181064e-6 0.0132608426065417 1.3572791119575989e-5 9.689985485089592e-6 -9.680376811850771e-8 9507.35078012802 7.387780849977043e8
1800 47050.25440581967 26.14052567599365 0.0022538992820815905 2.4673410385454537e-6 1.5806006213405985e-6 0.0129697864344962 1.3204508063080489e-5 9.888559317883239e-6 -9.643644851521392e-8 9507.350780128045 7.387780849975852e8
1850 48356.711788935485 26.11987902926867 0.0022607972783264957 2.474353547778952e-6 1.5857177904188176e-6 0.013451327469738317 1.303642332339816e-5 9.625435915400216e-6 -9.651558129550627e-8 9507.350780127954 7.38778084997457e8
1900 49662.3978507092 26.109491673073542 0.0022561263716012483 2.4834489918683445e-6 1.5894885363797216e-6 0.013564333558861108 1.325830023579666e-5 1.0493404215328184e-5 -9.675839585315692e-8 9507.350780127996 7.387780849973372e8
1950 50967.82866486416 26.109474652772196 0.002242006534444914 2.4955199341166095e-6 1.5911632380766018e-6 0.012593278176154854 1.3440767335559656e-5 1.1072239535669937e-5 -9.655506857849137e-8 9507.350780127994 7.38778084997206e8
2000 52273.524150794954 26.119871985628976 0.0022352566627422783 2.5098168960833294e-6 1.592785061666858e-6 0.012870650442891929 1.3716067065350224e-5 1.1375944726499387e-5 -9.621005330827636e-8 9507.350780128012 7.387780849970742e8
2050 53580.00470946753 26.140660129581207 0.002236773147810354 2.5243984409066206e-6 1.5955306873495907e-6 0.012272813939489424 1.4139572793947508e-5 1.1985691949156774e-5 -9.608869215248107e-8 9507.350780127981 7.387780849969589e8
2100 54886.924941220124 26.128117332910872 0.002240090957425504 2.5383866500811163e-6 1.5983975846533404e-6 0.012216388846354675 1.4609187752312458e-5 1.2189354639063898e-5 -9.610871987791457e-8 9507.350780128088 7.387780849968287e8
2150 56192.900750792614 26.112950627604473 0.0022393907780116564 2.5520583671029394e-6 1.6003590055351967e-6 0.01233407605877801 1.5022932567165803e-5 1.2089257165670553e-5 -9.604456865878789e-8 9507.350780127954 7.387780849967053e8
2200 57498.38365625721 26.108196327618796 0.0022371264591347136 2.5648163508514437e-6 1.6017655800193699e-6 0.012894241258436523 1.535607669667094e-5 1.1728833378216175e-5 -9.590076771462294e-8 9507.350780128025 7.387780849965806e8
2250 58803.894214932414 26.1138408824539 0.0022391515445796335 2.575433539561333e-6 1.6038626206453338e-6 0.013061906965504022 1.562912051644716e-5 1.1061678704016309e-5 -9.590654630311216e-8 9507.35078012806 7.387780849964514e8
2300 60109.95058708925 26.129803512487925 0.002244268023313934 2.5829694085637424e-6 1.6066909745846847e-6 0.013107558662341035 1.5804339811076318e-5 1.0052174037822326e-5 -9.606627619523702e-8 9507.350780128028 7.387780849963273e8
2350 61417.0652037415 26.15593728746181 0.002248917180184373 2.587454681627896e-6 1.6089143238018915e-6 0.01415659917256562 1.6016804201157697e-5 1.0919267063175253e-5 -9.619582767317158e-8 9507.350780128072 7.387780849962e8
2400 62725.74147763228 26.192029836253923 0.0022501447254817575 2.589770052853684e-6 1.610409757470548e-6 0.013842493692209246 1.6057961725879366e-5 1.2184147612476215e-5 -9.622017982513472e-8 9507.350780128068 7.387780849960767e8
2450 64036.47054985751 26.237804036685908 0.0022461104177792087 2.590699020587824e-6 1.6117826613367507e-6 0.012924983215270913 1.5962269982905397e-5 1.3396290571038305e-5 -9.616882413235554e-8 9507.350780128036 7.387780849959471e8
2500 65348.92167173571 26.23455195543666 0.0022405646550683355 2.590955627275236e-6 1.6122200362396481e-6 0.013565101969106763 1.5957248064413232e-5 1.4044865619095015e-5 -9.607347860541601e-8 9507.350780128023 7.387780849958161e8
2550 66659.45793141892 26.18939201411072 0.0022362674151127533 2.591502876605334e-6 1.6115654078560354e-6 0.015076723242600565 1.6139985820839975e-5 1.4068599323735498e-5 -9.60042326446612e-8 9507.350780128067 7.38778084995695e8
2600 67967.98234855484 26.153934986489432 0.002232983547877987 2.5935586724725843e-6 1.6096762588749711e-6 0.01466839064778469 1.567790514550582e-5 1.352325969254664e-5 -9.595847636277586e-8 9507.350780128045 7.38778084995569e8
2650 69274.98728487075 26.128453260553954 0.002228036098045807 2.5978551281097945e-6 1.6063799847099015e-6 0.013389992043812526 1.4602432977350865e-5 1.2421211913291041e-5 -9.59045078095341e-8 9507.350780128032 7.387780849954436e8
2700 70580.97706909782 26.113154417624074 0.0022204267402959744 2.6044605472664596e-6 1.6017376625978995e-6 0.012815692139156454 1.4129109404903417e-5 1.082293828504749e-5 -9.575092535038366e-8 9507.350780128045 7.387780849953197e8
2750 71886.46475176683 26.108180995547794 0.002214878679759008 2.6142341746744826e-6 1.5955862977928296e-6 0.012919521967887704 1.440550478837288e-5 1.176135955549551e-5 -9.55063589848391e-8 9507.35078012804 7.387780849951866e8
2800 73191.96883548725 26.113609587276535 0.0022139218916473516 2.6272022953264105e-6 1.5885621918623275e-6 0.012911489880480076 1.4678627414110856e-5 1.2793879836492383e-5 -9.537468326588111e-8 9507.350780128038 7.387780849950736e8
2850 74498.00993364339 26.129449157169155 0.0022118328799828205 2.6421572222441877e-6 1.5815592008866017e-6 0.012492623742673459 1.495909782700533e-5 1.3540423249303046e-5 -9.534783476378633e-8 9507.350780128036 7.387780849949487e8
2900 75804.97679281363 26.13900756773843 0.002205680429092743 2.6586402662392174e-6 1.5744478708032571e-6 0.012356206497315725 1.5217927707089629e-5 1.3859121510528816e-5 -9.521367342138346e-8 9507.350780127994 7.387780849948214e8
2950 77111.3709770181 26.11888875418132 0.0022045771486239856 2.676254331201849e-6 1.5669647415833955e-6 0.012054225608608249 1.564767261441613e-5 1.3770806942065006e-5 -9.496100029340251e-8 9507.350780128036 7.38778084994693e8
3000 78417.02406825741 26.109164843785056 0.0022147394336068734 2.6942802109951216e-6 1.5598327508772594e-6 0.011861760879583017 1.6033043603980168e-5 1.337544555451986e-5 -9.486656059667901e-8 9507.350780128056 7.38778084994571e8
3050 79722.4565831652 26.109854899336415 0.0022282705591055657 2.711556397743357e-6 1.554038354006282e-6 0.012209978715418401 1.6297642889462338e-5 1.2652379297040106e-5 -9.504858646433294e-8 9507.350780128014 7.387780849944493e8
3100 81028.18825073322 26.120909860759628 0.0022361071593762476 2.7271832428857134e-6 1.5493419805711164e-6 0.013015906905820884 1.648851727320544e-5 1.1589540876322246e-5 -9.52828961875687e-8 9507.350780128072 7.387780849943248e8
3150 82334.73463873983 26.142214009399336 0.0022393099720299224 2.7414170384020657e-6 1.5446465278243986e-6 0.013266046020817157 1.6696313194675128e-5 1.0796942171320545e-5 -9.537677686223653e-8 9507.350780128023 7.387780849941933e8
3200 83642.60386492901 26.17358646306388 0.0022426085274358403 2.75431299197282e-6 1.5400287477804041e-6 0.013104086472139898 1.684797276113592e-5 1.1000893154422542e-5 -9.541264515293838e-8 9507.350780128072 7.387780849940743e8
3250 84952.29334031382 26.214781086376917 0.0022468715673524746 2.7653944441824924e-6 1.5365714069143207e-6 0.01327469990019381 1.7123580623223944e-5 1.1065206372062875e-5 -9.549471537982681e-8 9507.350780128032 7.387780849939466e8
3300 86264.27487635076 26.259416493212356 0.002250405712671496 2.775014104676501e-6 1.5343259317062417e-6 0.013652233318225626 1.822479771440566e-5 1.100512502116846e-5 -9.560591265627601e-8 9507.350780128045 7.387780849938208e8
3350 87554.1671439212 26.210491406321093 0.002250879542699075 2.7838501444960883e-6 1.5328062145762908e-6 0.013512955144051375 1.8558138458912854e-5 1.0877147739840609e-5 -9.567103598162929e-8 9507.350780128032 7.38778084993698e8
3400 88863.62401296974 26.170206474937817 0.002247498033165846 2.792841958993009e-6 1.5318003733616677e-6 0.013205350515818282 1.8057768627621762e-5 1.0874163948848548e-5 -9.568423737609132e-8 9507.350780128058 7.387780849935772e8
3450 90171.31664724884 26.139770396491276 0.0022426659128084686 2.802306074336147e-6 1.5311516955517433e-6 0.013158776240743464 1.683813070690876e-5 1.0823203305143636e-5 -9.5654525349741e-8 9507.350780128001 7.387780849934573e8
3500 91477.74387662153 26.11942307739781 0.0022375842174128854 2.8126137859003138e-6 1.5311162403447882e-6 0.013269535898871254 1.5081693799545715e-5 1.0627495131504405e-5 -9.559517540556159e-8 9507.350780128 7.387780849933217e8
3550 92783.41486988401 26.109339330947165 0.0022317758282946708 2.8240229742443873e-6 1.5319610837427592e-6 0.013304841572789883 1.4508961793724406e-5 1.116370831372171e-5 -9.553447126839083e-8 9507.350780128025 7.387780849932047e8
3600 94088.8458580405 26.109628053324784 0.002226824352675366 2.8365472323479523e-6 1.5333928007287668e-6 0.013068096264305495 1.435369760771632e-5 1.1705991453281328e-5 -9.544911314641132e-8 9507.350780128045 7.387780849930811e8
3650 95394.55682612349 26.12033171527424 0.0022239396584274136 2.850033021418868e-6 1.5352566237948437e-6 0.012614402583494666 1.4554487077655942e-5 1.1902127137086715e-5 -9.533220293193556e-8 9507.350780128058 7.387780849929549e8
3700 96701.06815923423 26.141424832996076 0.002223733421762585 2.86419240907647e-6 1.5377077373298492e-6 0.012631850601792394 1.474303948112432e-5 1.174698813710684e-5 -9.520746788759644e-8 9507.350780128014 7.387780849928371e8
3750 98007.96860811065 26.127528389444127 0.0022272567737488397 2.8784643137810458e-6 1.5411135296903941e-6 0.01326540031186596 1.4884337989018448e-5 1.18741114600307e-5 -9.512305812112499e-8 9507.350780128023 7.387780849927067e8
3800 99313.92273352116 26.11266638232435 0.0022321260931922175 2.8921214296919293e-6 1.5456985784104495e-6 0.013764993037511886 1.515091745429853e-5 1.1640849857996738e-5 -9.512800573694959e-8 9507.350780128072 7.387780849925725e8
3850 100619.39921618025 26.108217511767947 0.0022362407109138525 2.9043916939348147e-6 1.5513348820644111e-6 0.013821910340993782 1.5410921570868652e-5 1.1035953648985686e-5 -9.519658367189263e-8 9507.350780128016 7.387780849924594e8
3900 101924.91859832064 26.11416614334138 0.0022416522840436968 2.9145117710669175e-6 1.5581326406741658e-6 0.013555916855239047 1.5606403028889382e-5 1.0210627802292871e-5 -9.528387911046139e-8 9507.350780128041 7.3877808499233e8
3950 103230.99891656634 26.130429333491527 0.002249118374439911 2.9221882024897836e-6 1.5662465358958511e-6 0.013274542090130126 1.5752357074405587e-5 1.1043899334595153e-5 -9.541098458984504e-8 9507.35078012795 7.387780849922104e8
4000 104538.15237779569 26.156858316794548 0.0022562493777372283 2.9275388770241237e-6 1.5753827604937246e-6 0.013189628638428985 1.5910216125014642e-5 1.3525469367781096e-5 -9.559851901126923e-8 9507.350780128045 7.387780849920814e8
4050 105846.8820843591 26.193239019247613 0.0022599108657780516 2.9307381244110502e-6 1.5846401788352375e-6 0.013288187595662748 1.821067566465384e-5 1.5611274851640156e-5 -9.576043946015301e-8 9507.350780127983 7.387780849919538e8
4100 107157.67877502023 26.23929232443266 0.0022593053947877768 2.9322806083679086e-6 1.5931696418362762e-6 0.013323489415597578 2.0079470630984808e-5 1.7126181547727493e-5 -9.579997531284061e-8 9507.35078012809 7.387780849918301e8
4150 108470.12177552044 26.233093951551 0.0022571236470477992 2.9331039680560955e-6 1.6007880220354364e-6 0.01314079235544341 2.1147909388785635e-5 1.7929351716267083e-5 -9.576828354942539e-8 9507.350780128063 7.387780849917026e8
4200 109780.59224023172 26.188214188158014 0.0022548847582592505 2.9341786202575155e-6 1.6074936527322427e-6 0.01337111145585368 2.1329602652386814e-5 1.7938446274207154e-5 -9.57778113398843e-8 9507.35078012801 7.387780849915769e8
4250 111089.0650980817 26.15304597931683 0.0022506913488376445 2.9362273068838527e-6 1.6128273528189332e-6 0.013664416036135663 2.0677777345601278e-5 1.7179035559977684e-5 -9.579661873096254e-8 9507.35078012804 7.387780849914548e8
4300 112396.03310394245 26.127860181543635 0.002243319452619414 2.939803718510137e-6 1.616370363829902e-6 0.013722404860800452 1.9282615083993093e-5 1.573120801182104e-5 -9.576039687311984e-8 9507.350780128003 7.387780849913288e8
4350 113702.00090045093 26.112862716953 0.002235806216894776 2.9453252461823614e-6 1.6180308641289478e-6 0.013527343916393875 1.7257377831370047e-5 1.3721836750212046e-5 -9.564985459845065e-8 9507.350780128087 7.387780849912082e8
4400 115007.4817606206 26.108194061897816 0.0022298652895358594 2.9529960589282755e-6 1.618209019113101e-6 0.013230509693130443 1.4794874401535818e-5 1.1332601820051441e-5 -9.550415674990969e-8 9507.350780128048 7.387780849910785e8
4450 116312.99429531876 26.113928437577336 0.0022258649789702466 2.9627070748246586e-6 1.6172902495779927e-6 0.012946098820521001 1.37591480053878e-5 1.1592181626052245e-5 -9.537126457240894e-8 9507.350780128038 7.387780849909574e8
4500 117619.05911673889 26.130072821715853 0.0022244868933722285 2.9739871522872282e-6 1.615568712676315e-6 0.012912174072880589 1.4150857657546645e-5 1.1738827792484585e-5 -9.526536190038202e-8 9507.35078012805 7.387780849908297e8
4550 118926.03849316928 26.138273007987625 0.0022242752126642863 2.9861634970451074e-6 1.613798622722607e-6 0.013206912602981902 1.4532512273124354e-5 1.220884244945708e-5 -9.517632928728918e-8 9507.35078012802 7.387780849906995e8
4600 120232.40368705343 26.118458049082825 0.0022257088546497063 2.99853218983482e-6 1.612255225014629e-6 0.013072474207092455 1.4868651574406755e-5 1.2290128494824026e-5 -9.512708900631007e-8 9507.35078012804 7.387780849905798e8
4650 121538.0430284759 26.109039524043254 0.002230353857472087 3.0103877134402816e-6 1.610943296186365e-6 0.012767367208198266 1.5142103448884114e-5 1.1979156100488941e-5 -9.51506294584188e-8 9507.350780127992 7.387780849904588e8
4700 122843.4770554202 26.11003433288123 0.0022364838237756853 3.0210680646744622e-6 1.6103367878433782e-6 0.012662654526593542 1.5332006286228328e-5 1.1306290314594403e-5 -9.525224274560671e-8 9507.350780128016 7.387780849903393e8
4750 124149.2254181559 26.121391673476452 0.0022426343373245176 3.0301839691925856e-6 1.610105129656221e-6 0.012883671859981405 1.5405755730224513e-5 1.1042100922398213e-5 -9.539736971156975e-8 9507.35078012803 7.387780849902048e8
4800 125455.80352649654 26.14299419822518 0.0022483337502202188 3.0375876743285305e-6 1.6098615833474547e-6 0.0132511194469771 1.5451629443496984e-5 1.1097488854083792e-5 -9.554973110695792e-8 9507.35078012804 7.387780849900907e8
4850 126763.71924124102 26.1746587285648 0.0022523185277236487 3.043113227091061e-6 1.6102587485597619e-6 0.013422552076008287 1.682515957335262e-5 1.106304161579974e-5 -9.568819416998528e-8 9507.350780128036 7.387780849899626e8
4900 128073.4696019501 26.216137014311954 0.0022545850144519504 3.046754672143484e-6 1.6113520425273625e-6 0.013302535120601533 1.925787637047094e-5 1.1327121976711929e-5 -9.580441389061505e-8 9507.350780128025 7.387780849898361e8
4950 129385.51309396746 26.257831004656214 0.0022557580068282707 3.0489001704100784e-6 1.6126931989896656e-6 0.013503432952347794 2.0884641281027072e-5 1.146527579687362e-5 -9.589873421585583e-8 9507.350780128001 7.387780849897074e8
5000 130675.35348965361 26.20917596417346 0.002255183717208309 3.0501345892776877e-6 1.6143880384241733e-6 0.013653711311235384 2.1574385220102243e-5 1.1460632535098547e-5 -9.596343831403333e-8 9507.350780128045 7.387780849895726e8
5050 131984.75181551182 26.16917595652819 0.0022509611276232216 3.051215822185673e-6 1.6166793940140376e-6 0.013674240095497225 2.1360990340613117e-5 1.1345812745422457e-5 -9.599780982319672e-8 9507.350780128034 7.387780849894586e8
5100 133292.40036414552 26.139032829194974 0.0022444049205592727 3.0528559380857338e-6 1.6188849041879208e-6 0.013535755009797867 2.028537438736322e-5 1.1064424852436083e-5 -9.597594493775873e-8 9507.350780128018 7.387780849893306e8
5150 134598.7983213898 26.11898462543691 0.00223857263360051 3.0553975534776905e-6 1.6208685973881595e-6 0.013356351829315827 1.846908210578757e-5 1.0666250867513716e-5 -9.590534381529876e-8 9507.350780127956 7.387780849892097e8
5200 135904.45511033686 26.109204060286256 0.002233471689750771 3.059038379505989e-6 1.6234429398908095e-6 0.013177817047562712 1.609252216011603e-5 1.1011952031680927e-5 -9.580584303065852e-8 9507.350780128003 7.387780849890797e8
5250 137209.88711531495 26.10979807400567 0.0022286191084904786 3.0640038072469344e-6 1.6267064850091231e-6 0.012963433020104276 1.3931699849700774e-5 1.1632305462638826e-5 -9.567568376712733e-8 9507.350780128021 7.387780849889622e8
5300 138515.6143740217 26.120807036047626 0.0022256711103846045 3.070191209102967e-6 1.6301037333346288e-6 0.01265268272936737 1.393929129678284e-5 1.2260892393922695e-5 -9.551825154930153e-8 9507.350780128028 7.387780849888359e8
5350 139822.15721937592 26.142203454845284 0.0022258191724622302 3.0772304290777683e-6 1.6337657520136055e-6 0.012657531579861825 1.4285097171939931e-5 1.289478015359391e-5 -9.539107901807479e-8 9507.350780128088 7.387780849887097e8
5400 141129.03546073745 26.12694356799632 0.0022284946515323837 3.0845657641353944e-6 1.638086688461309e-6 0.012629438708700036 1.4614743106711181e-5 1.3153810335397864e-5 -9.535633444305475e-8 9507.350780127954 7.387780849885796e8
5450 142434.96812100193 26.112386774273496 0.002232158511568111 3.0915261067892674e-6 1.6429326993860318e-6 0.012814575611173495 1.4905806886789108e-5 1.3030943206371326e-5 -9.539430664614836e-8 9507.35078012804 7.387780849884635e8
5500 143740.43842237082 26.108243655849318 0.0022361528478625145 3.0974645042208897e-6 1.6483885251121427e-6 0.01302149815728626 1.510569213492019e-5 1.2523543473780263e-5 -9.54356316136984e-8 9507.350780128034 7.387780849883375e8
5550 145045.9668786896 26.114496461411065 0.0022411050878938456 3.10190903206762e-6 1.6548201306243213e-6 0.013197782171573635 1.520500820295645e-5 1.1803780934432906e-5 -9.547649701269425e-8 9507.350780128067 7.387780849882107e8
5600 146352.07139959536 26.131060379607455 0.0022474002854749537 3.1045655938229356e-6 1.6622445506507474e-6 0.013290415702613245 1.5246732586571277e-5 1.1699842404233607e-5 -9.55785041509678e-8 9507.350780127994 7.387780849880793e8
5650 147659.26397280084 26.15778481223777 0.002253569006132961 3.105252734888051e-6 1.6700124424142814e-6 0.013276831022267288 1.608177534595523e-5 1.3647552409790098e-5 -9.57638824834661e-8 9507.350780128028 7.387780849879576e8
5700 148968.04739122928 26.194453900802728 0.002257415866575844 3.1040072342199406e-6 1.6770843926064819e-6 0.013778838175767305 1.8857849498066237e-5 1.61211970394759e-5 -9.595974244492813e-8 9507.35078012804 7.387780849878335e8
5750 150278.9119914641 26.240786547027167 0.0022574762656253165 3.101356594098037e-6 1.6833038512445839e-6 0.014419974456814089 2.092859231028754e-5 1.7920632930018554e-5 -9.606151788829932e-8 9507.350780128014 7.38778084987709e8
5800 151591.3421335092 26.23164352409401 0.002254394044321259 3.09819746591762e-6 1.6889924419171652e-6 0.014590955763651436 2.216205488841938e-5 1.892959954985507e-5 -9.605298105761174e-8 9507.35078012802 7.387780849875846e8
5850 152901.74719728174 26.187044581011136 0.0022508647484073747 3.095529220044991e-6 1.6936520344418622e-6 0.014471552085979056 2.248151745359861e-5 1.9083060740637814e-5 -9.603885463718025e-8 9507.350780128005 7.387780849874622e8
5900 154210.16892543243 26.15216588928276 0.002247911206405679 3.094029456337164e-6 1.6965952589713729e-6 0.014391194796189666 2.1875230337420337e-5 1.8386780839305117e-5 -9.60726117309922e-8 9507.350780128056 7.387780849873316e8
5950 155517.10045682613 26.127276327509716 0.002242473873732291 3.094102859796608e-6 1.69813701580988e-6 0.014488691726910474 2.042688066311582e-5 1.6933139518518492e-5 -9.608461390369965e-8 9507.350780128054 7.38778084987207e8
6000 156823.04672146923 26.112579925671522 0.0022342019085407052 3.0960441304638686e-6 1.69836954406691e-6 0.014601251032672735 1.831226368476102e-5 1.4879518803023739e-5 -9.599763805262455e-8 9507.350780127996 7.387780849870794e8
6050 158128.52118687073 26.108215328871765 0.0022278548249944664 3.1000373326785537e-6 1.6970547235161116e-6 0.014484062245173845 1.5730447029294048e-5 1.2391675809800967e-5 -9.581594245799027e-8 9507.350780127996 7.387780849869598e8
6100 159434.04256727736 26.11425493734305 0.002225689707507673 3.1062213176159714e-6 1.6946814164974108e-6 0.01406847020098212 1.4996978109638182e-5 1.2380544263224103e-5 -9.56373827622721e-8 9507.350780128058 7.387780849868277e8
6150 160740.1314862217 26.13070384848733 0.0022263951959639364 3.1143823773785955e-6 1.6918981736272045e-6 0.013461602173720166 1.4718546176739622e-5 1.2447842056173553e-5 -9.551752544924022e-8 9507.350780128045 7.387780849866976e8
6200 162047.121173147 26.137544312609773 0.0022286391107151303 3.123838063479328e-6 1.6889904900478204e-6 0.012879885938673397 1.4362938688894378e-5 1.2782357318663617e-5 -9.546416799300254e-8 9507.350780128014 7.387780849865749e8
6250 163353.45767889076 26.11803356937503 0.0022310582220537965 3.1338774891254004e-6 1.6860254591072648e-6 0.012782620971847791 1.428430513239487e-5 1.2704352251424744e-5 -9.546705634617328e-8 9507.350780128048 7.38778084986454e8
6300 164659.0835923327 26.108920868924443 0.0022336795909318973 3.143789329236489e-6 1.6829521726119046e-6 0.012579193708916137 1.4236780128129567e-5 1.2243178543092093e-5 -9.548326066156426e-8 9507.350780127974 7.387780849863327e8
6350 165964.5194806117 26.110221095166004 0.0022385352395375337 3.1528146047353073e-6 1.6799251132279454e-6 0.012643250035125675 1.4543414129986054e-5 1.1422473073147144e-5 -9.552039055172392e-8 9507.350780128076 7.38778084986211e8
6400 167270.28492105613 26.121881369093018 0.0022458479932328805 3.1604788866437026e-6 1.6772156250669483e-6 0.012773912597822346 1.475414054097346e-5 1.1463745853146357e-5 -9.561053801011446e-8 9507.350780128005 7.387780849860818e8
6450 168576.89514502298 26.143782223394027 0.00225344744786932 3.166487312000872e-6 1.6748465708200355e-6 0.013012081562465028 1.4841800462628285e-5 1.1479684461246364e-5 -9.575924590709726e-8 9507.350780128056 7.387780849859524e8
6500 169884.85773224971 26.17573852383518 0.002259054738165378 3.170527941390536e-6 1.6727428766885412e-6 0.013246291453924641 1.7798108906452725e-5 1.1632324603216837e-5 -9.593338704257386e-8 9507.350780127987 7.387780849858309e8
6550 171194.6693485723 26.217500239326213 0.0022609498145942097 3.1726988506541703e-6 1.670991395046209e-6 0.013772485825484182 2.0425854237227092e-5 1.1952701892248285e-5 -9.606262507075485e-8 9507.350780128043 7.387780849857011e8
6600 172506.77038735067 26.256248878652045 0.002259355865760257 3.1735386693539905e-6 1.6695512496654978e-6 0.014187761600624071 2.2239925809519612e-5 1.2074208623258365e-5 -9.612886068632742e-8 9507.350780127974 7.387780849855789e8
6650 173796.55863612465 26.207863724706996 0.0022561274637783175 3.17361388968681e-6 1.6684005193045256e-6 0.014412047141831863 2.3115844783427875e-5 1.2050622603343442e-5 -9.614142131297626e-8 9507.350780128041 7.387780849854501e8
6700 175105.89858412452 26.16814886646479 0.002252204827917022 3.173406679898228e-6 1.6676679492329764e-6 0.014436364509037958 2.3065052009274556e-5 1.1865841262559407e-5 -9.613525227538645e-8 9507.350780128043 7.387780849853338e8
6750 176413.503221098 26.138298719483057 0.0022475527941891392 3.1734539382626698e-6 1.6674089219425204e-6 0.014323707931907848 2.2099889495919012e-5 1.1446453782482102e-5 -9.611339393738175e-8 9507.350780128034 7.387780849852037e8
6800 177719.87207103928 26.118549268976114 0.002242252930842998 3.1742644370073763e-6 1.6675709906926865e-6 0.014138712616386329 2.033406012025285e-5 1.0787570952408565e-5 -9.605166083852424e-8 9507.350780128048 7.387780849850824e8
6850 179025.5147972528 26.10907135668701 0.002236861834900865 3.1762686635736936e-6 1.6682440516959146e-6 0.013911845690927294 1.7973849064878422e-5 1.1513249741190723e-5 -9.59367336692902e-8 9507.350780128043 7.387780849849528e8
6900 180330.94793471054 26.109970204205286 0.0022321763183654024 3.1796879847578123e-6 1.6694259601045664e-6 0.013662437693710672 1.526009589275512e-5 1.2157653806244006e-5 -9.577628111283135e-8 9507.350780127994 7.387780849848235e8
6950 181636.6915861298 26.12128441299201 0.0022287373411008452 3.184558651084293e-6 1.6709769457315248e-6 0.013403994907548622 1.4510213904028735e-5 1.2454441106590775e-5 -9.562302274205634e-8 9507.350780128028 7.387780849847003e8
7000 182943.26605263804 26.1429843818415 0.002227469313610963 3.190526161121006e-6 1.673025329980518e-6 0.013105646626627276 1.4328131358598561e-5 1.2584749841504372e-5 -9.550801517340466e-8 9507.35078012806 7.387780849845763e8
7050 184250.1203267074 26.126368834931032 0.002229236699283943 3.1968796012640226e-6 1.6759271178763072e-6 0.013000823167203635 1.4281881706379451e-5 1.28583562676865e-5 -9.543446498361175e-8 9507.350780128048 7.387780849844508e8
7100 185556.03203772433 26.112117679243227 0.0022342319394371467 3.202857937995795e-6 1.6796605574365353e-6 0.013157162569768843 1.4542338201639637e-5 1.2776310040596428e-5 -9.541517420434042e-8 9507.350780128054 7.387780849843231e8
7150 186861.49669326507 26.10828071157174 0.0022415937478504635 3.2078907355516486e-6 1.684063988258862e-6 0.013230934502644232 1.4729935526758275e-5 1.2316315414456769e-5 -9.546613680607227e-8 9507.350780128003 7.387780849841976e8
7200 188167.0347812949 26.114838163945485 0.0022492459084615724 3.211524212811278e-6 1.6890865548466545e-6 0.013311465218976082 1.5010267766291108e-5 1.2048537045533658e-5 -9.559333977329153e-8 9507.35078012803 7.387780849840794e8
7250 189473.16408540594 26.131703235540385 0.0022554122681702027 3.2133092368732468e-6 1.694538135436033e-6 0.013476480574809102 1.569215384322753e-5 1.1850359022014256e-5 -9.575728196236486e-8 9507.350780128041 7.387780849839442e8
7300 190780.3963679537 26.158723332800243 0.002259230714270999 3.2131019168240046e-6 1.7002488625111611e-6 0.013712950839362748 1.673138961977294e-5 1.3841244470180758e-5 -9.589939327436423e-8 9507.35078012809 7.387780849838319e8
7350 192089.2340955757 26.195680567482068 0.002260783215350691 3.2111720506072395e-6 1.7059192240649777e-6 0.013858213128060015 1.9458513729642135e-5 1.6437115939738067e-5 -9.599242282865167e-8 9507.350780128032 7.387780849837037e8
7400 193400.16718001847 26.24229196954496 0.0022612560736147503 3.2079232035029146e-6 1.711106281546019e-6 0.013726774510359974 2.159122685074788e-5 1.8355638416317488e-5 -9.60445936883618e-8 9507.350780128038 7.38778084983576e8
7450 194712.58062629 26.23020058621985 0.0022607689315315167 3.2040139923931517e-6 1.7155411684629795e-6 0.013807957863718912 2.282229958450177e-5 1.9436770979985862e-5 -9.608380411829939e-8 9507.35078012806 7.387780849834498e8
7500 196022.9206513263 26.185881995627547 0.002258125223098799 3.2003337224663948e-6 1.7189440875711686e-6 0.014014674878126243 2.3063438415460435e-5 1.9593850097449073e-5 -9.613405672555499e-8 9507.350780128005 7.387780849833292e8
7550 197331.29159395318 26.151292614822 0.0022527614583949217 3.1976519968505094e-6 1.7209638340197448e-6 0.014022304841091682 2.2334155669712086e-5 1.883939072636065e-5 -9.615277589475583e-8 9507.350780128067 7.387780849831952e8
7600 198638.18699481073 26.126699463128116 0.0022454098738058518 3.19659992018611e-6 1.721581099889837e-6 0.013960113885786996 2.0728637756317614e-5 1.7264353317267278e-5 -9.610212490298709e-8 9507.350780128021 7.387780849830741e8
7650 199944.11208559794 26.112304463648766 0.0022379702318339207 3.197583320672444e-6 1.7208311887088081e-6 0.013984704650738422 1.83998469654445e-5 1.5024464908669488e-5 -9.597405105247696e-8 9507.350780128036 7.387780849829476e8
7700 201249.58053106416 26.10824424713946 0.00223236399241799 3.2008210989688274e-6 1.7190207487352577e-6 0.013999022451116616 1.5589087789480427e-5 1.2477237671004726e-5 -9.578812314910467e-8 9507.350780127997 7.38778084982818e8
7750 202555.11114686303 26.114589349582047 0.002230479743775494 3.2062775717319324e-6 1.7165226101181622e-6 0.013764775130312046 1.530007428940383e-5 1.2928890622376787e-5 -9.561428679951926e-8 9507.350780128012 7.387780849826972e8
7800 203861.22456174213 26.13134285547993 0.0022317899140293493 3.2136413284961703e-6 1.7135475767609212e-6 0.013222742983998614 1.5132652148086567e-5 1.29777412269938e-5 -9.550095431844616e-8 9507.35078012806 7.387780849825696e8
7850 205168.22267823634 26.136824271695744 0.0022336267112515345 3.2222693448005243e-6 1.7104502321195702e-6 0.012734095927044109 1.5430652577752557e-5 1.2705357561509922e-5 -9.543068573428375e-8 9507.350780128021 7.387780849824489e8
7900 206474.5309539795 26.117618712794567 0.0022354437968425266 3.2313552618193116e-6 1.7075170728946396e-6 0.012513452299572236 1.5422317509394823e-5 1.2737111068361617e-5 -9.539406178267293e-8 9507.350780128018 7.387780849823236e8
7950 207780.1439410106 26.108812596859895 0.002238845010480684 3.2401607390133165e-6 1.7048732541383225e-6 0.012487653298194346 1.5381463480013124e-5 1.2404603225518729e-5 -9.541384360029624e-8 9507.35078012803 7.387780849821979e8
8000 209085.58222293237 26.1104187004117 0.0022442483638837997 3.248005725653527e-6 1.7025304384185383e-6 0.012789253560185898 1.566492715898704e-5 1.1662906499676495e-5 -9.55095902637768e-8 9507.350780128021 7.387780849820724e8
8050 210391.36528832227 26.1223820765545 0.002249985931535248 3.254339283960998e-6 1.7003311931289305e-6 0.013147778812253819 1.5984038144623014e-5 1.1296689914175317e-5 -9.56470358173823e-8 9507.350780128056 7.387780849819443e8
8100 211698.008182138 26.144581434689794 0.0022546858251440674 3.258848736353383e-6 1.698249591843069e-6 0.013255991846108373 1.7074405646910762e-5 1.1309835038497695e-5 -9.5785881652549e-8 9507.35078012811 7.387780849818254e8
8150 213006.0182114018 26.17682995508796 0.0022586084773994187 3.2613587776962387e-6 1.6965030016685042e-6 0.013833659200827242 1.897560774044571e-5 1.1523239650590433e-5 -9.591716069947311e-8 9507.35078012803 7.387780849817035e8
8200 214315.89168065603 26.218875703760627 0.002261650493627616 3.2618589620858867e-6 1.6952478141337614e-6 0.014227447454686626 2.1592761670019556e-5 1.180988998283894e-5 -9.604081627882427e-8 9507.350780128043 7.387780849815744e8
8250 215628.04626193596 26.254677641985598 0.0022621915110922004 3.260712851027816e-6 1.6944721421477213e-6 0.014274396030032221 2.342242292885377e-5 1.1936833537173897e-5 -9.614549289754269e-8 9507.350780128056 7.387780849814453e8
8300 216917.7826054036 26.206563629303645 0.002259490081235646 3.2585503775362916e-6 1.694167211215861e-6 0.0141103548717183 2.4268720056952464e-5 1.1894659973532562e-5 -9.619965806714293e-8 9507.350780128063 7.387780849813203e8
8350 218227.06480537515 26.167134749980523 0.002254189577501001 3.255925117523008e-6 1.694373419990534e-6 0.014012291173912672 2.410351361409324e-5 1.1649222853460373e-5 -9.620266003850261e-8 9507.35078012802 7.387780849812008e8
8400 219534.62619559927 26.137578209430593 0.0022477797794121035 3.2535331202198954e-6 1.69509194552536e-6 0.014168157696985872 2.2981656777221193e-5 1.118567668012549e-5 -9.615709501824741e-8 9507.350780127983 7.38778084981064e8
8450 220840.96663435054 26.118128158644694 0.0022416980620611295 3.2519228837376745e-6 1.6962756717829315e-6 0.014429715766709705 2.1052110598218654e-5 1.1254842269881049e-5 -9.607566717880041e-8 9507.35078012805 7.387780849809482e8
8500 222146.59602841744 26.10895361953198 0.0022365113949908027 3.251481543888279e-6 1.6979932778285326e-6 0.0144793113081505 1.8506332797707525e-5 1.2255925862902917e-5 -9.596145116037295e-8 9507.35078012804 7.387780849808216e8
8550 223452.03106279284 26.110157880698388 0.002232547538069363 3.2524271165821163e-6 1.700339992714403e-6 0.014197000331478193 1.5587838916808483e-5 1.293119685191746e-5 -9.581696854799575e-8 9507.350780128 7.387780849806975e8
8600 224757.79189012316 26.12177748972065 0.00223079644075438 3.254707707603851e-6 1.703209643796713e-6 0.013727204058341158 1.5278341309377108e-5 1.3246907107689054e-5 -9.568104044820494e-8 9507.350780128063 7.387780849805744e8
8650 226064.39875808806 26.143780779814485 0.002231330700111849 3.257994085296411e-6 1.7066591372305264e-6 0.01323262028154204 1.5238732678946043e-5 1.31953434527321e-5 -9.557261942131008e-8 9507.35078012809 7.387780849804503e8
8700 227371.22689125742 26.12580316299183 0.002233277136909807 3.2617651536974973e-6 1.710887466655513e-6 0.01343265247214731 1.5406955717889304e-5 1.3122004485777161e-5 -9.551019884578636e-8 9507.350780127965 7.387780849803169e8
8750 228677.11813007077 26.111858550421967 0.0022367985575284916 3.2654745431728667e-6 1.7157151934673084e-6 0.013583085605660017 1.555144258746921e-5 1.2809523749185425e-5 -9.550638523392033e-8 9507.350780128041 7.38778084980198e8
8800 229982.57765509767 26.108328349284378 0.0022421242193963976 3.2685358738764213e-6 1.720967371157247e-6 0.013550484764891735 1.5816544663094234e-5 1.2123011221776281e-5 -9.556184308509917e-8 9507.350780128038 7.3877808498007e8
8850 231288.1259143851 26.115190836040227 0.002247731106100041 3.270358512413511e-6 1.726761987278411e-6 0.013434361314011767 1.61070856552481e-5 1.2189019533925816e-5 -9.56621278923298e-8 9507.350780128021 7.387780849799438e8
8900 232594.2805577985 26.132357340940672 0.002253259635978225 3.2704756115325233e-6 1.732922392651016e-6 0.013452737651277857 1.6495970680874272e-5 1.2026997593228561e-5 -9.578864899606251e-8 9507.350780128028 7.387780849798236e8
8950 233901.5531162302 26.15967323868304 0.0022589804711698152 3.2687100488129278e-6 1.7390701952676838e-6 0.013615196410228236 1.735678897824e-5 1.4508931799994684e-5 -9.593536423341471e-8 9507.350780128072 7.387780849796952e8
9000 235210.44572417924 26.196918700001966 0.0022626274993030287 3.265297073479448e-6 1.7450209903058146e-6 0.013653414633608918 2.021964881782079e-5 1.7163839453937513e-5 -9.608695095640668e-8 9507.35078012806 7.38778084979575e8
9050 236521.44786938783 26.243808980778738 0.002262692763390279 3.260719948822607e-6 1.7504025048719075e-6 0.01336010615750638 2.235635061864638e-5 1.9104488046178814e-5 -9.620306834180285e-8 9507.350780128094 7.387780849794489e8
9100 237833.83991539126 26.228768044282965 0.002260126610373106 3.2556027303371858e-6 1.7546906164091637e-6 0.013261373175282642 2.35439804150972e-5 2.0161146599029234e-5 -9.624648446382202e-8 9507.350780128021 7.387780849793202e8
9150 239144.11545676045 26.18473113913865 0.002256245982314972 3.2507038454198225e-6 1.7577946654730935e-6 0.013155063254998822 2.3721659389464023e-5 2.0287312692546244e-5 -9.624995389128712e-8 9507.350780128072 7.387780849791905e8
9200 240452.43622524597 26.150431959728724 0.00225122929677326 3.2466713662061097e-6 1.7600594470010453e-6 0.013156537241229671 2.2906064102767854e-5 1.9501884225767152e-5 -9.623175256088228e-8 9507.350780128012 7.387780849790682e8
9250 241759.2961388109 26.126135644502376 0.0022449191496998026 3.2440337074023912e-6 1.7616139893854386e-6 0.013346435873700102 2.1183620634357414e-5 1.7879038594459384e-5 -9.618565560187606e-8 9507.350780128068 7.38778084978942e8
9300 243065.20071465164 26.11204229861769 0.002238594109800336 3.2432973738176736e-6 1.7619585442600393e-6 0.013543647973165207 1.8744152273819648e-5 1.5578509597699575e-5 -9.608512802271118e-8 9507.350780128043 7.387780849788153e8
9350 244370.66380996414 26.10828662969417 0.0022337075193529328 3.244743216450969e-6 1.7611664860351986e-6 0.013587100557742815 1.6458852472922558e-5 1.2814972938176086e-5 -9.592900996185373e-8 9507.350780128023 7.387780849786859e8
9400 245676.20433393863 26.114937169757066 0.002230888728058643 3.2483259410987304e-6 1.7599392339129838e-6 0.013501810650268453 1.6293857074134444e-5 1.2993152030793542e-5 -9.575884313465513e-8 9507.350780128052 7.387780849785652e8
9450 246982.3429100587 26.13199506098082 0.002230173700057822 3.2537462489342226e-6 1.758524412975487e-6 0.013314995430846466 1.5758714806635155e-5 1.3025467551663894e-5 -9.562475613218313e-8 9507.350780128008 7.387780849784378e8
9500 248289.34743080888 26.13611459554565 0.002231422407442018 3.2604291204503487e-6 1.75682295111258e-6 0.013307062605235842 1.600993402983697e-5 1.2745880809961196e-5 -9.554615388280006e-8 9507.350780128012 7.387780849783188e8
9550 249595.6279973552 26.117214298146507 0.002234814116445712 3.2676346085682223e-6 1.7547537874322175e-6 0.01339460372355461 1.6198253715959954e-5 1.253369822018513e-5 -9.553357715846327e-8 9507.350780128034 7.387780849781867e8
9600 250901.22857932126 26.10871472423176 0.002239744288261251 3.2746697137469216e-6 1.7524971923594655e-6 0.013360583552639582 1.6045741909498368e-5 1.212197924721492e-5 -9.557870213616103e-8 9507.350780128094 7.387780849780657e8
9650 252206.6697733484 26.110626656308053 0.0022450983635772374 3.280937789391506e-6 1.7502871944000114e-6 0.013214359391895414 1.558343416463437e-5 1.1360499803880764e-5 -9.566317825761427e-8 9507.350780128056 7.387780849779462e8
9700 253512.47098139243 26.122893142381304 0.0022505142952023243 3.2859028866238006e-6 1.7480452893252652e-6 0.013064500507880439 1.656091370516588e-5 1.112652722656815e-5 -9.577771933695988e-8 9507.350780128016 7.387780849778115e8
9750 254819.1470608692 26.145390874933568 0.0022557101647973864 3.2891910775956487e-6 1.7457689057704834e-6 0.012982870161067694 1.757864484785987e-5 1.1153467900593128e-5 -9.58999167129387e-8 9507.350780128058 7.387780849776871e8
9800 256127.20503257547 26.177931116202423 0.002260197997951203 3.2906213929288495e-6 1.7436871003786251e-6 0.012881588298114366 1.8123854755858204e-5 1.1301772655181175e-5 -9.60329732922775e-8 9507.35078012805 7.387780849775623e8
9850 257437.14082146567 26.220260095211657 0.002263266148937423 3.2902012848768763e-6 1.7419094231561058e-6 0.0130452652083477 1.939315808729969e-5 1.154646583201302e-5 -9.616870484271574e-8 9507.350780128012 7.387780849774348e8
9900 258749.34446123344 26.25311403561619 0.002263729152836435 3.2882590846656723e-6 1.740464502721921e-6 0.01332380739358996 2.1188710004060862e-5 1.1634635535218152e-5 -9.62729115050516e-8 9507.350780128028 7.387780849773092e8
9950 260039.02491692675 26.20527121311747 0.002260635422189777 3.2855604688622436e-6 1.7394777673361276e-6 0.013487917967722751 2.2015099197525423e-5 1.1586871599744697e-5 -9.631590841903953e-8 9507.350780128074 7.387780849771949e8
10000 261348.24975110724 26.16612826004611 0.0022549408325473804 3.2826825054409678e-6 1.7389597631967074e-6 0.013592747101483837 2.1866905678735726e-5 1.1391138182270666e-5 -9.629749257978748e-8 9507.350780128 7.387780849770644e8
10050 262655.76827503345 26.136865276058128 0.0022485295699479603 3.280211805000489e-6 1.73905147882881e-6 0.013663940042079048 2.08330746809815e-5 1.1213092676265468e-5 -9.623044053374421e-8 9507.350780128052 7.387780849769423e8
10100 263962.0806769386 26.11771441657698 0.0022423787204701633 3.2785556963384376e-6 1.7398919571739537e-6 0.01368514999967374 1.9066521882715737e-5 1.1391085365075604e-5 -9.612785493931202e-8 9507.35078012803 7.387780849768118e8
10150 265267.69709802023 26.108842864786677 0.0022373806034495566 3.2780437721634902e-6 1.7413654213394396e-6 0.013647302518165816 1.7134586668798857e-5 1.2442701000037193e-5 -9.600134421192096e-8 9507.350780127992 7.387780849766906e8
10200 266573.1343666399 26.11035207491039 0.0022341372391687943 3.2789073876066487e-6 1.7433344485897602e-6 0.013566473395258072 1.7242544839424223e-5 1.3102985746971108e-5 -9.586596549538763e-8 9507.350780128018 7.38778084976561e8
10250 267878.9126846808 26.122276665597788 0.002232149944171882 3.281184417273749e-6 1.7457192019492768e-6 0.013408684690602968 1.6925267689149592e-5 1.3341932535271273e-5 -9.57420937090684e-8 9507.35078012802 7.387780849764405e8
10300 269185.55225105275 26.144582987495415 0.002231559435376367 3.2845087313863877e-6 1.7485258568574102e-6 0.01323479379334458 1.66614096733797e-5 1.3196856558594927e-5 -9.563841128171995e-8 9507.350780128043 7.387780849763068e8
10350 270492.352457035 26.12524738626459 0.0022331555660053586 3.2882899691249342e-6 1.7518815684585144e-6 0.01330363099805254 1.709463657822985e-5 1.2749094189329346e-5 -9.557766405018567e-8 9507.350780128034 7.387780849761858e8
10400 271798.2237061137 26.111608824208332 0.0022370563375598094 3.2919505190356103e-6 1.7557861142253809e-6 0.013298571223913314 1.717702498382767e-5 1.2560221335028432e-5 -9.558191008747457e-8 9507.350780128005 7.387780849760562e8
10450 273103.67855879344 26.10838493279442 0.002243198060902497 3.2948028604477607e-6 1.7600724147392363e-6 0.013287488478908926 1.6916242923104008e-5 1.2867855102488557e-5 -9.565714854251277e-8 9507.35078012808 7.387780849759388e8
10500 274409.2374250794 26.115551983041236 0.0022504848193168414 3.2962094345495224e-6 1.7646552724140608e-6 0.013322916606284707 1.6348347655736895e-5 1.3008958102522783e-5 -9.578420559769245e-8 9507.350780128025 7.387780849758116e8
10550 275715.41781702306 26.133019343957336 0.002256784780941485 3.2958455923630507e-6 1.7695081003366968e-6 0.013386351765348081 1.6598941501189124e-5 1.2923980940715563e-5 -9.59342734693182e-8 9507.35078012807 7.387780849756846e8
10600 277022.731032449 26.160630525182786 0.0022609585072763563 3.2936502170934795e-6 1.7743297437202053e-6 0.013377880346070015 1.7399810895712964e-5 1.4373127827427279e-5 -9.60823191489432e-8 9507.350780128072 7.387780849755585e8
10650 278331.678878805 26.19816378238175 0.0022630697366095376 3.289864014436905e-6 1.7786220116398818e-6 0.013244463214050484 1.9905703999678614e-5 1.6952431884154073e-5 -9.620658340219772e-8 9507.350780128005 7.387780849754257e8
10700 279642.7504195708 26.245332424315464 0.002263290284602811 3.285038644488333e-6 1.7821532572530013e-6 0.013318539743522706 2.1958422255941024e-5 1.8807696377159955e-5 -9.629582530844668e-8 9507.350780127961 7.387780849752965e8
10750 280955.1170987913 26.22734075154244 0.002261801707028355 3.2797299800266214e-6 1.784972865100167e-6 0.013390640449870261 2.3083659825229308e-5 1.979820844988378e-5 -9.635202081796464e-8 9507.350780128014 7.387780849751853e8
10800 282265.3284101519 26.18358520612824 0.002258708249904638 3.2745147311797378e-6 1.7871233125750552e-6 0.013470741488163185 2.321045297293267e-5 1.9840145150495925e-5 -9.639024661731642e-8 9507.35078012805 7.387780849750578e8
10850 283573.59924512124 26.1495760338974 0.0022539645768784194 3.2700941013627892e-6 1.7884545156137224e-6 0.013456233421948127 2.233596771977764e-5 1.893453074056084e-5 -9.637945810517694e-8 9507.350780127987 7.387780849749255e8
10900 284880.4239057479 26.125576487781203 0.0022480648661214317 3.267248363169248e-6 1.7887705176665963e-6 0.013407178149918764 2.0565450073395386e-5 1.7203471464874442e-5 -9.630305294347392e-8 9507.350780128023 7.387780849747975e8
10950 286186.3081990262 26.111784765700765 0.0022425002271201236 3.2665737266363034e-6 1.7879436907584604e-6 0.013320616625605908 1.829128583413775e-5 1.4850118231636567e-5 -9.616718208203408e-8 9507.350780128052 7.387780849746753e8
11000 287491.76617477747 26.108333607962575 0.0022383760404767394 3.2682548415220473e-6 1.786352987477474e-6 0.013179621339531877 1.837560707229624e-5 1.313161101113014e-5 -9.60006216586253e-8 9507.350780127981 7.387780849745513e8
11050 288797.3168370065 26.115289612357188 0.002236193433148059 3.2721326000517178e-6 1.7844546834544673e-6 0.013006285765641223 1.817875978293859e-5 1.3689338210221003e-5 -9.584662324410127e-8 9507.350780128054 7.387780849744209e8
11100 290103.4808079419 26.132651994411386 0.0022357863988048585 3.277876367833991e-6 1.782260708764434e-6 0.012905383384349989 1.7887547942352366e-5 1.3869687750023285e-5 -9.573748804634839e-8 9507.350780128058 7.387780849743011e8
11150 291410.4897711625 26.135410772792213 0.0022364203709625105 3.28497418525563e-6 1.7797737277295427e-6 0.013010569286961982 1.717586185223663e-5 1.3664116214839872e-5 -9.56723503743148e-8 9507.350780128038 7.387780849741715e8
11200 292716.7429255285 26.116815907668975 0.0022381017247328655 3.292704890766585e-6 1.777081033450282e-6 0.013063597692507756 1.6600103591724036e-5 1.3103285925575303e-5 -9.564771693518896e-8 9507.350780128003 7.38778084974056e8
11250 294022.3314077596 26.108623031701036 0.002241721692522375 3.300291592439696e-6 1.774278604788884e-6 0.013001342644656688 1.6795109256673157e-5 1.2645393503096791e-5 -9.567011777877452e-8 9507.350780128032 7.387780849739268e8
11300 295327.77582589234 26.110840902616157 0.0022474946097118128 3.307038723711136e-6 1.77147123964853e-6 0.012915737431285379 1.6649476577978994e-5 1.1850182641576223e-5 -9.575016163249428e-8 9507.350780128074 7.387780849737949e8
11350 296633.5954937551 26.123410612496684 0.002254058070600647 3.3123720139034448e-6 1.7687046294553328e-6 0.012902941579795879 1.6196658982670087e-5 1.0676939961623555e-5 -9.588654520007847e-8 9507.350780128001 7.387780849736758e8
11400 297940.3050841216 26.14620693494236 0.0022599012907975288 3.315827228709581e-6 1.7660352051657606e-6 0.01298530748590565 1.712833174949413e-5 1.05708352144962e-5 -9.605055482771465e-8 9507.350780128023 7.387780849735453e8
11450 299248.41133627214 26.1790391699134 0.0022638372271999384 3.3171931171020464e-6 1.763648753972854e-6 0.013064307885542803 1.918857179650235e-5 1.1039831539383371e-5 -9.620179986658287e-8 9507.35078012807 7.387780849734247e8
11500 300558.4097952842 26.22165159835852 0.0022652120691456982 3.316558090685573e-6 1.7616927665277515e-6 0.013117913895257516 2.1816748707492728e-5 1.134254745294161e-5 -9.630485065806454e-8 9507.350780128014 7.387780849733e8
11550 301870.6583387319 26.251554664719983 0.0022643458683125157 3.3142450341878597e-6 1.760188753024353e-6 0.013286611459079722 2.358959661374893e-5 1.1468155349247944e-5 -9.636037751382975e-8 9507.350780128036 7.3877808497318e8
11600 303160.285159006 26.20398343987268 0.0022613770053227732 3.310919779004453e-6 1.7592388933665971e-6 0.013442368948744843 2.4331879490413488e-5 1.1767527124922905e-5 -9.638935592899708e-8 9507.350780128081 7.387780849730501e8
11650 304469.45286862383 26.165126772726627 0.002256274464175427 3.307084766872137e-6 1.7588627765508116e-6 0.013601998361991718 2.4041763289905926e-5 1.2033224183360947e-5 -9.639793786422508e-8 9507.350780128003 7.38778084972921e8
11700 305776.9287895445 26.13615792370537 0.002249974043234035 3.3033544350853064e-6 1.7590614821411003e-6 0.013725144598538463 2.2780987445791823e-5 1.2226492224265417e-5 -9.636387985076216e-8 9507.35078012811 7.38778084972793e8
11750 307083.2134566815 26.117307207919612 0.002243218952295764 3.300318689189785e-6 1.759883696452969e-6 0.013776814736957022 2.067609414840854e-5 1.2320566542711742e-5 -9.626997708329311e-8 9507.350780128014 7.387780849726728e8
11800 308388.81725936447 26.10873973479035 0.0022370343411397724 3.298458859211761e-6 1.761330875546762e-6 0.013726220716762327 1.822471371798473e-5 1.3018007105680685e-5 -9.612215916245269e-8 9507.350780128048 7.387780849725488e8
11850 309694.2571692384 26.1105548794106 0.0022331506618101164 3.2979982357130193e-6 1.763364826872873e-6 0.01354053887189366 1.807111590218513e-5 1.3750473855655976e-5 -9.596211222905823e-8 9507.35078012809 7.387780849724208e8
11900 311000.0534307153 26.12278530724047 0.002232145897396998 3.2989092816012595e-6 1.7658880116237745e-6 0.013220779624134593 1.7577631548804096e-5 1.4080898321389146e-5 -9.583534678736777e-8 9507.350780128074 7.387780849722937e8
11950 312306.72618912923 26.14539545148225 0.0022328008718787706 3.300812710608866e-6 1.7688699972466387e-6 0.013259987316814659 1.708996535731977e-5 1.3985839339203388e-5 -9.574951457761357e-8 9507.350780128032 7.387780849721662e8
12000 313613.4961047863 26.124695870273975 0.002234035484391213 3.3031808443217967e-6 1.772347265942067e-6 0.013401517534930463 1.6246158994426274e-5 1.359272234718878e-5 -9.569941063538267e-8 9507.350780128074 7.387780849720414e8
12050 314919.3475917935 26.111363957754705 0.0022365726354200096 3.3055084319194925e-6 1.7761801085073148e-6 0.013397832454757008 1.6140809257048083e-5 1.3225636578184652e-5 -9.569004479626046e-8 9507.350780128107 7.387780849719192e8
12100 316224.79803317063 26.108447097890988 0.002241330736898278 3.30734094671171e-6 1.7801684767680358e-6 0.01345940545115809 1.6164458251921587e-5 1.2449816223614185e-5 -9.57394514866221e-8 9507.35078012804 7.38778084971798e8
12150 317530.36780495587 26.11591947074757 0.0022473837061363277 3.308233772618411e-6 1.7841095977602663e-6 0.01365413606617949 1.589279636970975e-5 1.1641205339529836e-5 -9.586292051390039e-8 9507.350780128032 7.387780849716697e8
12200 318836.57428022916 26.133688357093646 0.0022527031910990944 3.307733398148375e-6 1.7877835077117915e-6 0.013819319607591751 1.6210166661756453e-5 1.3597083918598374e-5 -9.602693156206158e-8 9507.350780128061 7.387780849715405e8
12250 320143.9285158809 26.16159528563999 0.0022558463081110572 3.3056178735982845e-6 1.7910609902443494e-6 0.01374751333378299 1.742707496010798e-5 1.5470094022279612e-5 -9.61800136345803e-8 9507.350780128036 7.387780849714209e8
12300 321452.93198255554 26.199416646709007 0.0022568787121754735 3.302057131574144e-6 1.79381265764484e-6 0.01350360184778765 2.0006965867347404e-5 1.688117847870041e-5 -9.628926943624578e-8 9507.350780128045 7.387780849712949e8
12350 322764.07331473194 26.246863909025667 0.0022567084341484607 3.2974696249372594e-6 1.7958693545672544e-6 0.013782555227408011 2.18357338337416e-5 1.8532905220802753e-5 -9.63545764151883e-8 9507.350780128012 7.387780849711686e8
12400 324076.4097475771 26.225919342529444 0.002254930815527759 3.2924638089315476e-6 1.7972214936458582e-6 0.01396548346565396 2.2734352199960117e-5 1.932664658615968e-5 -9.638947473619443e-8 9507.350780128052 7.387780849710343e8
12450 325386.55715018674 26.18244621569104 0.002251085055726668 3.2876635112722137e-6 1.797946929212991e-6 0.01402955837056652 2.258619781941862e-5 1.9153058381904398e-5 -9.640150427028099e-8 9507.350780128063 7.387780849709098e8
12500 326694.77842567227 26.148728102886224 0.0022456515400705213 3.283598180467196e-6 1.798145874144499e-6 0.014043058741663117 2.1415003170377478e-5 1.802348343012128e-5 -9.636673871092871e-8 9507.35078012802 7.387780849707905e8
12550 328001.5682589207 26.125026325265477 0.002239383343741363 3.2809135071567873e-6 1.7978967480043722e-6 0.01408298706428468 1.9388199180736532e-5 1.607940279819975e-5 -9.627656286501164e-8 9507.350780128045 7.387780849706624e8
12600 329307.4327434027 26.111537166322194 0.0022334584763795337 3.280268509534565e-6 1.7969675501436014e-6 0.014124835794063983 1.8446780372605165e-5 1.352165800216909e-5 -9.614528031846528e-8 9507.350780128054 7.387780849705347e8
12650 330612.8861202802 26.108391464013263 0.002228789251645747 3.281959698347424e-6 1.7953612720012973e-6 0.014041003907550476 1.8584480733052633e-5 1.3617002359189723e-5 -9.598931298641413e-8 9507.350780128014 7.387780849704093e8
12700 331918.4474883896 26.115653850218525 0.002225941295180915 3.2859230902988572e-6 1.793296628904529e-6 0.013724042395551805 1.8200252734856814e-5 1.4051891836952546e-5 -9.583600703235916e-8 9507.350780128058 7.387780849702833e8
12750 333224.637464615 26.133321506525235 0.002225395515436627 3.2919361199435833e-6 1.7907130725226628e-6 0.013345676715744048 1.7747438188497888e-5 1.4098651525962236e-5 -9.570503099495206e-8 9507.350780128034 7.387780849701589e8
12800 334531.6487129923 26.134715745949855 0.002227356258908347 3.299568397496302e-6 1.7876001386096057e-6 0.013390048240125907 1.7092270206520155e-5 1.3776801026099683e-5 -9.562070178655864e-8 9507.350780128081 7.387780849700313e8
12850 335837.8749021432 26.11642658599672 0.0022314514715500227 3.30813689948023e-6 1.7841577787402638e-6 0.013612682991606562 1.6222318996894636e-5 1.311934921188751e-5 -9.559964987552295e-8 9507.350780128063 7.387780849699091e8
12900 337143.45174304565 26.108540579249166 0.0022366861967128555 3.3168685795482353e-6 1.7806494914904708e-6 0.013708372116070677 1.6489855233725592e-5 1.2516783890081928e-5 -9.563366425570348e-8 9507.350780128067 7.387780849697789e8
12950 338448.899848329 26.111064402998746 0.002242140372604819 3.325098494419039e-6 1.7771550125864098e-6 0.013715860824504489 1.6456659489239023e-5 1.1593702410161999e-5 -9.570615274377151e-8 9507.350780128025 7.387780849696604e8
13000 339754.7384354668 26.12393718025846 0.002247718828416463 3.3322599594627218e-6 1.7735637323200245e-6 0.013646169671119424 1.6455329579057043e-5 1.1725569012716042e-5 -9.580689006862161e-8 9507.350780128074 7.38778084969537e8
13050 341061.4819839432 26.14703176935699 0.0022535257194047182 3.3379004744221613e-6 1.7699703944535067e-6 0.013540642668431246 1.7585325219116044e-5 1.1858651941185072e-5 -9.592538001219199e-8 9507.350780128056 7.387780849694146e8
13100 342369.6369451866 26.180155602606312 0.0022585625478127635 3.3417933660546533e-6 1.7666864723402157e-6 0.013431223408588266 1.825008348704804e-5 1.1807200059055223e-5 -9.605295860872205e-8 9507.350780128052 7.387780849692781e8
13150 343679.6984835501 26.223051097918972 0.0022612319229123623 3.343982826616463e-6 1.7638774713910616e-6 0.013529484786886314 1.9695711036549213e-5 1.1601087727700077e-5 -9.617598176345132e-8 9507.350780127987 7.387780849691635e8
13200 344991.98725441116 26.25000178745104 0.0022610648182393176 3.3447517903192793e-6 1.761518012037535e-6 0.013558108077177167 2.1386674941281658e-5 1.1340663978121057e-5 -9.625311686824312e-8 9507.35078012807 7.387780849690292e8
13250 346281.5631057851 26.202702876495888 0.0022582376126314397 3.3446226375987934e-6 1.759726882708684e-6 0.013530648246614874 2.2130237736506242e-5 1.1369553240270225e-5 -9.627853584979666e-8 9507.350780128058 7.387780849689112e8
13300 347590.67407363193 26.16413334539189 0.0022529979120159715 3.3441866150845016e-6 1.758507756961675e-6 0.013591871793323662 2.1921728983853583e-5 1.155583564538265e-5 -9.625666739964499e-8 9507.350780128048 7.387780849687849e8
13350 348898.1078102434 26.135459182957746 0.002246638888515508 3.3440620183732874e-6 1.757711268632635e-6 0.01374452262689374 2.0802954915910554e-5 1.1724639696564232e-5 -9.620182282471735e-8 9507.350780128034 7.387780849686489e8
13400 350204.3651802167 26.116908859943006 0.0022403522041585366 3.3448027673880488e-6 1.7570628184719537e-6 0.013816349091030133 1.8915088666193736e-5 1.1993684159994356e-5 -9.611170172070303e-8 9507.350780128088 7.387780849685346e8
13450 351509.9568135272 26.108645725888397 0.002234640619248754 3.3467988628035782e-6 1.756598468148242e-6 0.013630696750624338 1.8157683442820982e-5 1.3025127188093233e-5 -9.598288126943832e-8 9507.35078012801 7.387780849684072e8
13500 352815.3998310919 26.110767233182074 0.002230152920196872 3.3502193412107226e-6 1.7566077954040386e-6 0.013201991806909064 1.81912014073915e-5 1.3669386207781908e-5 -9.583618572416179e-8 9507.35078012799 7.387780849682796e8
13550 354121.21452501306 26.12330393008324 0.0022276048179455466 3.355060619235589e-6 1.7570695606022993e-6 0.013277687855861586 1.766291546140275e-5 1.3921665973526398e-5 -9.570867801795545e-8 9507.35078012808 7.387780849681578e8
13600 355427.9209812259 26.146218116052854 0.002227075381651509 3.3609805132175714e-6 1.7578255854079883e-6 0.013246446899756847 1.6822316672937543e-5 1.379618426217144e-5 -9.561588070993319e-8 9507.350780128034 7.38778084968032e8
13650 356734.6588590418 26.124156115456437 0.0022282882060712396 3.3673512227459332e-6 1.7589588777158123e-6 0.013295356447088125 1.6113295821629237e-5 1.3325924416829338e-5 -9.556141781973492e-8 9507.350780128003 7.387780849679029e8
13700 358040.49115430535 26.11113010667977 0.002231252662814464 3.373600735775503e-6 1.7605822941898369e-6 0.013488734173279227 1.6409617466517368e-5 1.265604232400519e-5 -9.554759064763591e-8 9507.350780128068 7.387780849677796e8
13750 359345.9377100352 26.108519258519834 0.0022363349483807233 3.379241220982154e-6 1.7626612532885272e-6 0.01355661482011783 1.6557849793708e-5 1.186469509392718e-5 -9.558054237077893e-8 9507.350780128056 7.387780849676585e8
13800 360651.51885808335 26.116295811271904 0.0022429240302771027 3.383791723905928e-6 1.7650762762351886e-6 0.013530057801744988 1.6415907784339545e-5 1.2311982519275233e-5 -9.566462292388112e-8 9507.350780128072 7.387780849675318e8
13850 361957.751831021 26.134365134614168 0.0022495123190846267 3.386877630112723e-6 1.7678005064298573e-6 0.013463188320656627 1.6167463009919558e-5 1.2830083034320872e-5 -9.578313389390173e-8 9507.350780128021 7.387780849674078e8
13900 363265.1474510119 26.16256689770543 0.002254742712597525 3.3883625676730315e-6 1.7709082398742729e-6 0.013342161385480722 1.692320722668228e-5 1.4035453515137686e-5 -9.590625016768218e-8 9507.35078012806 7.387780849672773e8
13950 364574.2068610615 26.200675615978938 0.0022581990119281644 3.388314652347341e-6 1.7742659157630704e-6 0.013722701179631258 1.8608074691339738e-5 1.56213168020225e-5 -9.601573227314707e-8 9507.35078012805 7.387780849671562e8
14000 365885.41827215505 26.248400800081043 0.002260145974235804 3.386990596768748e-6 1.7775948027539342e-6 0.013836133513905224 2.0605419937980152e-5 1.744527682859265e-5 -9.610217963531757e-8 9507.350780128078 7.387780849670265e8
14050 367197.72041615366 26.224504430348503 0.002260238911725294 3.384908645053125e-6 1.7808232737359583e-6 0.01381493882081486 2.1739255902708532e-5 1.8447436749863266e-5 -9.615111910696612e-8 9507.35078012799 7.387780849669033e8
14100 368507.8042407541 26.18131396357455 0.0022580960242816212 3.3828110711188913e-6 1.783910628654241e-6 0.01379466605885682 2.19004913318277e-5 1.8541337083344267e-5 -9.618106413387656e-8 9507.350780128056 7.387780849667763e8
14150 369815.97630049696 26.14788717601985 0.0022543907333684413 3.3813837700726116e-6 1.7865844887983017e-6 0.013839786940934573 2.1120659872309044e-5 1.7764682035945056e-5 -9.61740929399864e-8 9507.350780128 7.387780849666533e8
14200 371122.73166272993 26.124483400405104 0.0022500478391608834 3.3812326195532508e-6 1.7885319773000654e-6 0.013906453138133656 1.9551983201138157e-5 1.6253735843831107e-5 -9.612538996277684e-8 9507.350780128054 7.387780849665232e8
14250 372428.57670509955 26.1112969833073 0.002245657321258222 3.382834702841674e-6 1.789558445777561e-6 0.013868525119505648 1.737502325488416e-5 1.4171999721951378e-5 -9.603370042303309e-8 9507.35078012806 7.387780849663928e8
14300 373734.0258573155 26.10845686230518 0.002241778424622346 3.3863159514671904e-6 1.789832791154608e-6 0.013636042097459722 1.7312602000774113e-5 1.3180032720383483e-5 -9.590819179275054e-8 9507.350780127981 7.387780849662784e8
14350 375039.5983108247 26.11602571936136 0.0022388327326770406 3.391599096385972e-6 1.7895402682585807e-6 0.013242676643130835 1.7064359485452485e-5 1.3638390932657618e-5 -9.578875193722085e-8 9507.35078012806 7.387780849661549e8
14400 376345.8146754555 26.133998705867988 0.002236862290748773 3.3984774726575747e-6 1.7885510459113804e-6 0.013181027835344139 1.6268293737353723e-5 1.3691131479975915e-5 -9.569414647987548e-8 9507.350780128052 7.38778084966021e8
14450 377652.82641247916 26.134029064086874 0.0022360250656823758 3.4064635808088745e-6 1.7868916688665707e-6 0.012962894576048711 1.572358568968646e-5 1.3380755692959934e-5 -9.562520491039498e-8 9507.35078012804 7.387780849659019e8
14500 378959.0260283273 26.116044604246202 0.00223656866862074 3.4149376419971625e-6 1.7847219271036e-6 0.012761746364049031 1.623806154799068e-5 1.2772226308799262e-5 -9.558879224775875e-8 9507.350780128043 7.387780849657744e8
14550 380264.59156987455 26.108464510385808 0.002238823554209887 3.4232959624501377e-6 1.7820389451331953e-6 0.012829968877667852 1.6490403739854997e-5 1.1941073827459459e-5 -9.559019869290518e-8 9507.350780128014 7.387780849656515e8
14600 381570.04366110306 26.11129352085071 0.002242763704143054 3.430964212564046e-6 1.778789212432436e-6 0.012892966226445424 1.6416747674385945e-5 1.0971133019621604e-5 -9.564200105560355e-8 9507.350780128067 7.387780849655266e8
14650 382875.9014328724 26.124468784054837 0.0022470206279564214 3.4374466517340737e-6 1.7751756561498087e-6 0.01296381893553189 1.6092312313920054e-5 1.0358333173865475e-5 -9.573571979807924e-8 9507.350780128043 7.387780849653997e8
14700 384182.6791797992 26.147861214420118 0.0022503904343184286 3.4423813704283838e-6 1.771483583853197e-6 0.012990009097848088 1.6971289567679904e-5 1.0409326138216546e-5 -9.583546518870084e-8 9507.35078012806 7.387780849652779e8
14750 385490.88307268603 26.181276350820106 0.0022527389946060275 3.4456167127431835e-6 1.767809272549613e-6 0.013259115333312366 1.73851586891538e-5 1.100969076656133e-5 -9.591864150680592e-8 9507.350780128068 7.38778084965144e8
14800 386801.00790073787 26.224454715511385 0.002253548026373808 3.447295940267509e-6 1.7642492809809508e-6 0.01364662490414048 1.862055873957935e-5 1.1399759765051698e-5 -9.597715548542421e-8 9507.350780128021 7.387780849650227e8
14850 388113.3327343134 26.248452694696994 0.002252014056959713 3.44780408827927e-6 1.7609124600073574e-6 0.013983050443584943 2.0000471611825166e-5 1.1589813688706041e-5 -9.601267680810876e-8 9507.35078012807 7.387780849649032e8
14900 389402.8583764681 26.20142643396726 0.0022480226978324456 3.447685810704271e-6 1.7578627371379973e-6 0.014209492876489094 2.051798958691009e-5 1.1621457400190494e-5 -9.603698172665845e-8 9507.35078012804 7.387780849647701e8
14950 390711.9128215111 26.163144586268523 0.0022421026038431944 3.4474767175099517e-6 1.7549605004265465e-6 0.014259726434829645 2.0185427654417776e-5 1.1540658178293972e-5 -9.603779382280489e-8 9507.350780128083 7.387780849646473e8
15000 392019.30462670064 26.134765910001303 0.0022351867396910906 3.447735538617837e-6 1.7523242097717037e-6 0.014140727620088 1.9066157949609863e-5 1.1379921339566001e-5 -9.599759468066516e-8 9507.350780128041 7.387780849645188e8
15050 393325.5349958513 26.116516871308228 0.002228158103407974 3.448895201058017e-6 1.749966021888229e-6 0.013912169528339291 1.7299944450488436e-5 1.1595942714437424e-5 -9.591117397918353e-8 9507.350780128016 7.387780849643886e8
15100 394631.11479736795 26.108558808242307 0.002222143222743342 3.4512617719971067e-6 1.7478749142135775e-6 0.013611452437544358 1.6681340750224205e-5 1.2622382059457316e-5 -9.579065720488994e-8 9507.350780128025 7.387780849642727e8
15150 395936.56129181304 26.110987238833445 0.002217830600735767 3.455040097648441e-6 1.7460255879055105e-6 0.013252281218683493 1.6704056235050668e-5 1.3276613757606803e-5 -9.566592371508762e-8 9507.35078012806 7.38778084964148e8
15200 397242.39481544046 26.123830801524594 0.002214979927547358 3.4603062033962745e-6 1.7441958425616488e-6 0.013226997828951426 1.6224359744021477e-5 1.3546823450338863e-5 -9.555700758354012e-8 9507.350780128088 7.3877808496402e8
15250 398549.135071316 26.146721080952204 0.0022131160831164536 3.4667846711336952e-6 1.7424015268081663e-6 0.013078538265290263 1.580057626360265e-5 1.3451369000883062e-5 -9.545997774278871e-8 9507.35078012803 7.387780849638941e8
15300 399855.83911878656 26.123624582714655 0.002212203261548827 3.4739693265240093e-6 1.7409215306263003e-6 0.012922847474783339 1.5992364362171774e-5 1.3026240836488956e-5 -9.538166694871309e-8 9507.350780128043 7.387780849637742e8
15350 401161.6526377406 26.110904649075817 0.0022129132346540557 3.481352589042342e-6 1.7397532497924605e-6 0.012942434851538565 1.646742525140965e-5 1.2326280022789682e-5 -9.5333671471446e-8 9507.350780127994 7.38778084963651e8
15400 402467.0957317858 26.108599980179548 0.0022156540869104433 3.4884612227009438e-6 1.738826767911795e-6 0.012983609922230244 1.6614461187058893e-5 1.1536817573376545e-5 -9.533163021148164e-8 9507.350780128 7.387780849635171e8
15450 403772.68868892733 26.11668091095516 0.002219665845111889 3.4948049180235507e-6 1.7383184882338015e-6 0.013164247908207471 1.6416846122524476e-5 1.0597898734560074e-5 -9.537994351877346e-8 9507.35078012807 7.387780849633943e8
15500 405078.94860384485 26.135050922807142 0.002224206875162975 3.4999128160056083e-6 1.738439974177061e-6 0.013359155516354804 1.5907620214972162e-5 1.1019378120841195e-5 -9.545826177156256e-8 9507.350780128107 7.387780849632723e8
15550 406386.38606393134 26.163547700377524 0.00222888157776236 3.503545376699892e-6 1.7392884411962687e-6 0.013410153154836735 1.570335510892029e-5 1.2674496803144475e-5 -9.554019701411585e-8 9507.350780128092 7.387780849631449e8
15600 407695.5018777617 26.201943783877194 0.002232809079508548 3.50579280211519e-6 1.7408903006408892e-6 0.013544573558192496 1.617426642419595e-5 1.35718493639303e-5 -9.56079513700163e-8 9507.350780128068 7.387780849630264e8
15650 409006.78382554936 26.24994680029206 0.0022354287802116577 3.506926360452543e-6 1.7431912556636203e-6 0.013697633592983038 1.7572647091790294e-5 1.4739394549267981e-5 -9.566266992791216e-8 9507.350780128098 7.387780849628986e8
15700 410319.0468429653 26.223093153544568 0.002236408605831553 3.507381594163646e-6 1.7460790718196646e-6 0.01368209139945975 1.9027688898332062e-5 1.603975933067714e-5 -9.570038963747322e-8 9507.350780128041 7.387780849627755e8
15750 411629.06729196926 26.180186142620798 0.0022353634304450773 3.5078267250652706e-6 1.7493031347184773e-6 0.013567235287609947 1.9688107215365402e-5 1.659698080219707e-5 -9.573529539421937e-8 9507.350780128058 7.387780849626497e8
15800 412937.1903777753 26.147051492945135 0.0022324807688841285 3.508907237670268e-6 1.7525570644783454e-6 0.013410774920430413 1.9569930945040337e-5 1.6415901777130926e-5 -9.574681864515533e-8 9507.350780128012 7.38778084962519e8
15850 414243.9115552117 26.123946690585456 0.002228572859295022 3.5111506434952286e-6 1.755609637904204e-6 0.013240949960163562 1.873502957600026e-5 1.5556300008955082e-5 -9.57192375996644e-8 9507.35078012804 7.387780849623997e8
15900 415549.7374941477 26.111064124663837 0.002224496785787686 3.5150597588856898e-6 1.7581573505169976e-6 0.01304132782479428 1.7293660821537937e-5 1.4134130999855776e-5 -9.564604568465517e-8 9507.350780128025 7.38778084962276e8
15950 416855.1828169776 26.108530718881703 0.0022210646781436767 3.520891952558201e-6 1.7600061905919584e-6 0.012952124273397203 1.6763009568043774e-5 1.2983278021516664e-5 -9.553896073235732e-8 9507.350780128043 7.38778084962145e8
16000 418160.76680627087 26.116407106871335 0.0022191354459442656 3.5286408385401297e-6 1.7610965576039424e-6 0.012954049716427107 1.6471747446122897e-5 1.338586411486764e-5 -9.542113971822108e-8 9507.350780128092 7.387780849620212e8
16050 419467.01005975215 26.134686363766576 0.0022189107433397515 3.5381408977130807e-6 1.7613871521578524e-6 0.012857136159254878 1.6021387748477167e-5 1.3391566796028265e-5 -9.531698478706947e-8 9507.350780128116 7.387780849618993e8
16100 420774.02014318324 26.133354147498984 0.002220239857460878 3.5489713168905454e-6 1.7609825894062148e-6 0.012702829281352024 1.610518492739521e-5 1.3017454531027983e-5 -9.523952426144214e-8 9507.35078012802 7.387780849617748e8
16150 422080.1937947564 26.11567517294776 0.002223084454840015 3.560537555909838e-6 1.7600036423212548e-6 0.012480857817536162 1.6668167026168135e-5 1.2641605067309492e-5 -9.51937346185176e-8 9507.350780127992 7.387780849616573e8
16200 423385.74867999385 26.10840156044859 0.0022273478287721787 3.5722384800721965e-6 1.758632340814741e-6 0.01233981686846164 1.688605337846205e-5 1.2059472633552115e-5 -9.518371022917457e-8 9507.350780128016 7.387780849615252e8
16250 424691.2054223919 26.111536084804676 0.0022329042268347445 3.5834799370770796e-6 1.7570384831327657e-6 0.01255367658495743 1.675527110012176e-5 1.1591884553385431e-5 -9.521723955462965e-8 9507.350780128038 7.387780849614062e8
16300 425997.083055137 26.12501396374705 0.0022391616156920893 3.593711970075024e-6 1.75519310727786e-6 0.012776942720847728 1.6302008605029172e-5 1.1615267838493981e-5 -9.530389658207831e-8 9507.350780128121 7.387780849612714e8
16350 427303.89567888645 26.148704188199748 0.002244891944919084 3.602552910276414e-6 1.7530272553624643e-6 0.012936397873090755 1.6362212717946356e-5 1.1572970116460746e-5 -9.54174839148129e-8 9507.35078012812 7.387780849611564e8
16400 428612.14917425654 26.18241037011623 0.00224890271710542 3.6098620185453596e-6 1.750692640380421e-6 0.013000967519928963 1.7099267973330612e-5 1.147641502641586e-5 -9.552581092860646e-8 9507.35078012809 7.387780849610261e8
16450 429922.33794370125 26.225871097115352 0.002250975438316756 3.615633662270681e-6 1.7485101676922788e-6 0.013131585290921066 1.736951175396184e-5 1.1553787122808856e-5 -9.560864115934316e-8 9507.350780128052 7.387780849609019e8
16500 431234.69422155654 26.246912259359235 0.002251332906394811 3.620077087792686e-6 1.7466584321681006e-6 0.013211333746767195 1.8741073027628286e-5 1.177411132430306e-5 -9.566250068633396e-8 9507.350780128034 7.387780849607747e8
16530 432000.0 4.583142031449825 0.0022506103833383694 3.6222596084616936e-6 1.7457379245480083e-6 0.013273723041038465 1.926650662736895e-5 1.1831488131386347e-5 -9.568704841893588e-8 9507.350780128103 7.387780849607028e8
