#timestep time dt l2_h l2_h_vcon1 l2_h_vcon2 linf_h linf_h_vcon1 linf_h_vcon2 l2_H l2_vcon1 l2_vcon2 linf_H linf_vcon1 linf_vcon2 dsdu_ut mass entropy 
0 0.0 100.0 0.0 0.0 0.0 0.0 0.0 0.0 0.0 0.0 0.0 0.0 0.0 0.0 -4.01406287701336e-12 9507.350780127945 7.387780849131678e8
50 1820.409404785586 36.39119828958848 7.688276959087659e-8 3.484486640571299e-7 7.917657518119218e-7 2.8325779573641844e-7 1.5376919961207995e-6 2.2364618658660172e-6 5.945986637268808e-8 6.282999009900233e-7 8.107893540728602e-7 2.780268730299764e-7 3.1378621393382694e-6 3.118906248741399e-6 -6.027771158252821e-9 9507.350780127952 7.387780849131622e8
100 3639.594421642962 36.38142965563242 7.253184344362452e-8 4.862932997481045e-7 7.104045302948247e-7 3.7858956148075467e-7 2.107274078537057e-6 2.623370545361974e-6 5.609493182873361e-8 9.184772428981181e-7 1.030289214103075e-6 3.715841071227124e-7 5.854999839954078e-6 4.7497573350309935e-6 -7.028666093117238e-9 9507.350780127987 7.387780849131485e8
150 5459.063879023829 36.402010206755335 7.093279151311808e-8 6.255153496431002e-7 7.799897186337052e-7 3.657106412124455e-7 2.518324788696133e-6 2.029792143873564e-6 5.4858251429296135e-8 1.1108771346078542e-6 1.1000651734649983e-6 3.5894489842864726e-7 9.143571286879133e-6 5.175371833901138e-6 -6.602931901924585e-9 9507.350780127941 7.387780849131359e8
200 7280.338744701174 36.453023209614095 6.831089728945581e-8 7.648803257534675e-7 7.860465276083224e-7 3.290608635569728e-7 3.074597268398421e-6 2.3722932882142235e-6 5.283052166805631e-8 1.291226371471731e-6 1.164611749142326e-6 3.2300543875068e-7 1.1408351039935377e-5 4.653732810924174e-6 -6.314412545833649e-9 9507.35078012791 7.38778084913128e8
250 9078.270385728127 36.532803993047374 6.841011461952406e-8 8.922915495498909e-7 8.517814395466926e-7 3.3525142354150426e-7 3.46079303077857e-6 2.2552007853252223e-6 5.290725471394204e-8 1.4525273285044571e-6 1.291936023116246e-6 3.2904858940004293e-7 1.2268320148324616e-5 5.824015924103078e-6 -6.2389252959735344e-9 9507.350780127948 7.38778084913116e8
300 10907.575871404186 36.629593940161406 6.813581908619439e-8 1.003428428215582e-6 8.916992785940633e-7 3.16645020619541e-7 3.8028130082365848e-6 2.3947839440607565e-6 5.269511907029317e-8 1.583761927331512e-6 1.4570255481382556e-6 3.108110302436987e-7 1.2503701801484143e-5 7.2255258337755735e-6 -6.1534222383092615e-9 9507.350780127968 7.387780849131011e8
350 12736.203023097245 36.522499881717714 6.826316610102926e-8 1.102942925864678e-6 9.580225660043682e-7 3.1700942756048524e-7 4.16690635291033e-6 2.5559825632439575e-6 5.279360715262729e-8 1.68764796078592e-6 1.6740749370633496e-6 3.1115042428118776e-7 1.2234027815195024e-5 8.263180904948538e-6 -6.211812466620996e-9 9507.350780127967 7.387780849130871e8
400 14560.22773814331 36.44503578132477 6.834789446632835e-8 1.1880474372805612e-6 1.0039392417952561e-6 3.112500064348277e-7 4.384154344613427e-6 2.8623203604002e-6 5.285913467380069e-8 1.7636022958815446e-6 1.9031538662744128e-6 3.055183489507857e-7 1.2042463994779382e-5 9.3368886871976e-6 -6.176756448188484e-9 9507.350780127974 7.38778084913082e8
450 16381.148288403416 36.397795433460516 6.942512506801989e-8 1.2600860452197704e-6 1.0641332393679336e-6 3.191812532724801e-7 4.67277851549751e-6 3.330506293884812e-6 5.369224706028622e-8 1.818989843372815e-6 2.1389453429620248e-6 3.1327428609732094e-7 1.173820899622555e-5 1.0020899567826334e-5 -6.30549599464495e-9 9507.350780127985 7.38778084913066e8
500 18189.565588738744 36.381007014203355 6.974306809051579e-8 1.3196296489549202e-6 1.109088463864474e-6 3.376763953410551e-7 5.195132957487947e-6 4.0625346302510454e-6 5.3938138949486017e-8 1.864233253646426e-6 2.3430473983524877e-6 3.314361433748316e-7 1.1041072886303306e-5 1.1932444590026817e-5 -6.375683388255321e-9 9507.350780127972 7.38778084913055e8
550 20008.83045349752 36.394344394694706 7.000955014104642e-8 1.372912379344121e-6 1.1507854926850874e-6 3.3908456348985067e-7 5.77952194405975e-6 4.6525259775304896e-6 5.414423177493608e-8 1.9088686566615923e-6 2.513783684833834e-6 3.3281899409351476e-7 9.957164944312847e-6 1.3055293627254666e-5 -6.464677759425534e-9 9507.350780127976 7.387780849130449e8
600 21829.467490879644 36.42266559826601 6.981395249064836e-8 1.417804311337911e-6 1.185288034479681e-6 3.4988507060883524e-7 6.0538334237834066e-6 5.024547730192949e-6 5.3992959776395345e-8 1.9503501458549738e-6 2.6381016619735443e-6 3.4341785535619894e-7 8.894392385131137e-6 1.331932776106881e-5 -6.512622503666346e-9 9507.350780127923 7.387780849130312e8
650 23649.5839622258 36.38765002458471 7.049130204819885e-8 1.4589488504332259e-6 1.212391257798575e-6 3.473088559158752e-7 6.686086883082216e-6 4.864055624576815e-6 5.451681075719161e-8 1.9929599201839786e-6 2.7030739753752413e-6 3.408955580773007e-7 8.033358428511363e-6 1.265573686870532e-5 -6.611251040029275e-9 9507.350780127956 7.387780849130219e8
700 25468.713236541127 36.382662819421675 7.03408130334573e-8 1.4970233421865114e-6 1.2291639641359532e-6 3.676398151664603e-7 6.98165467560472e-6 4.490775190576033e-6 5.440042503599773e-8 2.0364097521574832e-6 2.7100522748536876e-6 3.608341095802911e-7 8.950451761027881e-6 1.2290464482448427e-5 -6.697825148655605e-9 9507.35078012796 7.38778084913009e8
750 27266.642781991857 36.40757796565233 7.029890474253657e-8 1.531572649277541e-6 1.2385060382492475e-6 3.7270048773279797e-7 6.739961738575417e-6 4.127988972076942e-6 5.4368013853734654e-8 2.0843753117742794e-6 2.6760511655310027e-6 3.658086808658751e-7 9.578632195473377e-6 1.205438548002563e-5 -6.701987217985106e-9 9507.350780127932 7.387780849129975e8
800 29088.30936120218 36.46302813961963 7.036208180979033e-8 1.5687819125570056e-6 1.2429702841476599e-6 3.7606022535595063e-7 6.000518036751927e-6 4.042425388445157e-6 5.4416873956151635e-8 2.146161483316193e-6 2.6049703681988576e-6 3.6912724859087355e-7 1.0112779365671465e-5 1.188765725171369e-5 -6.779385718183984e-9 9507.350780127954 7.387780849129858e8
850 30913.51803540352 36.54857595341121 7.03342126400972e-8 1.6040570315240543e-6 1.2391371768742446e-6 3.699772931266339e-7 5.5826517912999836e-6 4.0752081699573665e-6 5.4395320398081776e-8 2.218767055200091e-6 2.5144847765653276e-6 3.6312888911534004e-7 1.0720687177152347e-5 1.1619539186559162e-5 -6.788691641592868e-9 9507.350780127985 7.387780849129728e8
900 32743.444130887594 36.61040307091243 7.052025110255415e-8 1.6374187229039812e-6 1.2404882418684326e-6 3.8283694579477005e-7 5.565184490831638e-6 4.0873159214566925e-6 5.453919947870864e-8 2.2974460086376636e-6 2.4250577731215335e-6 3.7577767660027534e-7 1.0905689721948695e-5 1.1193318876891978e-5 -6.8321419269357165e-9 9507.350780127967 7.387780849129605e8
950 34560.0 25.276798469036294 7.070351464302423e-8 1.6700348242800221e-6 1.2348115686337499e-6 3.5730068258189315e-7 5.791271613926288e-6 4.060463787323479e-6 5.4680932478027686e-8 2.385016018940188e-6 2.3369744441488663e-6 3.5070765146124284e-7 1.0306510241132378e-5 1.0904463071931453e-5 -6.8686711218066295e-9 9507.350780127957 7.387780849129509e8
1000 36383.445868278606 36.43574327736063 7.079980431840882e-8 1.6974341934775287e-6 1.2324559264157283e-6 3.487657110142029e-7 5.999662031258573e-6 4.128201869203989e-6 5.4755401325482986e-8 2.472232187553657e-6 2.262159468012919e-6 3.4233890858889605e-7 9.49611887252108e-6 1.0614290581584565e-5 -6.8961605644994844e-9 9507.350780127952 7.387780849129354e8
1050 38204.021631776974 36.393207276694746 7.108095598704233e-8 1.716170950392802e-6 1.2345535681128275e-6 3.4674020626792976e-7 6.133102372028715e-6 4.211638389166274e-6 5.497283939000952e-8 2.543889438077725e-6 2.2035293694685997e-6 3.403222512002896e-7 8.450585671446572e-6 1.018836515874003e-5 -6.951594666885145e-9 9507.350780127937 7.38778084912922e8
1100 40023.24698327437 36.38111587325269 7.12233580656056e-8 1.7307782617631786e-6 1.23664544919225e-6 3.3809968893466853e-7 6.851980685420471e-6 4.3452928532876735e-6 5.508297081200542e-8 2.6073545295544275e-6 2.1549236380334035e-6 3.3184965251124585e-7 9.613591552242426e-6 9.657531676622724e-6 -6.980094914581535e-9 9507.35078012798 7.387780849129167e8
1150 41842.64098997924 36.39929163323762 7.144508635062079e-8 1.7382687426788608e-6 1.243659291288981e-6 3.329914460134854e-7 7.622358854403617e-6 4.616620412863246e-6 5.52544518114618e-8 2.647488968691269e-6 2.126886750248207e-6 3.2683902658126195e-7 1.0466141805374195e-5 8.906412347122802e-6 -6.997611035037347e-9 9507.350780127956 7.387780849128963e8
1200 43637.05141621196 36.41569482028663 7.149491611185182e-8 1.7354966877112363e-6 1.2560873280934755e-6 3.497311820271914e-7 8.060837889854258e-6 4.631801985681214e-6 5.52929893258433e-8 2.6543628252448354e-6 2.1148713940634047e-6 3.432664223988117e-7 1.0943478630777615e-5 8.806654913459206e-6 -7.068637001695598e-9 9507.350780127977 7.387780849128845e8
1250 45456.930014160316 36.385034458654154 7.105154394002579e-8 1.730710297361707e-6 1.266759414097422e-6 3.508731143960697e-7 7.983510759661634e-6 4.280357566171941e-6 5.495009259878492e-8 2.6401280097085e-6 2.113157942193613e-6 3.44386527960745e-7 1.1067846868513318e-5 8.857961186264944e-6 -7.046334219320315e-9 9507.350780127961 7.387780849128712e8
1300 47276.04119682042 36.384474388766094 7.123473511115978e-8 1.7247016180151745e-6 1.2827089103993965e-6 3.473476552616264e-7 7.5282531912015e-6 3.899805357044363e-6 5.5091769630129174e-8 2.6019904938492343e-6 2.1446399119728167e-6 3.409187428070093e-7 1.102793923960448e-5 9.029137680666384e-6 -6.999877166789826e-9 9507.350780127968 7.387780849128577e8
1350 49095.899224772154 36.4143248254345 7.134944241461567e-8 1.717091624442235e-6 1.305046034170567e-6 3.566087658152944e-7 6.805218422936653e-6 4.027666525071557e-6 5.5180482367535566e-8 2.546954640674261e-6 2.1977380664518658e-6 3.50017745559791e-7 1.0758979198084014e-5 9.553182706987551e-6 -7.023264962241487e-9 9507.35078012794 7.387780849128475e8
1400 50918.02551875142 36.47456501113137 7.108203665237882e-8 1.7119029009004053e-6 1.3252366773781742e-6 3.4705814144867607e-7 6.037946080467248e-6 4.257984749340516e-6 5.4973675160462906e-8 2.4906597487542416e-6 2.260499203491205e-6 3.4065250935629485e-7 1.0809898098202006e-5 1.0492667981206407e-5 -7.003791298987666e-9 9507.350780127968 7.38778084912835e8
1450 52716.966534224244 36.56327225782341 7.103937984995359e-8 1.7110784213776824e-6 1.3457237151196038e-6 3.533741740558081e-7 5.799777210115554e-6 4.615227236328713e-6 5.4940685092511513e-8 2.43422699860639e-6 2.347331182202303e-6 3.4683423049658385e-7 1.1241863679013734e-5 1.0850690853991159e-5 -6.950016658884527e-9 9507.350780127981 7.38778084912824e8
1500 54547.208851725336 36.59392835797018 7.129874360032646e-8 1.7125092636780896e-6 1.3692370320157608e-6 3.457250768589437e-7 5.992078133192477e-6 4.450234697514827e-6 5.5141272740669794e-8 2.37451048675554e-6 2.4596156096402823e-6 3.393383122942502e-7 1.129082291341638e-5 1.1578743527549147e-5 -6.937162906325147e-9 9507.350780127945 7.387780849128144e8
1550 56374.27925478658 36.495764293286804 7.138918189722234e-8 1.716380020249593e-6 1.391799128656042e-6 3.437869627717887e-7 6.178793312682695e-6 3.811313138164192e-6 5.521121622798343e-8 2.3247615925265654e-6 2.581696725036818e-6 3.3743934590671324e-7 1.0808790280716295e-5 1.1650365948078301e-5 -6.929316596284389e-9 9507.35078012795 7.387780849127966e8
1600 58197.19989479545 36.42745208186412 7.142553883349765e-8 1.7226690683216325e-6 1.4106126944475735e-6 3.331894361179244e-7 6.430649633721821e-6 3.1912661432334422e-6 5.5239334082449575e-8 2.2895095649286783e-6 2.7037567991369372e-6 3.2703941251990796e-7 1.0502492424267592e-5 1.0668415595876893e-5 -6.9169128400084146e-9 9507.350780127965 7.387780849127868e8
1650 60017.47707055637 36.389467078858 7.146520901366135e-8 1.72937274056871e-6 1.4281209729226702e-6 3.501302608811111e-7 6.5591352064605086e-6 3.670189860210177e-6 5.5270014348184694e-8 2.2619673098760883e-6 2.81501169441189e-6 3.436526139273012e-7 1.0272333125998431e-5 1.1418906412013229e-5 -6.929231399244566e-9 9507.350780127897 7.387780849127702e8
1700 61826.12843656603 36.38187699745019 7.143143989706559e-8 1.7352811157708194e-6 1.4422272043290002e-6 3.619627321498607e-7 6.46660887476195e-6 4.527025426337906e-6 5.5243897868927636e-8 2.2395309565872907e-6 2.8994523201636453e-6 3.5526807971033003e-7 9.953784110216031e-6 1.2415741334875903e-5 -6.9579802751905775e-9 9507.350780127977 7.387780849127548e8
1750 63645.670913123395 36.404370592685545 7.113578639699243e-8 1.7410210354368595e-6 1.4496602071291736e-6 3.681826626083964e-7 7.3775255779156545e-6 5.820259367996106e-6 5.501524432742858e-8 2.22469461357988e-6 2.9397828587296804e-6 3.6138457628330764e-7 9.531309878376893e-6 1.2698845544790235e-5 -6.9709614997669346e-9 9507.35078012794 7.387780849127464e8
1800 65466.54598595922 36.40886187069334 7.067309092060306e-8 1.7471054516301634e-6 1.4497412329053532e-6 3.521186751050917e-7 8.003338786990813e-6 6.3671378140704144e-6 5.465740327374337e-8 2.2206346075332265e-6 2.9272425538084656e-6 3.4561375636901435e-7 9.85397900218165e-6 1.1387437199197382e-5 -6.961504274172696e-9 9507.35078012802 7.387780849127294e8
1850 67286.20316651263 36.38293194323235 7.03679639802957e-8 1.7549180278086429e-6 1.4434670379280713e-6 3.876900219102564e-7 7.743663114203586e-6 5.8816120875128455e-6 5.442142312986225e-8 2.227546915439871e-6 2.867823983008718e-6 3.805194172959083e-7 1.0681070965832592e-5 1.006325486582728e-5 -6.9473520507250195e-9 9507.350780127936 7.387780849127171e8
1900 69105.33145258854 36.387172507211844 7.012753649493194e-8 1.7662444640178695e-6 1.431094650031517e-6 3.6770170678970347e-7 7.314210182682597e-6 5.506486532296458e-6 5.423548047661611e-8 2.2464512121082983e-6 2.7747347686535937e-6 3.60901856172555e-7 1.1097093797135209e-5 9.616220181774676e-6 -6.93488596173547e-9 9507.350780127948 7.38778084912704e8
1950 70903.70776388461 36.421249016216684 6.989000512285214e-8 1.782264900776804e-6 1.4125031703932318e-6 3.5589848279176114e-7 7.3612748531377795e-6 5.319846603363421e-6 5.405177762857591e-8 2.2795841586676103e-6 2.6620144873924306e-6 3.49325207391264e-7 1.1635401396903937e-5 1.0342139153582556e-5 -6.907565659154772e-9 9507.350780127952 7.387780849126936e8
2000 72726.29331793946 36.4859130112956 6.973733622045517e-8 1.8043883308107457e-6 1.3886656698074793e-6 3.426985261608376e-7 7.3975313530696765e-6 5.016698725307359e-6 5.393370601652777e-8 2.331973289460392e-6 2.5401628277922437e-6 3.363707002789062e-7 1.1800249505425935e-5 1.1136706637031317e-5 -6.875354106108413e-9 9507.350780127948 7.387780849126811e8
2050 74552.87778132 36.580503254901906 6.981283085788639e-8 1.831648260670993e-6 1.3634051709122935e-6 3.367667076959312e-7 7.476889319356847e-6 5.2976457791275725e-6 5.399209232582836e-8 2.405491059700767e-6 2.4210785424949017e-6 3.305405687167735e-7 1.1816042892348422e-5 1.1188129404748097e-5 -6.84291818286132e-9 9507.350780127972 7.387780849126683e8
2100 76383.20857213977 36.576130145408804 7.004008371188771e-8 1.8628969628181483e-6 1.3395940635402012e-6 3.327929482472273e-7 7.676404214424555e-6 5.029546162188894e-6 5.416784593631463e-8 2.4985338386673337e-6 2.3151183774616e-6 3.2663653598653773e-7 1.1693804143370795e-5 1.0821423936258094e-5 -6.813754916368622e-9 9507.350780127961 7.3877808491266e8
2150 78197.9056545038 36.483226324246914 7.051413414475874e-8 1.8959688971316502e-6 1.319363507408085e-6 3.2582907106652323e-7 7.884185726393682e-6 4.525069651727423e-6 5.453446872335568e-8 2.6021013244214143e-6 2.2304171101546194e-6 3.198134611676015e-7 1.1060059661202686e-5 1.0296648680240336e-5 -6.806115208718679e-9 9507.350780127947 7.38778084912645e8
2200 80020.31820715326 36.41958459473909 7.107497859878426e-8 1.928425650254749e-6 1.305574843901263e-6 3.173242499278183e-7 8.035314511905748e-6 4.564930036490782e-6 5.496821657811523e-8 2.7074662046085213e-6 2.168252062838973e-6 3.1146090950486666e-7 1.1128212828840049e-5 9.654427893101246e-6 -6.826084453324335e-9 9507.350780127947 7.387780849126301e8
2250 81840.3220846751 36.38631054877345 7.14026886005637e-8 1.9572034683237995e-6 1.2981341129670518e-6 3.324884776984269e-7 7.978325483707265e-6 4.635980173928867e-6 5.522166209054582e-8 2.8044234519018934e-6 2.12224887189765e-6 3.263366454875065e-7 1.0673118886725122e-5 9.46742713646853e-6 -6.8594205041072616e-9 9507.350780127967 7.387780849126203e8
2300 83659.43857083368 36.383461588710105 7.13946193268603e-8 1.980537001636783e-6 1.296430385418956e-6 3.6523895783800943e-7 7.6030427453545505e-6 4.829287924881918e-6 5.521542144675553e-8 2.88237935020366e-6 2.0897767581826284e-6 3.584847722355328e-7 1.031051317800856e-5 1.0080624750045918e-5 -6.883884659302415e-9 9507.350780127965 7.38778084912606e8
2350 85479.1832400512 36.41076239698531 7.1325938229681e-8 1.997138500172562e-6 1.3007697701912502e-6 3.56256212932303e-7 8.873850289529664e-6 5.226311010591348e-6 5.516230462032278e-8 2.9310893373787224e-6 2.075104033571246e-6 3.496720951256726e-7 1.0458918476397269e-5 1.0701585471700234e-5 -6.898600890523151e-9 9507.35078012796 7.387780849125967e8
2400 87273.90419156062 36.403208637829515 7.147201404764901e-8 2.0068835179373987e-6 1.3100479479363489e-6 3.602021336007252e-7 9.34294160943062e-6 5.163607407331566e-6 5.527527724977669e-8 2.9440951451442764e-6 2.0820558405274185e-6 3.5354884885680494e-7 1.131645378157419e-5 1.101720207884555e-5 -6.909361815380045e-9 9507.350780127957 7.387780849125838e8
2450 89093.39008433137 36.38165949631112 7.144196974901482e-8 2.0110921722636704e-6 1.324731913702576e-6 3.6201872225412606e-7 8.870910936207555e-6 4.816226363227312e-6 5.525204148152789e-8 2.9228794075488443e-6 2.11843895849632e-6 3.553241099266914e-7 1.1377584244451093e-5 1.1102529952475248e-5 -6.926599602915213e-9 9507.350780127967 7.387780849125693e8
2500 90912.56778699187 36.39033864007771 7.102769946511487e-8 2.0112969849141846e-6 1.3426873105843435e-6 3.6894241769508916e-7 8.453752054597584e-6 4.4660191876595265e-6 5.493165167566169e-8 2.8743053560150985e-6 2.180053433328113e-6 3.6211449029216256e-7 1.091844729323562e-5 1.1102682534238783e-5 -6.928545059763998e-9 9507.350780127956 7.387780849125586e8
2550 92732.9554695979 36.42945779302135 7.056558510629009e-8 2.00980850949108e-6 1.3620815035189525e-6 3.64709439737462e-7 8.308178006853499e-6 4.7184970425369984e-6 5.457426005008346e-8 2.809020630723708e-6 2.260093039901669e-6 3.57982656557525e-7 1.110205773698516e-5 1.1083198700371592e-5 -6.898202350939135e-9 9507.350780127956 7.387780849125443e8
2600 94556.07337996757 36.49889099280574 7.046696619216655e-8 2.0087402966453095e-6 1.3827521716659049e-6 3.614460776034441e-7 7.80165946482649e-6 4.806804401112068e-6 5.4497989807458095e-8 2.7364129100491535e-6 2.3615759845689487e-6 3.5477392625638834e-7 1.0787404705032484e-5 1.1286909002160003e-5 -6.860467505695938e-9 9507.350780127981 7.387780849125352e8
2650 96356.12945210509 36.59645099863951 7.070186565483558e-8 2.0095292341409475e-6 1.4040369665888227e-6 3.6544285652386765e-7 7.540864776037122e-6 5.012804913156978e-6 5.4679657178549844e-8 2.666832623369165e-6 2.485811056490265e-6 3.5869666672560615e-7 1.0095592252961464e-5 1.134437152723325e-5 -6.8322932914604856e-9 9507.350780127937 7.387780849125205e8
2700 98186.30167377481 36.56094826382585 7.113641491429907e-8 2.012692682245495e-6 1.4267836289832781e-6 3.6768924737742094e-7 7.699921529269733e-6 4.688222754193762e-6 5.501573041068353e-8 2.6061438663270627e-6 2.6327521420241466e-6 3.6088345236739325e-7 1.1294491811939671e-5 1.1636799763639153e-5 -6.8135379390720026e-9 9507.350780127941 7.38778084912507e8
2750 100011.95175660282 36.471792387562466 7.159595175399613e-8 2.018017841380991e-6 1.4497865964800582e-6 3.6184250418728485e-7 7.811725893593217e-6 4.270696784698922e-6 5.537112862705987e-8 2.558449984237545e-6 2.7939351047016253e-6 3.5516715750856137e-7 1.2263965620789533e-5 1.1726386662894495e-5 -6.809829779170248e-9 9507.350780127947 7.387780849124969e8
2800 101833.90771294471 36.41267383022165 7.187926917829985e-8 2.0247725115877994e-6 1.4725681929118084e-6 3.4741069092425676e-7 7.791944942280399e-6 4.441461179663941e-6 5.5590241651836975e-8 2.522023895280631e-6 2.9612436414115046e-6 3.409890819078011e-7 1.3038530405061133e-5 1.055907621345125e-5 -6.8234976840000174e-9 9507.35078012796 7.387780849124805e8
2850 103653.68215523397 36.38395351678928 7.190605847418382e-8 2.032324207709978e-6 1.494472467248273e-6 3.3911754869220695e-7 7.537337878848003e-6 4.644820127552559e-6 5.5610960050462327e-8 2.4950052407632087e-6 3.1160780970895493e-6 3.3283990907248844e-7 1.3711291716994361e-5 1.0448172430351926e-5 -6.850020551324207e-9 9507.350780127917 7.387780849124722e8
2900 105462.73012790496 36.385545141294095 7.177287767440915e-8 2.0398546766937747e-6 1.5135607067528477e-6 3.466673996892728e-7 8.242977494302166e-6 6.163662818270304e-6 5.5507960215471216e-8 2.4757899293099737e-6 3.2298968689872477e-6 3.402616080086989e-7 1.4339551331154194e-5 1.0280807003230473e-5 -6.882462420865976e-9 9507.350780127947 7.387780849124563e8
2950 107282.68898519386 36.4171456979861 7.156029213709918e-8 2.0474922517629537e-6 1.526966450568931e-6 3.5581150617354394e-7 9.607299459555485e-6 7.6232935582586306e-6 5.534355006668658e-8 2.46638763310719e-6 3.2847046470279323e-6 3.492341410679533e-7 1.4905183989372136e-5 1.0742212080360978e-5 -6.895730258377296e-9 9507.350780127987 7.387780849124422e8
3000 109103.43884061255 36.397798078147815 7.146928647331046e-8 2.0562720910751913e-6 1.5328911304730384e-6 3.640971584578304e-7 9.872660791794797e-6 7.620130139992161e-6 5.527316778615521e-8 2.4695990533557076e-6 3.2776583504036865e-6 3.57369199815424e-7 1.4838904801340413e-5 1.0959289687247997e-5 -6.8922006366432574e-9 9507.350780127981 7.387780849124331e8
3050 110922.77521989882 36.381007688834856 7.131956693843613e-8 2.0676638992841077e-6 1.5313497274552365e-6 3.806689751619456e-7 9.186649148624675e-6 6.802887033626672e-6 5.515737716801722e-8 2.4879428957223287e-6 3.219588539091254e-6 3.7363629125299153e-7 1.4549828576567625e-5 1.0805724875413973e-5 -6.889349926307577e-9 9507.350780127952 7.38778084912419e8
3100 112720.3069191171 36.3941599804351 7.088402540700028e-8 2.0828990435497375e-6 1.5214291141469574e-6 3.9048309737019956e-7 7.819571292609954e-6 5.6331894054784585e-6 5.4820536526919817e-8 2.5230627899249867e-6 3.123819318419473e-6 3.83255490291834e-7 1.4176028659393007e-5 1.082102283741812e-5 -6.878879778323483e-9 9507.350780127972 7.387780849124053e8
3150 114540.99933534632 36.437733103190865 7.051275847225901e-8 2.1030642240259866e-6 1.5032855179821988e-6 3.87158468593582e-7 7.930110140142654e-6 5.3435824086175214e-6 5.453340480070692e-8 2.576517617780544e-6 2.998575925019771e-6 3.800284456712967e-7 1.3859152292352464e-5 1.0837566687147514e-5 -6.85265718165036e-9 9507.35078012796 7.387780849123956e8
3200 116364.64367342656 36.5115721396238 7.041438586523111e-8 2.128178707126756e-6 1.479868867377507e-6 3.779235569500135e-7 8.010913907320879e-6 5.16494046613525e-6 5.4457325048301826e-8 2.6500236260539848e-6 2.861533214289826e-6 3.7094483118386434e-7 1.3497397845807154e-5 1.0641289020088227e-5 -6.822802457623155e-9 9507.350780127987 7.387780849123837e8
3250 118192.74087561086 36.615129392795374 7.06410315103394e-8 2.1570812793690082e-6 1.4543024662526617e-6 3.630539655096758e-7 8.084805758193395e-6 5.149923788031826e-6 5.463260905416446e-8 2.740896715309854e-6 2.7286705315402746e-6 3.5636315084895395e-7 1.2904429318764655e-5 9.953144616019922e-6 -6.79966586237065e-9 9507.350780127996 7.387780849123712e8
3300 120022.4676878645 36.54456124845631 7.101276551770512e-8 2.187896282306545e-6 1.4302415294577642e-6 3.49629993716254e-7 8.152624673147501e-6 4.6783508429793346e-6 5.492010200704822e-8 2.844450503292076e-6 2.610766289747851e-6 3.43159054421761e-7 1.154650721481055e-5 1.084479294277234e-5 -6.78641044595769e-9 9507.350780127996 7.38778084912359e8
3350 121835.46603053942 36.4606662818046 7.139986427021329e-8 2.218532134451788e-6 1.4100418043268834e-6 3.399623160506175e-7 8.126167952485334e-6 4.184594474575587e-6 5.5219477800131273e-8 2.9554506130109845e-6 2.511584259965944e-6 3.337000843856885e-7 1.1026871261042119e-5 1.1583016649022729e-5 -6.788422791920993e-9 9507.350780127952 7.387780849123453e8
3400 123656.98506422885 36.4062377140002 7.169407460517094e-8 2.247043677043442e-6 1.3943538551432017e-6 3.3855827641998194e-7 8.126571109005061e-6 3.920458549208471e-6 5.544701522292955e-8 3.0655994134518974e-6 2.4313511521507456e-6 3.32295809030189e-7 1.1746754166664723e-5 1.2111785599760942e-5 -6.812458072048456e-9 9507.350780127974 7.38778084912331e8
3450 125476.5579081659 36.382230859672326 7.186132216337029e-8 2.2704070518852152e-6 1.384936491199561e-6 3.3723505085072e-7 8.695260050781235e-6 4.1190479077285586e-6 5.5576361726768265e-8 3.157843136491052e-6 2.3742786657995473e-6 3.3099314930879445e-7 1.1827597615480679e-5 1.2509365919319119e-5 -6.844472579898562e-9 9507.350780127952 7.387780849123172e8
3500 127295.70586969196 36.38859941621193 7.190273118735831e-8 2.286558097356697e-6 1.383028952248984e-6 3.466932993704609e-7 9.051628047143528e-6 4.712956874911622e-6 5.560838678249891e-8 3.2183674370669803e-6 2.342098096596029e-6 3.402943394321036e-7 1.118185619367959e-5 1.293909075644572e-5 -6.875310249792107e-9 9507.35078012794 7.387780849123064e8
3550 129115.9395415108 36.42497097463339 7.177668599012266e-8 2.294927464473187e-6 1.3872042165944696e-6 3.5648299851165697e-7 1.0349845303576595e-5 5.421777258346913e-6 5.5510905504915347e-8 3.2410373121547023e-6 2.3331687367739108e-6 3.4989333843537785e-7 1.1675382779818944e-5 1.343867572725088e-5 -6.895691429417661e-9 9507.350780127932 7.387780849122939e8
3600 130910.5996189763 36.393473855212555 7.15051980864322e-8 2.29611006936519e-6 1.3957578649998335e-6 3.651209337731228e-7 1.0452750784138214e-5 5.378961812183495e-6 5.530094123788737e-8 3.2257925340418395e-6 2.3452507999464168e-6 3.5837527224684564e-7 1.1887613130706879e-5 1.3291819612210263e-5 -6.902253293861431e-9 9507.350780127937 7.38778084912282e8
3650 132729.83172077127 36.38108392778022 7.112037520342463e-8 2.2917834799774503e-6 1.4085132648296353e-6 3.69805979880293e-7 9.55754264625648e-6 5.181666611512865e-6 5.500332556365514e-8 3.1765472065686563e-6 2.378811045597337e-6 3.629672763219841e-7 1.1112501124772736e-5 1.3008902796534265e-5 -6.898830732233924e-9 9507.35078012792 7.38778084912272e8
3700 134549.2165156996 36.39902103481943 7.07956551996211e-8 2.283970497164649e-6 1.4237339728169989e-6 3.7053339808156177e-7 8.296714702856e-6 5.1592110814605195e-6 5.475219246678773e-8 3.1018043523539003e-6 2.434796404321994e-6 3.636784458116792e-7 9.55719095703957e-6 1.2655917338574328e-5 -6.8820575252940906e-9 9507.350780127952 7.387780849122608e8
3750 136370.2745791487 36.44739651088905 7.067357333577663e-8 2.274742135681051e-6 1.440799193169244e-6 3.7056187815376505e-7 8.345272165891158e-6 5.2607825808946e-6 5.4657776364809964e-8 3.013147573032698e-6 2.5150935786852883e-6 3.6373979605176076e-7 1.0115358640545784e-5 1.24437267239528e-5 -6.850854617746954e-9 9507.350780127976 7.387780849122446e8
3800 138194.52336602335 36.52597675667294 7.076844835987437e-8 2.2658533775200977e-6 1.4601585371883321e-6 3.635810947767042e-7 8.331737260742201e-6 5.521249746542732e-6 5.473115114418364e-8 2.9223642158012212e-6 2.621048345012089e-6 3.5685703282288924e-7 1.1358262677213187e-5 1.2853707646307756e-5 -6.8181231870107884e-9 9507.350780127923 7.387780849122335e8
3850 139995.7993792085 36.632303682277524 7.098771827959296e-8 2.2589161102455297e-6 1.4803963639266162e-6 3.492178555569569e-7 8.3592726579868e-6 5.659735938666468e-6 5.4900730887389875e-8 2.840291734192905e-6 2.7482876391965398e-6 3.42785957687218e-7 1.2334992177235484e-5 1.2853307495039396e-5 -6.797214651837409e-9 9507.350780127927 7.387780849122194e8
3900 141824.8953658251 36.53068419028471 7.127749624075183e-8 2.2544164342445673e-6 1.5004494092450257e-6 3.418161255657271e-7 8.367880126869977e-6 5.410324478060416e-6 5.51248403831868e-8 2.769676221071541e-6 2.8944309774328705e-6 3.354941515798655e-7 1.2376627024606692e-5 1.2851760482153819e-5 -6.793110261183377e-9 9507.350780127937 7.387780849122086e8
3950 143649.2628280067 36.450604765294365 7.157743177481266e-8 2.252113454656898e-6 1.5204301983952353e-6 3.3561148936299536e-7 8.396468563713534e-6 5.4307350673777206e-6 5.535680557935132e-8 2.713314545968927e-6 3.0487659196864555e-6 3.294331223554036e-7 1.2096556232621544e-5 1.3544881347234663e-5 -6.800712191148335e-9 9507.350780127954 7.387780849121987e8
4000 145470.3942748752 36.40071188254907 7.184451224056758e-8 2.2511101813137447e-6 1.5411668890424997e-6 3.252779189100874e-7 9.008773287713906e-6 5.448843549903926e-6 5.556336120912919e-8 2.670572724099912e-6 3.19768699201927e-6 3.1926014550711885e-7 1.179408825715209e-5 1.4252251865039086e-5 -6.822398607343251e-9 9507.350780127954 7.387780849121836e8
4050 147280.20124556954 36.38127846269631 7.203030835318247e-8 2.2507768889339077e-6 1.560498172092118e-6 3.389792353067682e-7 9.6005543507485e-6 5.447575053127157e-6 5.570705285822731e-8 2.640380844214176e-6 3.3206105961019306e-6 3.3270978908212206e-7 1.2276385555494595e-5 1.4097267892220147e-5 -6.858974438198282e-9 9507.350780127977 7.387780849121685e8
4100 149099.41290433437 36.392003076014525 7.2110085587214e-8 2.2508788122049863e-6 1.5745013778151599e-6 3.5550712777304535e-7 9.871407482490962e-6 6.89440083206081e-6 5.5768751256412243e-8 2.6220581402673592e-6 3.398141955545497e-6 3.489393908799809e-7 1.2728406787127931e-5 1.3254073882655912e-5 -6.89354219423728e-9 9507.350780127961 7.387780849121531e8
4150 150919.91603043466 36.427094363374515 7.1928697460752e-8 2.2521555557916624e-6 1.5823781933963768e-6 3.7944999112956893e-7 1.057990332483156e-5 8.32832220738383e-6 5.5628468670896645e-8 2.61675899010617e-6 3.4162453891548666e-6 3.724357694500327e-7 1.3118111259709205e-5 1.1873065728173802e-5 -6.917416098321504e-9 9507.350780127948 7.387780849121469e8
4200 152740.18854017675 36.389504420002766 7.151413116440432e-8 2.2556902695985275e-6 1.5835791297299893e-6 3.911756858586875e-7 1.0585695807410563e-5 7.943038128158813e-6 5.5307849931571676e-8 2.6248535891619067e-6 3.374435182833868e-6 3.839556486439841e-7 1.2828036794639413e-5 1.1281751275762657e-5 -6.922507671528971e-9 9507.350780127956 7.387780849121318e8
4250 154559.3438551303 36.38189707132974 7.120828104803833e-8 2.2625876004994492e-6 1.5759174895637883e-6 3.988632188973264e-7 9.66292081939099e-6 7.043849385384686e-6 5.5071310493775676e-8 2.6469143542531745e-6 3.2828432920371645e-6 3.914806595842096e-7 1.2475720986533005e-5 1.0391880305411243e-5 -6.912926892805457e-9 9507.350780127941 7.387780849121193e8
4300 156357.12943360087 36.40420436455745 7.099272296815245e-8 2.274172796754846e-6 1.5609347504101368e-6 4.038029239305871e-7 8.298115318647778e-6 5.834963254600252e-6 5.4904601430288736e-8 2.685664583774712e-6 3.158148071842398e-6 3.9633332337715104e-7 1.3880408580419797e-5 1.04541402145439e-5 -6.891381489561919e-9 9507.350780127974 7.38778084912106e8
4350 158178.5602000427 36.45702614711308 7.09291623817505e-8 2.2911217121121988e-6 1.5395295538800922e-6 4.0249958530719994e-7 8.237604202428128e-6 5.624337048014603e-6 5.4855444719276126e-8 2.745406093411011e-6 3.01282922389899e-6 3.9508662989548966e-7 1.508041234462183e-5 1.1200331719796217e-5 -6.863832055532947e-9 9507.35078012796 7.387780849120979e8
4400 160003.40258458606 36.539987915800786 7.102866028670329e-8 2.3127822579568135e-6 1.5143106404084589e-6 3.881119657909686e-7 8.153682794285502e-6 5.521264335988628e-6 5.493239475928913e-8 2.826088571799059e-6 2.8652190457704007e-6 3.809289324718967e-7 1.5433216497720873e-5 1.2172224124284684e-5 -6.837577833512648e-9 9507.350780127941 7.387780849120815e8
4450 161833.02925414717 36.620645419370604 7.122263932625933e-8 2.3381370830483135e-6 1.4890475788875938e-6 3.5928330941136114e-7 8.170139804024168e-6 5.575012863929931e-6 5.508241494959743e-8 2.924419415708876e-6 2.7311793049950944e-6 3.5266207328971294e-7 1.4684072907399626e-5 1.2055268428164469e-5 -6.818992243792889e-9 9507.350780127948 7.387780849120692e8
4500 163661.26405107393 36.51572296439289 7.153888022037629e-8 2.3655295115880916e-6 1.4657294149763215e-6 3.23357350918578e-7 8.187389541226947e-6 5.337586114765244e-6 5.532699044290862e-8 3.034372125826347e-6 2.6184772967869773e-6 3.173857871951415e-7 1.2401223255780655e-5 1.1388362155741348e-5 -6.815879304087536e-9 9507.350780127972 7.387780849120582e8
4550 165472.72299884845 36.44089455709512 7.197308572766452e-8 2.3922458525777443e-6 1.4460802513027036e-6 3.155730601109185e-7 8.68784844576378e-6 5.193898031369209e-6 5.566279782436063e-8 3.1470653948426906e-6 2.527176198208676e-6 3.097613753064363e-7 1.221179742706164e-5 1.125537707951307e-5 -6.829454374162541e-9 9507.35078012795 7.387780849120498e8
4600 167293.48876454908 36.3957063946031 7.233687812331367e-8 2.41586750032515e-6 1.4323441349397007e-6 3.4626500297780665e-7 9.293019636538883e-6 5.197297636849777e-6 5.594414886413643e-8 3.253202115625459e-6 2.454942482209895e-6 3.3985593588066873e-7 1.2287843921266761e-5 1.1865524797992783e-5 -6.8580007219155336e-9 9507.35078012797 7.387780849120364e8
4650 169112.77135705712 36.38096187728623 7.249370504975767e-8 2.4337006574655977e-6 1.4258224531123983e-6 3.6464858830718305e-7 9.84035564137355e-6 5.179978154796997e-6 5.6065436222343984e-8 3.3380038447907625e-6 2.4049725909016405e-6 3.5791194062517596e-7 1.1731433578370759e-5 1.2282947378349567e-5 -6.889344315042382e-9 9507.350780127947 7.387780849120222e8
4700 170932.09056688668 36.39651332255588 7.249111418763083e-8 2.443851412879411e-6 1.4258226362665595e-6 3.6397900272875394e-7 1.0052278869449285e-5 5.894782892003415e-6 5.606343249270834e-8 3.387959873227712e-6 2.379969356587232e-6 3.5725322397920994e-7 1.1227921875139603e-5 1.264446613093703e-5 -6.9226905746522115e-9 9507.350780127934 7.387780849120053e8
4750 172752.81818062498 36.419083532511756 7.228762330393341e-8 2.4459158722345215e-6 1.431629696554131e-6 3.8582413480408627e-7 1.1327242380421515e-5 6.5888848863625235e-6 5.590605599827631e-8 3.3960236050289958e-6 2.3802734603329794e-6 3.7869197365170283e-7 1.2788345804929927e-5 1.287756468067488e-5 -6.947108537896962e-9 9507.350780127954 7.387780849119979e8
4800 174547.1793333336 36.38650959223847 7.192296061778295e-8 2.441025992999211e-6 1.4415941597752052e-6 4.0100314559020375e-7 1.1362783154534659e-5 6.35246261651401e-6 5.562403189141945e-8 3.3646082648372746e-6 2.403296932130135e-6 3.935942662203692e-7 1.2939805138217045e-5 1.2617954499323972e-5 -6.952775077213202e-9 9507.350780127934 7.387780849119811e8
4850 176366.29732525177 36.38331947684708 7.155081667151664e-8 2.431087640811397e-6 1.4546828177829304e-6 4.006083337782045e-7 1.0381607180250305e-5 5.948869811669677e-6 5.5336221899076016e-8 3.3010489821218756e-6 2.44752051220425e-6 3.931923271568219e-7 1.2174949367753938e-5 1.2402943559226778e-5 -6.940210832243502e-9 9507.350780127957 7.387780849119699e8
4900 178186.03017443794 36.41052549314365 7.134390476560086e-8 2.41818409430747e-6 1.470592481479164e-6 3.935564175815319e-7 8.68997946894911e-6 5.336451667390685e-6 5.5176199640851533e-8 3.2159432651491423e-6 2.5146737697538994e-6 3.862818294482934e-7 1.059132256468818e-5 1.3802694408517427e-5 -6.911907472758121e-9 9507.35078012797 7.387780849119582e8
4950 180007.89933464947 36.46813677088669 7.135730936180498e-8 2.4042867544084224e-6 1.4897171038689556e-6 3.889079885209807e-7 7.93887389532276e-6 5.1934472911169564e-6 5.51865665339505e-8 3.120798237471313e-6 2.6098317898921713e-6 3.8173384728126904e-7 8.84372245513203e-6 1.4886759914852706e-5 -6.877525686797958e-9 9507.350780127968 7.387780849119468e8
5000 181805.4522800169 36.55424422543739 7.153687929946655e-8 2.3913352804055818e-6 1.5108618750225754e-6 3.840582468422111e-7 7.837483817085544e-6 5.274935274518919e-6 5.5325442963985125e-8 3.0284418251972343e-6 2.7313004620783618e-6 3.7694926517857655e-7 9.249750391099273e-6 1.5395804599565438e-5 -6.851438541586825e-9 9507.350780128 7.387780849119325e8
5050 183635.52812941812 36.603893382323086 7.18041567768433e-8 2.380299515384991e-6 1.5334037150915628e-6 3.686615422333162e-7 7.863137537219233e-6 5.351484640239878e-6 5.553215095761545e-8 2.944372362977031e-6 2.8774840154196253e-6 3.6185821336934016e-7 1.005104086658221e-5 1.5073110070438249e-5 -6.834854157262551e-9 9507.350780127903 7.387780849119236e8
5100 185463.03151074873 36.50315695779012 7.208229699428937e-8 2.372028485188188e-6 1.555885483263866e-6 3.4096526494444273e-7 8.317596160066136e-6 5.32627943255951e-6 5.5747260016718875e-8 2.874714789011839e-6 3.039643020953484e-6 3.3467147683486196e-7 9.959077198572617e-6 1.381619657258093e-5 -6.83048433519458e-9 9507.350780127947 7.387780849119037e8
5150 187286.25484528017 36.43221278832032 7.233870328810793e-8 2.366180038035492e-6 1.5776709937661066e-6 3.176258226733891e-7 9.087949838681232e-6 5.303391118172997e-6 5.594556041567215e-8 2.82022369073092e-6 3.207036283525343e-6 3.1176817461307947e-7 1.0043408654434194e-5 1.131733419987521e-5 -6.846376713253919e-9 9507.350780127974 7.387780849118903e8
5200 189106.70231628243 36.39156958743887 7.25371085373854e-8 2.3618090501795257e-6 1.598067959737322e-6 3.2967123688530295e-7 9.718708236643447e-6 5.28790409386093e-6 5.609900376529682e-8 2.778995940473296e-6 3.3613793314696817e-6 3.2356989460795654e-7 1.0573834816500222e-5 1.1410245597659108e-5 -6.877817223709066e-9 9507.350780127956 7.387780849118809e8
5250 190916.7694868708 36.38134446130541 7.272778104556373e-8 2.3582094971201522e-6 1.6153999642099931e-6 3.521814571160539e-7 1.026724926263697e-5 5.625600127823507e-6 5.624646673942141e-8 2.7495575104399478e-6 3.4812469279542435e-6 3.456691782482217e-7 1.0950917601547326e-5 1.0866204519269147e-5 -6.909260781975264e-9 9507.350780127948 7.387780849118696e8
5300 192736.21887421398 36.40123912515994 7.29273856969038e-8 2.3554659185183867e-6 1.628174317003608e-6 3.7799805140124014e-7 1.0403343847248167e-5 7.639996721527239e-6 5.6400837684838355e-8 2.7325611359045978e-6 3.5519760123127206e-6 3.7101550520649673e-7 1.1236218018269942e-5 1.0954720702195045e-5 -6.931661304894143e-9 9507.35078012793 7.387780849118596e8
5350 194557.06313108822 36.412508051751274 7.294215138627565e-8 2.3543208382795413e-6 1.63475456633392e-6 3.9431452302664865e-7 1.1112117932044504e-5 8.70379558405784e-6 5.641225722643439e-8 2.7302948553834306e-6 3.5648962555292567e-6 3.870270108966508e-7 1.2560115849637819e-5 1.2001756546516348e-5 -6.954232229550482e-9 9507.350780127937 7.387780849118469e8
5400 196376.83675790436 36.38398692427285 7.248789138819902e-8 2.356136333273787e-6 1.6337009773041051e-6 4.0051498007250077e-7 1.0999633457234684e-5 8.240857300335852e-6 5.606094003324411e-8 2.743504601120131e-6 3.520239052304184e-6 3.9310847111898633e-7 1.2550629360418901e-5 1.1837255688377159e-5 -6.964713659413047e-9 9507.35078012797 7.387780849118328e8
5450 198195.95085900926 36.385598762516096 7.18186470844218e-8 2.3620812166159546e-6 1.6239752075301886e-6 3.992629566655399e-7 9.835073104079281e-6 7.244551202380669e-6 5.554335752243456e-8 2.7716959821014586e-6 3.4233190578465267e-6 3.918756038070114e-7 1.2452657290090166e-5 1.129944588207831e-5 -6.953911906906356e-9 9507.350780127957 7.387780849118187e8
5500 199994.122640026 36.417067153812525 7.13597811372988e-8 2.3726461778078247e-6 1.6066835106109997e-6 4.0369314582486033e-7 8.414455943043562e-6 5.902466992602861e-6 5.518847816498333e-8 2.815959466779853e-6 3.2901501962886837e-6 3.962334759057508e-7 1.4099667376869073e-5 1.1229065785495965e-5 -6.9193897799682324e-9 9507.350780127956 7.38778084911814e8
5550 201816.4321690215 36.47911222300368 7.132881588285362e-8 2.3884474434347398e-6 1.5836871335040085e-6 4.0287153827345477e-7 8.081740272873907e-6 5.277122820661716e-6 5.516453014792981e-8 2.8799030965377032e-6 3.138061082593987e-6 3.954338517147607e-7 1.5302276700626398e-5 1.098550769079589e-5 -6.880756661338072e-9 9507.35078012796 7.387780849117993e8
5600 203642.61086453052 36.57113632895084 7.177733495949898e-8 2.4088905889178636e-6 1.5578001257313446e-6 3.882238841192147e-7 7.385982686106136e-6 5.6875009744278335e-6 5.5511407406511156e-8 2.9627720343608443e-6 2.9857963870633144e-6 3.8104173926490525e-7 1.567075041331114e-5 1.00189601585392e-5 -6.8505554639405925e-9 9507.35078012794 7.387780849117808e8
5650 205472.92844782377 36.58560588390517 7.240568672437309e-8 2.432535890474943e-6 1.5324690120580366e-6 3.6384750600226706e-7 8.132629524413602e-6 5.877842262671995e-6 5.599736430153175e-8 3.062359082246379e-6 2.84873656912306e-6 3.571210795430081e-7 1.4695377665374614e-5 1.02448789350586e-5 -6.836539141133717e-9 9507.35078012796 7.387780849117697e8
5700 207299.63849886545 36.48963940792074 7.275719509175345e-8 2.457353717880259e-6 1.5108139849836745e-6 3.3864506389106973e-7 8.81275993781798e-6 5.848870823635897e-6 5.6269215078477415e-8 3.173832146119608e-6 2.738587025964884e-6 3.3239205908634657e-7 1.2512012311834703e-5 1.0188348672950704e-5 -6.839912319415706e-9 9507.350780128014 7.387780849117572e8
5750 209109.71876044938 36.42392675892059 7.281568588671498e-8 2.4805823735037634e-6 1.4941710179497855e-6 3.3088865649807974e-7 9.40841246050094e-6 5.681967180063615e-6 5.6314450894071395e-8 3.2861143748376487e-6 2.6557209979079516e-6 3.2477786109655487e-7 1.2578387687532856e-5 1.086646607548543e-5 -6.859384232858409e-9 9507.35078012791 7.387780849117475e8
5800 210929.87209313273 36.38799866129612 7.279384083084939e-8 2.499928473568853e-6 1.4825167809810116e-6 3.4071426767363424e-7 9.941461470896848e-6 5.5106968755244915e-6 5.629755628750085e-8 3.3876356776813534e-6 2.5929730598288812e-6 3.3441342499636154e-7 1.2193088149591145e-5 1.138062535569882e-5 -6.888845471460628e-9 9507.350780127952 7.387780849117336e8
5850 212749.00543074816 36.38250428020273 7.282356196575556e-8 2.5130174638909053e-6 1.4763311883138566e-6 3.567934839348259e-7 1.0276243703536404e-5 5.509126484185271e-6 5.6320542124765986e-8 3.464071764289146e-6 2.547775436183769e-6 3.5019432558604394e-7 1.1056129897096642e-5 1.1838167812634088e-5 -6.923258610436861e-9 9507.350780127916 7.387780849117231e8
5900 214568.6355042474 36.40719643334742 7.289737342194619e-8 2.5182278383087383e-6 1.4759543602607764e-6 3.700575644448434e-7 1.0714327782042146e-5 6.072328794868335e-6 5.637762668551502e-8 3.502076270169202e-6 2.5219206148724176e-6 3.6322130625901703e-7 1.2002784536552744e-5 1.2265508153128544e-5 -6.954191455505403e-9 9507.350780127977 7.38778084911707e8
5950 216364.10176157017 36.406488997048726 7.28522475078495e-8 2.5151895975452435e-6 1.4815344560738814e-6 3.79949594757005e-7 1.1591860222480915e-5 6.375977235258312e-6 5.6342727049480395e-8 3.494392948537248e-6 2.520688028095142e-6 3.729334038446963e-7 1.3110111778114027e-5 1.2289074812388188e-5 -6.9707269446699755e-9 9507.350780127994 7.387780849116931e8
6000 218183.68543990434 36.38233476400869 7.258148495330913e-8 2.5051199362947076e-6 1.492641568780199e-6 3.9183373930843555e-7 1.1285249990611473e-5 6.045313339792006e-6 5.6133323753585206e-8 3.44447112358197e-6 2.5482208695151835e-6 3.845865035866497e-7 1.290372683599907e-5 1.1935825047248489e-5 -6.965461893197185e-9 9507.350780127981 7.387780849116844e8
6050 220002.82969972628 36.388375127084416 7.22192584908091e-8 2.4904956918260035e-6 1.507426288718757e-6 4.0644560221540786e-7 9.91275104670728e-6 5.521880955228628e-6 5.585318378005809e-8 3.3646897222495583e-6 2.6031176406369986e-6 3.9892646671933366e-7 1.1766990923701222e-5 1.2893121512082641e-5 -6.948510151918543e-9 9507.35078012795 7.38778084911671e8
6100 221823.05174153016 36.424850138330946 7.192897038602503e-8 2.4737591771919203e-6 1.524452282863707e-6 4.148410316749457e-7 8.804104446419989e-6 5.38019925346824e-6 5.5628679745959737e-8 3.2699556086740662e-6 2.6810687851397933e-6 4.0718325023136584e-7 9.877837385672971e-6 1.4478010984349195e-5 -6.920933293333474e-9 9507.350780127948 7.387780849116576e8
6150 223645.87231763138 36.49166458434213 7.184633487073237e-8 2.456866523797544e-6 1.543254565162437e-6 4.1062488199123425e-7 8.436809692748315e-6 5.4351585424826265e-6 5.5564770800489255e-8 3.17200227773213e-6 2.7813252145236478e-6 4.0304306467572957e-7 9.282317220458254e-6 1.5682545198294974e-5 -6.891250573441876e-9 9507.35078012794 7.387780849116436e8
6200 225444.41279156748 36.586635654593344 7.204882443381587e-8 2.4412578236788747e-6 1.5630921304531573e-6 3.94314106234173e-7 7.521636025934959e-6 5.578465682863501e-6 5.572137289085205e-8 3.0790827106893684e-6 2.904251143341199e-6 3.8702782414661694e-7 9.133817614908163e-6 1.6185518867478485e-5 -6.8669336167995484e-9 9507.350780127956 7.3877808491163e8
6250 227274.70773111683 36.57014094484604 7.238444629966079e-8 2.4273029248877478e-6 1.5842598033680921e-6 3.673933953781386e-7 8.130764283585643e-6 5.68068527957656e-6 5.598093730802225e-8 2.9935886332498957e-6 3.052687568603275e-6 3.605946871151687e-7 9.940954831362461e-6 1.5762683765927e-5 -6.857273729000499e-9 9507.350780127965 7.387780849116167e8
6300 229100.7515573358 36.47839028167719 7.271056482966345e-8 2.4159557174953974e-6 1.6057006019385499e-6 3.339749472555079e-7 8.73332276157871e-6 5.7062254898921325e-6 5.623315200166366e-8 2.9215374875303075e-6 3.2143706399728135e-6 3.278104725542656e-7 1.0012600241223762e-5 1.4103650514157534e-5 -6.86305278078877e-9 9507.350780127934 7.387780849116085e8
6350 230922.9701205015 36.41662767436454 7.301421466741323e-8 2.4072502172246217e-6 1.6258881184172091e-6 3.2895983833312704e-7 9.270270295962781e-6 5.714888322370597e-6 5.646798977993706e-8 2.865522726075249e-6 3.3736794611961e-6 3.2287998454861475e-7 1.0703316350441662e-5 1.4597489167010686e-5 -6.881882214896118e-9 9507.35078012797 7.387780849115939e8
6400 232742.87441099584 36.385246597939954 7.328545946998212e-8 2.400547827912181e-6 1.6431371762422133e-6 3.440036002291812e-7 9.75218271483185e-6 5.693793123565885e-6 5.667776603785434e-8 2.8256090489861305e-6 3.5130009898352212e-6 3.3763683273507975e-7 1.1451689504386144e-5 1.4305392293276327e-5 -6.911756728636159e-9 9507.350780127977 7.387780849115791e8
6450 234553.36332079247 36.384216226881456 7.338231443799178e-8 2.395216374613942e-6 1.6570987289053343e-6 3.559440744272092e-7 1.0010576357874362e-5 6.728217994320145e-6 5.6752672072570196e-8 2.8001130059059815e-6 3.6130021273833177e-6 3.493632569529414e-7 1.206849067208172e-5 1.3160579012152024e-5 -6.950203693399884e-9 9507.35078012796 7.38778084911571e8
6500 236373.18963059675 36.41323333464804 7.317352965642633e-8 2.391118702165215e-6 1.6666078290770791e-6 3.656310962313803e-7 1.0776659028563089e-5 8.507292099682307e-6 5.6591201365156745e-8 2.7878979533703043e-6 3.6578810581074638e-6 3.5887257526370307e-7 1.25808489978192e-5 1.16380466745915e-5 -6.97867208649321e-9 9507.35078012797 7.387780849115564e8
6550 238194.01226704495 36.40066476704816 7.287897669809444e-8 2.3888477164455654e-6 1.6685648624633779e-6 3.728090250777374e-7 1.1236845725343297e-5 8.774039982711626e-6 5.63633989648316e-8 2.7891171198217258e-6 3.6379108749743185e-6 3.6592093775227044e-7 1.27430039814601e-5 1.2254212261422523e-5 -6.9909653864209395e-9 9507.350780127976 7.387780849115433e8
6600 240013.42568638123 36.38126757116404 7.261299179361868e-8 2.3897156236012314e-6 1.6621984459611693e-6 3.886401471547476e-7 1.0556231428973497e-5 7.93723327303789e-6 5.615769062492764e-8 2.8048739811210944e-6 3.558246532227365e-6 3.8145580591224755e-7 1.221951342525294e-5 1.153626536359086e-5 -6.985611504274297e-9 9507.350780127977 7.38778084911531e8
6650 241832.6392683945 36.392124613019554 7.233183414365134e-8 2.39490712737877e-6 1.6491712865839134e-6 3.835996120924331e-7 9.046478538003851e-6 6.628953550733217e-6 5.5940247934048066e-8 2.836422936588321e-6 3.435627375660852e-6 3.764994152254099e-7 1.2581490827905169e-5 1.060016659334897e-5 -6.9648861268465644e-9 9507.350780127968 7.387780849115176e8
6700 243631.3291797359 36.432749095955906 7.215234705225325e-8 2.4050453437874993e-6 1.6304747935255277e-6 3.934816610569852e-7 9.508619892827852e-6 5.043739304791813e-6 5.580143557463506e-8 2.885322479178658e-6 3.2903408502512976e-6 3.8622964014892475e-7 1.4198048095245145e-5 9.875275175894655e-6 -6.934748986367955e-9 9507.350780127937 7.387780849115103e8
6750 245454.65761747668 36.50398002524603 7.215378341635397e-8 2.4206352988230705e-6 1.6066983278025446e-6 3.9404492984186656e-7 9.084409433294866e-6 5.462246522048628e-6 5.5802546437517314e-8 2.9556585871140154e-6 3.1355427216311934e-6 3.86773306566993e-7 1.5341175783676865e-5 9.79740474485735e-6 -6.902775532551851e-9 9507.350780127988 7.387780849114954e8
6800 247282.30999367704 36.604992945689276 7.232446692386137e-8 2.4408013383703694e-6 1.580615018447068e-6 3.796174935598608e-7 7.925013222763131e-6 5.9911685991343585e-6 5.593455024699977e-8 3.0469124035634685e-6 2.9869858648987925e-6 3.726169053496536e-7 1.57143880071433e-5 9.320452713051238e-6 -6.879895977899931e-9 9507.350780127947 7.38778084911484e8
6850 249112.3110142993 36.55326262422238 7.264201932414032e-8 2.463436696738889e-6 1.5556675028514583e-6 3.5374176957383946e-7 8.314470574795666e-6 6.233989771926527e-6 5.6180140037175154e-8 3.154079069439965e-6 2.855191507561824e-6 3.4719387243931093e-7 1.4568068932186268e-5 1.0269530618351827e-5 -6.872325365413988e-9 9507.350780127936 7.387780849114693e8
6900 250924.73508078873 36.46683914775905 7.301744193340088e-8 2.485829040750314e-6 1.5348275219356892e-6 3.242151897086665e-7 8.878987071650057e-6 6.255621369635741e-6 5.6470485694749454e-8 3.267289200738212e-6 2.747219783284177e-6 3.1823727328278246e-7 1.2502216356004216e-5 1.0764105198501654e-5 -6.881322700347014e-9 9507.350780127968 7.387780849114555e8
6950 252746.49550768745 36.40976885185811 7.335156608453511e-8 2.5059684575221662e-6 1.519286587841978e-6 3.393927735115967e-7 9.399267221476701e-6 6.130553124030464e-6 5.672889180403909e-8 3.3769563562662327e-6 2.6632655819571324e-6 3.3311735628252106e-7 1.2377249680380595e-5 1.1801970233854995e-5 -6.9058907309541745e-9 9507.35078012797 7.387780849114416e8
7000 254566.17722697466 36.383108336408036 7.354421713243071e-8 2.521540129079342e-6 1.5095057942736763e-6 3.649079169927233e-7 9.869097168428809e-6 5.986755426462189e-6 5.687788494678525e-8 3.4691128666747264e-6 2.603385543195001e-6 3.5815277624237734e-7 1.1881909211937003e-5 1.290239573831352e-5 -6.938684460900969e-9 9507.35078012796 7.387780849114288e8
7050 256385.30170835624 36.38684071402129 7.35716326074775e-8 2.5306907212913254e-6 1.5052575853171327e-6 3.8350104761863496e-7 1.0150022598184038e-5 6.029851645751398e-6 5.689908762413526e-8 3.5306528588998054e-6 2.5664916293706044e-6 3.7641932427072466e-7 1.077042198889137e-5 1.3787201079264403e-5 -6.9731178643746745e-9 9507.35078012797 7.387780849114188e8
7100 258205.38112805106 36.42062114132076 7.345160168512735e-8 2.5323425690581806e-6 1.5063835337821244e-6 3.959155157540712e-7 1.0110093523084669e-5 6.071913182513433e-6 5.680625768760007e-8 3.5519305061035427e-6 2.5528043937185072e-6 3.8859745760436003e-7 1.0811013599463126e-5 1.4497705955597359e-5 -6.998428170027345e-9 9507.350780127937 7.387780849114059e8
7150 260000.86970892388 36.39596516244706 7.32142896456317e-8 2.526671918205685e-6 1.5125912780150787e-6 4.0275582489290336e-7 1.0228190899000318e-5 6.060258680165051e-6 5.662272446865666e-8 3.530533624595623e-6 2.563345552593002e-6 3.9531361893320543e-7 1.162567028992142e-5 1.4484244995344374e-5 -7.010359580681839e-9 9507.350780127974 7.387780849113941e8
7200 261820.1597802903 36.38095730060096 7.292882866770623e-8 2.5148798559509424e-6 1.5236559215023238e-6 4.02486937944004e-7 9.869320966588341e-6 5.760995880299132e-6 5.640195365555947e-8 3.470933049286482e-6 2.5994355355430327e-6 3.95050220631383e-7 1.1425355269107513e-5 1.4291312130531847e-5 -6.999508676478586e-9 9507.350780127992 7.387780849113781e8
7250 263639.4708963474 36.39625157336616 7.267822217272762e-8 2.4991166615137917e-6 1.5389584730161491e-6 3.9431502513773683e-7 9.892157488985258e-6 5.628645526143636e-6 5.62081387243316e-8 3.3843412841054448e-6 2.661137011245338e-6 3.8701740019551985e-7 1.0396245614353375e-5 1.4067905945212255e-5 -6.974874881498736e-9 9507.350780127954 7.387780849113667e8
7300 265460.32312086946 36.44198842788484 7.251960001859462e-8 2.4817650004594957e-6 1.5569758654274637e-6 3.8973067597769535e-7 1.027048784371885e-5 5.684868713385461e-6 5.608546296567149e-8 3.2846195686577627e-6 2.7479554543843698e-6 3.8255363860757526e-7 8.720045225816394e-6 1.4906381363887758e-5 -6.941884616557728e-9 9507.350780127948 7.38778084911354e8
7350 267284.2349067768 36.5179654817484 7.248341438317594e-8 2.4650121270577996e-6 1.5760141021810367e-6 3.8706925070060394e-7 9.682023954728947e-6 5.819372131504495e-6 5.605747759048565e-8 3.1841611442040206e-6 2.859076626774127e-6 3.799160656467053e-7 8.972779926864745e-6 1.601366395262453e-5 -6.912781846099128e-9 9507.350780127936 7.387780849113418e8
7400 269083.86754001846 36.62171845151924 7.263079093332737e-8 2.4503784502364427e-6 1.5947612778718807e-6 3.6809671281113326e-7 8.463260145012896e-6 6.029772358936546e-6 5.6171456185945246e-8 3.0925484893046037e-6 2.9911684492564545e-6 3.6131397139417303e-7 1.0391581048155307e-5 1.622349962044456e-5 -6.8915997201081035e-9 9507.350780127947 7.387780849113297e8
7450 270913.3758814374 36.539094690829955 7.295450340439848e-8 2.437779884098134e-6 1.614187702942484e-6 3.3559769334766114e-7 8.284735268129522e-6 6.148687576681667e-6 5.642181007369004e-8 3.0112341373252294e-6 3.1458195743420917e-6 3.29387703498437e-7 1.0792223070171888e-5 1.5434389810260742e-5 -6.885899662528118e-9 9507.350780127927 7.387780849113157e8
7500 272738.09746061626 36.45640195896338 7.337223223793394e-8 2.427335799619623e-6 1.633956674687819e-6 3.342789022758763e-7 8.827646486793766e-6 6.2511530031333665e-6 5.674487466567584e-8 2.943789281243478e-6 3.312069689625432e-6 3.2812651056529333e-7 1.0726966691995465e-5 1.3252787433986164e-5 -6.898069143217442e-9 9507.350780127917 7.387780849113066e8
7550 274559.45122958877 36.40385682095076 7.375119262314224e-8 2.41876840054817e-6 1.6531850932412322e-6 3.584415732126992e-7 9.383290296176991e-6 6.320172972598224e-6 5.703795637915698e-8 2.891268499418377e-6 3.4739329598439613e-6 3.518104032301932e-7 1.1627712435217604e-5 1.1731176156380439e-5 -6.9240153731143616e-9 9507.35078012795 7.387780849112906e8
7600 276378.9532563297 36.381740666570714 7.393667092808803e-8 2.4119871990153006e-6 1.670186234107327e-6 3.765168226507681e-7 9.835320135506127e-6 6.324735999710248e-6 5.7181402241385454e-8 2.8548142253328607e-6 3.610764325147563e-6 3.695493955163543e-7 1.2377447363891e-5 1.0588394783395901e-5 -6.955010562383203e-9 9507.350780127965 7.38778084911278e8
7650 278190.02496939345 36.389882647676636 7.395970814443041e-8 2.406715917617681e-6 1.682722440399516e-6 3.866997922241766e-7 1.007740301639854e-5 6.238801253099599e-6 5.719921884484832e-8 2.8346675842787017e-6 3.700582966897891e-6 3.7955932089364497e-7 1.3017525175858714e-5 1.0576436604853112e-5 -6.988444750958967e-9 9507.350780127961 7.387780849112664e8
7700 280010.36660852935 36.427965547083474 7.385028881530073e-8 2.4030683107011166e-6 1.6890853093465134e-6 3.9027889178478516e-7 1.0022471018349575e-5 7.711476302988684e-6 5.711459574087832e-8 2.8295138372418896e-6 3.728347128460251e-6 3.8306408809435364e-7 1.3561208416321344e-5 1.1573944977307727e-5 -7.015795014747548e-9 9507.350780127923 7.387780849112595e8
7750 281830.8044226493 36.391578447208474 7.356779143059982e-8 2.4016705207930304e-6 1.6884735127775606e-6 3.8962193240155544e-7 1.0025374628494303e-5 7.61948738000754e-6 5.689611692157752e-8 2.8373706199210556e-6 3.6913367211659886e-6 3.8242610072624987e-7 1.3315614338454445e-5 1.1658595358856847e-5 -7.02801783404472e-9 9507.350780127932 7.387780849112377e8
7800 283649.9968251871 36.3813531654914 7.319289471135842e-8 2.403595649164033e-6 1.6808612387979312e-6 3.8530520009438134e-7 9.361617474534703e-6 6.917001030010193e-6 5.6606177979817595e-8 2.857568906417587e-6 3.6005773905805494e-6 3.7817598853440216e-7 1.2962759901328603e-5 1.1476878312868993e-5 -7.015805287708666e-9 9507.350780127985 7.387780849112275e8
7850 285447.58551821293 36.401051629490325 7.292068661177948e-8 2.4101352433222017e-6 1.6665762289296375e-6 3.809761524673214e-7 1.0307019570182707e-5 5.824729324086799e-6 5.639565672264497e-8 2.8924639745159335e-6 3.473435831538122e-6 3.739278454072253e-7 1.2907562672714606e-5 1.0993602226567124e-5 -6.985626115388582e-9 9507.350780127957 7.387780849112183e8
7900 287268.79144410836 36.451241860102684 7.288538950743118e-8 2.4226414465018697e-6 1.645586383638377e-6 3.830700031527845e-7 1.0695357776550536e-5 5.440633065310099e-6 5.636835852396407e-8 2.9477225687595665e-6 3.322844185747619e-6 3.7601980049068504e-7 1.4603355007530862e-5 1.0237882147630317e-5 -6.948183101882436e-9 9507.350780127968 7.387780849112049e8
7950 289093.2782955358 36.53161215701123 7.310767806375995e-8 2.4408403997133175e-6 1.619952047604357e-6 3.827637116222933e-7 1.0096653401397586e-5 5.734688041823522e-6 5.6540272830014794e-8 3.025556741569546e-6 3.166986510285541e-6 3.756822671888471e-7 1.5737608631914837e-5 9.934695501575984e-6 -6.917074008333375e-9 9507.35078012793 7.387780849111881e8
8000 290922.5240742109 36.63109847517272 7.344253028214201e-8 2.4632883930779087e-6 1.5932051485194223e-6 3.73829057897876e-7 9.012793633602649e-6 6.185987809077128e-6 5.679924201256429e-8 3.124509364819131e-6 3.0211123239782215e-6 3.6694191598687913e-7 1.6008231909477912e-5 1.0921668181235503e-5 -6.897032644653433e-9 9507.350780127956 7.387780849111749e8
8050 292751.2173156392 36.523644160704386 7.371706247104836e-8 2.4876065916583606e-6 1.569289180302726e-6 3.5026628401904923e-7 8.17557759874582e-6 6.3056235651668435e-6 5.70115606819446e-8 3.2376789219269565e-6 2.896101381231862e-6 3.4379184831029243e-7 1.4607350329730914e-5 1.123810805246987e-5 -6.891980246114146e-9 9507.350780127896 7.387780849111636e8
8100 294562.1289302509 36.44626475999645 7.388033903265132e-8 2.5108888439889036e-6 1.5508797730118068e-6 3.4810282728166846e-7 8.396681932554813e-6 6.243427119512304e-6 5.7137836082851203e-8 3.3524435718969495e-6 2.7977491907970722e-6 3.4169287025667006e-7 1.2503210360666534e-5 1.0935548064361336e-5 -6.901392530375174e-9 9507.350780127917 7.387780849111537e8
8150 296383.09578805586 36.39842983892778 7.395605200048119e-8 2.5309307818062914e-6 1.5387310030953015e-6 3.666372854234335e-7 8.894799654686475e-6 6.031524087655534e-6 5.719639124503229e-8 3.457328932968931e-6 2.7244419116918754e-6 3.598526398676973e-7 1.1611911228631111e-5 1.0918864898789037e-5 -6.926547248336811e-9 9507.350780127916 7.387780849111356e8
8200 298202.4469371254 36.381035638531316 7.400450348097551e-8 2.5453584957910336e-6 1.5325701260765601e-6 3.8219440828137785e-7 9.321401999064919e-6 5.913242628984702e-6 5.723386281954477e-8 3.5391549489295937e-6 2.6734953138334797e-6 3.7513046253828206e-7 1.0899014222679978e-5 1.1728841772870941e-5 -6.955445685272103e-9 9507.350780127968 7.387780849111254e8
8250 300021.702759021 36.393963111462604 7.407332242378346e-8 2.5524923417279848e-6 1.5320031530395664e-6 3.960417271585246e-7 9.469932896721196e-6 5.943013971696011e-6 5.7287086255974174e-8 3.5869500685820788e-6 2.6434104229104857e-6 3.8872385194106694e-7 1.0023811420446339e-5 1.244706713407248e-5 -6.98319847070939e-9 9507.350780127967 7.387780849111136e8
8300 301842.3207121658 36.42335011000344 7.410239033953928e-8 2.551555882156631e-6 1.5368792429649172e-6 4.0658783645137764e-7 1.0223632306864574e-5 5.601154487735627e-6 5.730956690345231e-8 3.5931784376538923e-6 2.6369764187146503e-6 3.990727684120955e-7 1.1556793199058331e-5 1.3008364967503564e-5 -7.0032292152410544e-9 9507.350780127937 7.387780849111006e8
8350 303637.5088051473 36.38820983938441 7.392645935912689e-8 2.5434056765759065e-6 1.5468158976006888e-6 4.099511771380592e-7 1.0236593677815436e-5 5.1003342192023204e-6 5.717350478289262e-8 3.557819887779441e-6 2.6576067468662143e-6 4.023833054538622e-7 1.167050203560673e-5 1.2937705302345087e-5 -7.009660000836176e-9 9507.350780127974 7.387780849110901e8
8400 305456.6449306709 36.38239201082444 7.357070131699904e-8 2.529701488336029e-6 1.5613247356658522e-6 4.038441834769068e-7 9.254502573776676e-6 4.801558393935882e-6 5.689836737933265e-8 3.486246793767381e-6 2.706858538177831e-6 3.9636848866546515e-7 1.0848527652804696e-5 1.277499608132589e-5 -6.998405062565418e-9 9507.350780127912 7.38778084911081e8
8450 307276.2639868865 36.4069537852882 7.317614217177199e-8 2.5127786715898315e-6 1.5796408240101455e-6 3.9418955302394756e-7 1.034865873388249e-5 4.847069221234394e-6 5.659322184214012e-8 3.3906239130779893e-6 2.783689730088011e-6 3.868997856084359e-7 9.500085414746951e-6 1.3494036416262275e-5 -6.9712400030740004e-9 9507.35078012797 7.387780849110672e8
8500 309097.88735151873 36.46193408100796 7.291528761055946e-8 2.4950474584348365e-6 1.6005374633995408e-6 3.977617021655916e-7 1.0640373713183527e-5 5.176206151082569e-6 5.6391481224289225e-8 3.285494451299799e-6 2.8853815356910145e-6 3.9042973791516154e-7 9.17550422596028e-6 1.5626403369333238e-5 -6.939519698969672e-9 9507.350780127947 7.387780849110531e8
8550 310923.0295113783 36.54702058519666 7.292942169904938e-8 2.47849838772073e-6 1.6221200719633064e-6 3.928757107744196e-7 9.926517491936218e-6 5.49128236017767e-6 5.640241229558636e-8 3.1830894867847297e-6 3.0071340355834163e-6 3.85603526503645e-7 9.011333660125063e-6 1.7156268367307997e-5 -6.913845524498147e-9 9507.35078012793 7.387780849110411e8
8600 312723.62476394523 36.61408700068793 7.32024167623709e-8 2.464564217134221e-6 1.6431100600224187e-6 3.746543751957029e-7 9.09562750975643e-6 5.3882063101812826e-6 5.661354217626859e-8 3.092592057226943e-6 3.1429138234949542e-6 3.677493151117797e-7 9.726510685555587e-6 1.778152120819366e-5 -6.8964801845389275e-9 9507.35078012797 7.387780849110272e8
8650 314551.57267996605 36.51078266040989 7.362385176008296e-8 2.4533057749110067e-6 1.664106188801216e-6 3.4485653170416337e-7 8.195306013923447e-6 5.180167068717894e-6 5.693947305490374e-8 3.0147346985009764e-6 3.293879190076772e-6 3.3849229988156477e-7 1.0066280175680064e-5 1.7409655295670475e-5 -6.890148785917994e-9 9507.350780127934 7.387780849110168e8
8700 316375.1104071744 36.43720785868429 7.40840786715414e-8 2.4450525514931583e-6 1.6836488458104575e-6 3.4383677398208995e-7 8.11246030292242e-6 5.313609880046515e-6 5.729540496057607e-8 2.952369230751891e-6 3.449547728046377e-6 3.3750301660248605e-7 9.836728754942609e-6 1.5214285815376117e-5 -6.9021565871230915e-9 9507.350780127968 7.387780849110017e8
8750 318195.73986434244 36.393904947498115 7.433265114003003e-8 2.439574195566103e-6 1.7003789878457304e-6 3.581123162567057e-7 8.646438802563633e-6 5.456739696438123e-6 5.7487646808724054e-8 2.906377448136962e-6 3.5942701011246167e-6 3.5148376539418395e-7 1.0330928803845312e-5 1.329219164863185e-5 -6.929187588875161e-9 9507.350780127923 7.387780849109902e8
8800 320007.4289785309 36.381036878359446 7.420411189826024e-8 2.4362317067457893e-6 1.7131688858355523e-6 3.7387176245393616e-7 9.065927218569335e-6 5.572641446333769e-6 5.738823668044471e-8 2.876124805112362e-6 3.7071194172443255e-6 3.669617385551334e-7 1.1254945022125603e-5 1.1144766722147484e-5 -6.959024341920999e-9 9507.35078012794 7.387780849109819e8
8850 321826.79644993297 36.39832932951526 7.384460410567362e-8 2.4344207373334723e-6 1.7209683455520757e-6 3.8449878907098013e-7 9.201521796546095e-6 6.540852081152061e-6 5.711019928012854e-8 2.8596609987097544e-6 3.767519085810095e-6 3.773942760934878e-7 1.2066415893677296e-5 1.0021170422383116e-5 -6.9842893324432796e-9 9507.35078012798 7.387780849109645e8
8900 323647.580497366 36.41637857303793 7.351387310018848e-8 2.4341576958174663e-6 1.7222816987235613e-6 3.862238273644176e-7 9.253487866690832e-6 7.335936296613282e-6 5.685441737316594e-8 2.8570330219916653e-6 3.7598006205358514e-6 3.790843860050716e-7 1.2539273055039594e-5 1.0477914757216113e-5 -6.995185174629448e-9 9507.350780127961 7.387780849109528e8
8950 325467.48191012646 36.385270712362164 7.328701618385355e-8 2.4361970864521338e-6 1.7166872730856474e-6 3.9940839439393967e-7 8.850747702150508e-6 6.697415652117678e-6 5.667896997563135e-8 2.8694449253218723e-6 3.685298567232403e-6 3.9202511848561343e-7 1.239275164760882e-5 1.0206233290536527e-5 -6.991130935017058e-9 9507.350780127948 7.387780849109353e8
9000 327286.59333450755 36.3842560838366 7.316208482203811e-8 2.4420157296540546e-6 1.7044116168408608e-6 4.0592819153576384e-7 9.586222865077536e-6 5.722481295955877e-6 5.6582350119110285e-8 2.8981911973382895e-6 3.561074374607139e-6 3.9841464458464145e-7 1.2387789825770708e-5 9.7238030351451e-6 -6.971541839748585e-9 9507.350780127974 7.38778084910926e8
9050 329084.5070084287 36.41311459418513 7.31204580566069e-8 2.452854314463603e-6 1.6860893761662432e-6 3.976045412835718e-7 1.0672076667777072e-5 5.471264617792707e-6 5.655015666560157e-8 2.9441413841850154e-6 3.411845446690117e-6 3.9025545552064493e-7 1.4427677695950545e-5 9.286585538529391e-6 -6.9396148999898e-9 9507.350780127952 7.387780849109162e8
9100 330906.5518872955 36.472536777820174 7.310585051679083e-8 2.4697914278617535e-6 1.6626351394765863e-6 3.857314123765503e-7 1.081725918835874e-5 5.70880616768746e-6 5.6538859434278734e-8 3.010114895526757e-6 3.2544001567483602e-6 3.786130408748901e-7 1.6096376642202035e-5 9.957663459862908e-6 -6.9056186401113775e-9 9507.35078012797 7.387780849108977e8
9150 332732.3359204266 36.561987886716615 7.312104160571346e-8 2.4924048298413634e-6 1.636616508850701e-6 3.671556708595858e-7 9.926947407507244e-6 6.042088979464683e-6 5.655060797179557e-8 3.0963071151058236e-6 3.103569471325604e-6 3.603604408402325e-7 1.7082327184992864e-5 1.125020233854646e-5 -6.873143458109688e-9 9507.350780127981 7.387780849108835e8
9200 334562.559163137 36.5953007138382 7.329825504767382e-8 2.5193573163668895e-6 1.610559514299784e-6 3.4732113900438945e-7 9.188160688281041e-6 6.4356882089796305e-6 5.6687661927963933e-8 3.2008690741396016e-6 2.9660318533276327e-6 3.409057427096663e-7 1.683377373335369e-5 1.1612602883320615e-5 -6.852069200364165e-9 9507.35078012793 7.387780849108754e8
9250 336389.6890478663 36.49677674170457 7.366586494640242e-8 2.5482180204393257e-6 1.587124631343168e-6 3.3172008168579963e-7 8.120705146689935e-6 6.6195122082821045e-6 5.697196536027849e-8 3.3167234570056415e-6 2.847436457201648e-6 3.2559540883111987e-7 1.511560148655571e-5 1.1321941060078598e-5 -6.8472719244714244e-9 9507.350780127936 7.387780849108654e8
9300 338199.24816265336 36.42849212343451 7.407213530605859e-8 2.575934034179456e-6 1.568730637421705e-6 3.308352841017935e-7 8.47783732022745e-6 6.61362579402491e-6 5.7286168158751333e-8 3.4317511373916727e-6 2.7526143537896117e-6 3.2472978041573755e-7 1.2726200746652853e-5 1.0588138496645695e-5 -6.859489980606603e-9 9507.350780127945 7.387780849108517e8
9350 340019.56219257053 36.389912802288976 7.436762374503615e-8 2.6001722425066083e-6 1.5564687001037361e-6 3.5447934973940206e-7 8.989610207697038e-6 6.469134524789918e-6 5.7514694045839376e-8 3.5345096026121987e-6 2.6820969984914676e-6 3.47920603795191e-7 1.1048325173365983e-5 9.615390614485329e-6 -6.881706567554211e-9 9507.3507801279 7.387780849108372e8
9400 341838.72370223264 36.38177332790186 7.446551798185618e-8 2.618388507399378e-6 1.5508245775979758e-6 3.7127332633687947e-7 9.366370425307984e-6 6.380785845327488e-6 5.75904038334673e-8 3.6112149663300266e-6 2.637104243020537e-6 3.644065955684722e-7 1.0304153650510097e-5 1.012576019026435e-5 -6.912684109384442e-9 9507.350780127908 7.387780849108251e8
9450 343658.2504513887 36.40385460294677 7.438177666325531e-8 2.6288478549469717e-6 1.5515250657344615e-6 3.7968201002396993e-7 9.433588372240397e-6 6.477799602431696e-6 5.752563967972688e-8 3.6509423987963964e-6 2.6172758083489706e-6 3.7267137835861796e-7 9.676461602478314e-6 1.0878000002058927e-5 -6.9413742154161015e-9 9507.350780127956 7.387780849108132e8
9500 345479.12238921603 36.40942718984579 7.419939314750908e-8 2.631012969294132e-6 1.5579153629209349e-6 3.904833551312758e-7 9.465013700337971e-6 6.417305648333678e-6 5.738458727475313e-8 3.6477692769546396e-6 2.6217226218413036e-6 3.832691246568352e-7 1.073882976710902e-5 1.1259202420698196e-5 -6.960104695215906e-9 9507.35078012794 7.387780849108002e8
9550 347274.0609237608 36.38323871843763 7.388162200485184e-8 2.6261627675839336e-6 1.568808551754088e-6 4.025593198809432e-7 9.255572379662847e-6 6.196191735586485e-6 5.713882831185107e-8 3.6058930559910446e-6 2.6490487718795857e-6 3.951139410994051e-7 1.060406222014826e-5 1.122434495209732e-5 -6.963749057846639e-9 9507.350780127937 7.387780849107842e8
9600 349093.18331240036 36.386645326704006 7.352913819811069e-8 2.6162471595833e-6 1.5828392720086415e-6 3.954106851948025e-7 9.758815419611752e-6 5.784884049417209e-6 5.686622314826674e-8 3.533886409964267e-6 2.6986961917434547e-6 3.880973353636841e-7 9.612413294168744e-6 1.1977788088163615e-5 -6.948504129045699e-9 9507.350780127954 7.387780849107713e8
9650 350913.2514775248 36.42047884446998 7.328186163123698e-8 2.603712036458256e-6 1.5988358650715046e-6 3.824044917132024e-7 1.0556140327086545e-5 5.179100719739324e-6 5.667498352881459e-8 3.4438656599028344e-6 2.7707594452355653e-6 3.7534095012840567e-7 8.693856366120314e-6 1.4030268729935891e-5 -6.915606699816683e-9 9507.350780127968 7.38778084910768e8
9700 352735.7865415128 36.484674134009296 7.314792740135517e-8 2.5910164324352463e-6 1.6172662033111403e-6 3.6630126732170214e-7 1.0390568367698143e-5 5.255641115473578e-6 5.6571401004247225e-8 3.3470372110230777e-6 2.868185155975606e-6 3.5953771751419514e-7 8.73446703876725e-6 1.5744167511107724e-5 -6.88230272092737e-9 9507.35078012795 7.387780849107487e8
9750 354532.5564368382 36.57703948725752 7.32242678522054e-8 2.58009610824245e-6 1.6371458588298647e-6 3.551026219530289e-7 9.270212479513337e-6 5.556166128240723e-6 5.663044145001353e-8 3.253559541329645e-6 2.989666162850163e-6 3.48535778329178e-7 9.059677048209467e-6 1.6780353287049722e-5 -6.8495915221429556e-9 9507.35078012799 7.38778084910739e8
9800 356362.8911179736 36.57956896468135 7.355492381144536e-8 2.5718668704176188e-6 1.6576434257130902e-6 3.4121200909142736e-7 8.686005742171922e-6 5.2739415095752575e-6 5.6886165315615183e-8 3.167805542496235e-6 3.134983739046498e-6 3.349012460932258e-7 9.399999345238441e-6 1.6900343785707727e-5 -6.829386418697045e-9 9507.350780127903 7.387780849107301e8
9850 358189.34053651773 36.485226187959874 7.39697440452534e-8 2.5670922252106707e-6 1.6777387652656744e-6 3.2934807217121904e-7 7.955586012499844e-6 5.561883774444798e-6 5.7206980445662346e-8 3.097538431780235e-6 3.2921897840488e-6 3.232671448402504e-7 9.307001982212865e-6 1.578201970919427e-5 -6.824381281181253e-9 9507.350780127997 7.387780849107162e8
9900 360011.8336091011 36.42081913315157 7.433064594434641e-8 2.5652856976686096e-6 1.6967437392432055e-6 3.487304382904951e-7 8.518421902901088e-6 5.8888074782921676e-6 5.748609602420989e-8 3.045474629336941e-6 3.4473819551932413e-6 3.422876445872358e-7 9.494632891201673e-6 1.3172318322027752e-5 -6.834677924097665e-9 9507.35078012792 7.387780849107025e8
9950 361831.8795563444 36.38677399236769 7.453467046740402e-8 2.565608320634961e-6 1.7133586671409173e-6 3.681382175522565e-7 9.071642815205157e-6 6.238915205664929e-6 5.764388522606623e-8 3.0110734286337954e-6 3.5850040451426087e-6 3.6132779677279847e-7 9.68231136320005e-6 1.0906568291876036e-5 -6.861260545365653e-9 9507.350780127947 7.387780849106878e8
10000 363644.0147609452 36.383112692739324 7.452902530868272e-8 2.5673655597369744e-6 1.7267891432481197e-6 3.803318133516129e-7 9.522443862448569e-6 6.574763412717253e-6 5.7639519353862474e-8 2.9912032986133223e-6 3.6887625391987443e-6 3.732979494723454e-7 1.0259196384396868e-5 1.0291187436713842e-5 -6.89559398370001e-9 9507.35078012794 7.387780849106733e8
10050 365463.7196710141 36.40954121411215 7.442050649036454e-8 2.570164803979134e-6 1.7357037426634637e-6 3.85228915904774e-7 9.582381272705982e-6 7.224855226140338e-6 5.755559268971476e-8 2.982488730046053e-6 3.7436847009020323e-6 3.7811021586664507e-7 1.1109434454949e-5 1.0919636456616812e-5 -6.9303609654985696e-9 9507.350780127921 7.387780849106623e8
10100 367284.58519078203 36.4037527908906 7.432952193058469e-8 2.5743643192857666e-6 1.7379915551389772e-6 3.8774670205844566e-7 9.889168420712899e-6 7.756626059685005e-6 5.748522673181689e-8 2.9846184834326335e-6 3.7384392814039396e-6 3.805852371355266e-7 1.14843334534786e-5 1.1363929779542911e-5 -6.954219015987747e-9 9507.350780127896 7.38778084910653e8
10150 369104.0868927266 36.381755357266336 7.425094999557937e-8 2.5811323837168618e-6 1.7329395928536116e-6 3.9056710932447453e-7 9.499684037890551e-6 7.584997782081079e-6 5.7424460491310826e-8 3.0005089723743964e-6 3.6738020850338213e-6 3.833441611044041e-7 1.1472005242288567e-5 1.1334910946791068e-5 -6.957160333610755e-9 9507.350780127968 7.387780849106374e8
10200 370923.2578300873 36.389980726923994 7.418085109091836e-8 2.591926778731364e-6 1.720898529532088e-6 3.9049703964569286e-7 9.98632428007807e-6 7.247111991091018e-6 5.737024715491946e-8 3.0342213365377677e-6 3.5620844411939294e-6 3.8327058099399094e-7 1.1698595663201732e-5 1.1042290967107728e-5 -6.942102523561157e-9 9507.350780127952 7.38778084910628e8
10250 372721.6284141934 36.42799738254979 7.411106720233456e-8 2.607703104084322e-6 1.702846456661635e-6 3.786989787884917e-7 1.0552816999717047e-5 6.89277269207265e-6 5.731627744598805e-8 3.088226037409035e-6 3.4242321142535153e-6 3.717122004864534e-7 1.3707667228678234e-5 1.0741289171905453e-5 -6.913856210981367e-9 9507.350780127954 7.387780849106123e8
10300 374544.65250943706 36.49661736395914 7.400001781356225e-8 2.629115524210013e-6 1.680456257043085e-6 3.674682217068299e-7 1.015847070956123e-5 6.665158079888508e-6 5.723039367811715e-8 3.1651542342811294e-6 3.2766055272253785e-6 3.606841867540541e-7 1.5345606806441764e-5 1.0510145899040502e-5 -6.880493461220477e-9 9507.350780127974 7.387780849106027e8
10350 376371.8713759874 36.595079137903625 7.3928745571725e-8 2.655168726142088e-6 1.656174320993912e-6 3.4969678362742615e-7 8.975031895626807e-6 6.289479984799208e-6 5.717527290195003e-8 3.2624468984158593e-6 3.134704696108596e-6 3.4324032692949606e-7 1.6259865157430405e-5 1.0803942407959533e-5 -6.8502289257816715e-9 9507.350780127917 7.387780849105878e8
10400 378202.06474889256 36.56219211581807 7.404683900514649e-8 2.68441730464505e-6 1.6322170154658256e-6 3.350981049015912e-7 8.363480401576353e-6 6.494717464778095e-6 5.726660441714323e-8 3.3740789765965356e-6 3.0068622080489438e-6 3.28895677782659e-7 1.5672968300430328e-5 1.0794048964424455e-5 -6.828765464527239e-9 9507.350780127945 7.38778084910571e8
10450 380027.7679750213 36.47267996332305 7.437137571876478e-8 2.7147603390547036e-6 1.6105004365086098e-6 3.2968866813903217e-7 8.425946401521961e-6 6.46602429735989e-6 5.7517595759444876e-8 3.4913551460835643e-6 2.898027837937713e-6 3.2360598856726975e-7 1.3941321335828242e-5 1.0284637687627492e-5 -6.8233248786653364e-9 9507.350780127936 7.387780849105633e8
10500 381836.13511533156 36.413531213931904 7.473852929442748e-8 2.743320895766565e-6 1.5934664398137147e-6 3.514468657060852e-7 9.030193754572694e-6 6.285322112746961e-6 5.780154628071499e-8 3.6035828685523534e-6 2.8110248901999258e-6 3.449507157528615e-7 1.1621991659396864e-5 9.623794581618635e-6 -6.835120138124839e-9 9507.350780127952 7.387780849105484e8
10550 383655.9373205034 36.38421854640306 7.49667708839113e-8 2.7676450866349467e-6 1.5825474618979765e-6 3.7055925352457586e-7 9.613324966963286e-6 5.989429528202723e-6 5.79780645634919e-8 3.7003722449024555e-6 2.745751381270816e-6 3.63699750725105e-7 1.0492848027031752e-5 9.397478029254574e-6 -6.860614150971505e-9 9507.35078012796 7.387780849105374e8
10600 385475.04994130996 36.38531363948019 7.495137942698677e-8 2.785103985410905e-6 1.5781479702177073e-6 3.867866124775804e-7 1.001983450488335e-5 5.9796614963920685e-6 5.796616106575192e-8 3.7676531942781125e-6 2.7047703858759955e-6 3.79638700687157e-7 9.711916172704068e-6 1.0175797671626014e-5 -6.89015100668484e-9 9507.35078012793 7.387780849105262e8
10650 387294.98660519003 36.416499177790456 7.465802379552431e-8 2.7943957869668987e-6 1.5798463933611648e-6 3.996946555712774e-7 1.0057138561991498e-5 6.431895386439866e-6 5.77392846564247e-8 3.7948376719571934e-6 2.6896304321055965e-6 3.923060650771362e-7 9.96669807678886e-6 1.1023387958909008e-5 -6.919179886869992e-9 9507.35078012797 7.387780849105089e8
10700 389091.2085657484 36.3986831578913 7.423041695626341e-8 2.7955753094247752e-6 1.5858446214423023e-6 4.076500383148569e-7 9.543072483631413e-6 6.493983081732376e-6 5.740858057792084e-8 3.778392843716739e-6 2.698406476160201e-6 4.0011744479213786e-7 1.0694746006776391e-5 1.1353861693231396e-5 -6.937252728686262e-9 9507.35078012796 7.38778084910499e8
10750 390910.5681413402 36.38106477876221 7.383229830340845e-8 2.7900451760197096e-6 1.594894900443461e-6 4.0877546971570225e-7 9.144533369345985e-6 6.181561227810668e-6 5.710068217524468e-8 3.722695603496099e-6 2.728943698399388e-6 4.0122190455779064e-7 1.040256607600263e-5 1.1403999447437453e-5 -6.934279152510357e-9 9507.350780127947 7.387780849104917e8
10800 392729.8174132199 36.39372078999519 7.360433934904424e-8 2.7797960920237396e-6 1.6070879285667416e-6 4.0083502569342584e-7 1.0304843877833197e-5 5.706894318433321e-6 5.6924382479093055e-8 3.6386083236108636e-6 2.78095733479429e-6 3.9341572727572203e-7 9.549328871391689e-6 1.1296952203086502e-5 -6.913733716545254e-9 9507.350780127965 7.387780849104743e8
10850 394550.4757781743 36.43682020648406 7.356503788246301e-8 2.767195006587282e-6 1.6221489100348877e-6 3.9123417875114025e-7 1.0606587974943818e-5 5.360978286293873e-6 5.689398737316519e-8 3.5394065586493526e-6 2.8558303772362987e-6 3.840291315703249e-7 8.987967056716792e-6 1.3277333286532263e-5 -6.880199957207701e-9 9507.350780127927 7.387780849104642e8
10900 396374.0625063751 36.510191495917546 7.360266809840775e-8 2.7545287072057952e-6 1.6392768920134663e-6 3.7880474804891827e-7 9.94932191481471e-6 5.368993095823853e-6 5.692308996111202e-8 3.4371614332416145e-6 2.956283495454369e-6 3.7181105964946465e-7 9.328522447580076e-6 1.501541886799147e-5 -6.843666910574636e-9 9507.350780127957 7.387780849104453e8
10950 398171.79590829724 36.611350253801724 7.363502821245061e-8 2.743805894450202e-6 1.657195105034545e-6 3.628961753562788e-7 8.89863594176836e-6 5.490823686161057e-6 5.694811673942143e-8 3.3417988555162015e-6 3.081534011476194e-6 3.5620793279251547e-7 1.0394942482541049e-5 1.6152170959884094e-5 -6.8125685322256085e-9 9507.350780127934 7.387780849104381e8
11000 400001.6331930691 36.54774916246054 7.3745140798563e-8 2.7360036034318955e-6 1.6750522039015313e-6 3.469097983832083e-7 8.156763701790544e-6 5.103543134190937e-6 5.703327599784403e-8 3.2561134758360786e-6 3.2306362947220932e-6 3.404887373632473e-7 1.1107389504756975e-5 1.6515800064446006e-5 -6.790722301224837e-9 9507.350780127912 7.387780849104263e8
11050 401826.7211054972 36.462443218609835 7.396259725257008e-8 2.7320140636483115e-6 1.6908013823846719e-6 3.3411418171772304e-7 8.562755184027619e-6 5.226089824711002e-6 5.720145323456545e-8 3.187510787128496e-6 3.3880070509144826e-6 3.2795774650644667e-7 1.1084262215751236e-5 1.545153350171226e-5 -6.78189581361848e-9 9507.350780128005 7.387780849104162e8
11100 403648.30932943645 36.407242575588626 7.422552574892635e-8 2.731381519931431e-6 1.704127263052136e-6 3.428336679383099e-7 9.189678011301274e-6 5.3588882744985976e-6 5.7404797798683375e-8 3.138450369481006e-6 3.5364033431727474e-6 3.3649265793909327e-7 1.058228053486682e-5 1.3197813193285683e-5 -6.792066316978024e-9 9507.35078012798 7.387780849103993e8
11150 405467.91264637583 36.38246065244537 7.446916481754524e-8 2.7330354007952356e-6 1.715190231824148e-6 3.607413412651878e-7 9.783594272936099e-6 5.495924039532649e-6 5.759322423731458e-8 3.1067881991439174e-6 3.658310820690825e-6 3.540639328742125e-7 9.853121471503189e-6 1.1729872748974163e-5 -6.81552374495704e-9 9507.350780127932 7.387780849103903e8
11200 407280.6550768085 36.38798702966933 7.460209512995899e-8 2.7360857049760417e-6 1.7239276021416824e-6 3.7607504460539624e-7 1.0109074585793956e-5 5.968144881636593e-6 5.7696030348570316e-8 3.088883262311915e-6 3.738513533883087e-6 3.6913480413094153e-7 1.0303725703208065e-5 1.117780890847916e-5 -6.847596048264321e-9 9507.350780127947 7.387780849103754e8
11250 409100.8360968793 36.42349776215103 7.456593275267281e-8 2.7404354505668994e-6 1.7297539678726004e-6 3.854978958766332e-7 1.0066189909319165e-5 7.073864490853356e-6 5.766806296144101e-8 3.0829816881973024e-6 3.7668530134298785e-6 3.783723048354512e-7 1.1069873313078366e-5 1.0357924576245456e-5 -6.874558202415247e-9 9507.350780127948 7.387780849103625e8
11300 410921.4203671652 36.39388211630438 7.4394367525977e-8 2.7468659831357183e-6 1.7310376796006982e-6 3.8968213618452994e-7 9.395201446670023e-6 7.323740577898263e-6 5.7535377245027484e-8 3.090405724517454e-6 3.7384620081866586e-6 3.8248241157289786e-7 1.1212563085992307e-5 1.0334837343430287e-5 -6.888463497648613e-9 9507.350780127945 7.387780849103528e8
11350 412740.66149537516 36.38104458888036 7.417375625129481e-8 2.7568773625853557e-6 1.7255681684939172e-6 3.972147296252952e-7 9.28709513948255e-6 6.840366072905824e-6 5.736476012474486e-8 3.114554419580279e-6 3.656854530016746e-6 3.8987013099597065e-7 1.1200907767999834e-5 1.0082347439448808e-5 -6.886849473021548e-9 9507.350780127928 7.387780849103374e8
11400 414560.03281180235 36.39853001183549 7.397206607630349e-8 2.7716579788688516e-6 1.7128627320798435e-6 3.9363132256120215e-7 1.028029201305844e-5 6.175242317117613e-6 5.720877626627696e-8 3.1583835687359465e-6 3.533677535509702e-6 3.8634873369309257e-7 1.1217721344637982e-5 9.974436423253449e-6 -6.869966696125755e-9 9507.350780127947 7.38778084910322e8
11450 416358.99220611417 36.44569332728589 7.385095898049139e-8 2.7915660165328617e-6 1.6943678549933849e-6 3.8242071722517324e-7 1.0405709763503954e-5 5.907628244332531e-6 5.7115114034938424e-8 3.222126934863334e-6 3.388226922053921e-6 3.7537955244053335e-7 1.3218491027442698e-5 9.978992582689e-6 -6.838913237572329e-9 9507.350780127947 7.387780849103131e8
11500 418183.1351927959 36.5234668117118 7.387151420402088e-8 2.8170300194837427e-6 1.6717266995504441e-6 3.6887970920561074e-7 9.602559453833804e-6 6.328254876507295e-6 5.713101110641179e-8 3.3067502874547254e-6 3.235226856752465e-6 3.6205899408968105e-7 1.4804401326662772e-5 1.0244766087869776e-5 -6.800279255044721e-9 9507.350780127952 7.387780849103009e8
11550 420011.92542227946 36.630857833190454 7.405500203962796e-8 2.8470579244159525e-6 1.6477424921401925e-6 3.5677084937209654e-7 8.649944677057362e-6 6.905771787746747e-6 5.7272917573485843e-8 3.409393897064705e-6 3.0916538811431234e-6 3.5019936407230805e-7 1.5630806433059776e-5 1.0754864389386588e-5 -6.765597276552194e-9 9507.350780127977 7.387780849102894e8
11600 421841.081647494 36.531799693132534 7.43435103420187e-8 2.8799491277451003e-6 1.6254104928601987e-6 3.4557178098957e-7 7.842187054029926e-6 7.134334104439191e-6 5.749604513739399e-8 3.5254474607676803e-6 2.9676719212727667e-6 3.391798514932534e-7 1.475055536301843e-5 1.0995945672639039e-5 -6.746206368825808e-9 9507.35078012796 7.38778084910273e8
11650 423651.6525364554 36.45186642152718 7.465387577548537e-8 2.913014213778717e-6 1.607020870691441e-6 3.336358203994979e-7 8.669586859148806e-6 7.171092978656802e-6 5.77360766455668e-8 3.6463409364941133e-6 2.8678866956525866e-6 3.2749440002968734e-7 1.3043753015869427e-5 1.0733049395231648e-5 -6.7450852142048484e-9 9507.350780127923 7.387780849102639e8
11700 425472.8321152124 36.40138645995278 7.494458049970173e-8 2.943814015721434e-6 1.5934774946726036e-6 3.4663711238356594e-7 9.323516259850979e-6 7.038473021677037e-6 5.796090288584326e-8 3.7631401596613368e-6 2.7907330402592436e-6 3.402241079641959e-7 1.0875277674284692e-5 1.0139128167717168e-5 -6.761422893348724e-9 9507.350780128 7.387780849102496e8
11750 427292.2634671537 36.38134170574961 7.516889650004402e-8 2.969305213637995e-6 1.585399015781686e-6 3.68216877102453e-7 9.91267949493831e-6 6.929523343159701e-6 5.8134385183090675e-8 3.86145256142578e-6 2.7362881134555745e-6 3.614058979080469e-7 1.0417324388724683e-5 9.687307750497177e-6 -6.791841606004447e-9 9507.350780127921 7.387780849102387e8
11800 429111.46744560945 36.39164205356304 7.525375426067446e-8 2.9875469667768665e-6 1.5833047060093418e-6 3.7976872232474586e-7 1.015647784720826e-5 7.048205381347964e-6 5.820001277543838e-8 3.927419107352903e-6 2.7047788219207617e-6 3.727531977190437e-7 9.453613440933708e-6 9.751314161439085e-6 -6.8244441231396395e-9 9507.35078012796 7.387780849102247e8
11850 430931.94614488457 36.42783584493956 7.514991789601257e-8 2.9975496297121273e-6 1.5873582705103957e-6 3.881828296093913e-7 9.992797633313572e-6 6.900993497864238e-6 5.8119707443320325e-8 3.950565114694978e-6 2.6974525977160036e-6 3.810070288010017e-7 9.422115082199072e-6 1.0471123550564789e-5 -6.854771058776532e-9 9507.350780127923 7.38778084910214e8
11880 432000.0 12.055547146417666 7.499900224361564e-8 2.9995947476278023e-6 1.5922297867221454e-6 3.924719482410822e-7 9.512841155504883e-6 6.125819503900818e-6 5.8002991766345165e-8 3.942805485093555e-6 2.7048047345701823e-6 3.852213335847589e-7 9.776286338814128e-6 1.0546934335880722e-5 -6.86387191446893e-9 9507.35078012791 7.387780849102057e8
