#timestep time dt l2_h l2_h_vcon1 l2_h_vcon2 linf_h linf_h_vcon1 linf_h_vcon2 dsdu_ut entropy h_squared 
0 0.0 100.0 0.0 0.0 0.0 0.0 0.0 0.0 -1.4334379934151473e-13 7.387780849021574e8 1.0400221015783924e8
200 1655.9489866995586 8.269208205508813 0.00015096964495717999 1.6848001088668054e-7 2.703195509084988e-7 0.0013080646281196096 1.6979031745023576e-6 1.5484943713950372e-6 -1.558267265302102e-9 7.387780849021658e8 1.0400221015783599e8
400 3307.974871617642 8.251933381771389 0.00014823588296031097 2.2086973137676496e-7 2.868549038386895e-7 0.0012023832000522816 2.812557513998115e-6 2.2535541935320147e-6 -1.5059814138902084e-9 7.387780849021544e8 1.040022101578361e8
600 4957.032346602062 8.239529421666461 0.00014999823018036675 2.661096843747385e-7 3.027255124138261e-7 0.0012172036283573107 3.5141978709241073e-6 2.99887164423307e-6 -1.507606812289585e-9 7.387780849021562e8 1.0400221015783729e8
800 6604.029096489319 8.230644769043412 0.00014881327858595148 3.0010726683847457e-7 3.1371866621715835e-7 0.001240580331568708 3.746890424594085e-6 3.430660749925707e-6 -1.5108178899075101e-9 7.387780849021436e8 1.0400221015783875e8
1000 8249.563941056269 8.225577743076467 0.00014960138184264736 3.2628006132328234e-7 3.189613269156471e-7 0.0013262115321595047 3.675774491451733e-6 3.5507629125852702e-6 -1.5135804128260128e-9 7.387780849021544e8 1.0400221015784152e8
1200 9894.598911576253 8.225627241023075 0.00014947439989370685 3.497410636548139e-7 3.2038310412825603e-7 0.001284816937186406 3.7548399967057833e-6 3.3889905881601123e-6 -1.5080060717083814e-9 7.387780849021617e8 1.0400221015784557e8
1400 11539.927216180282 8.22583766385085 0.00014961453119861207 3.727468683191597e-7 3.203641055373682e-7 0.001318025182627025 3.889639581089455e-6 3.0662946333137597e-6 -1.5090804968959546e-9 7.387780849021672e8 1.040022101578526e8
1600 13184.965544172768 8.225403454258679 0.00014954284974563476 3.9500152677357693e-7 3.2086825407992895e-7 0.001289808747060306 4.23321283760103e-6 2.734827822425956e-6 -1.5144598135237126e-9 7.38778084902146e8 1.0400221015785532e8
1800 14830.432140952244 8.230088634240483 0.0001493453564530692 4.1441695426921104e-7 3.2256442282520803e-7 0.001267152343871203 4.236978545346659e-6 3.0266720871252595e-6 -1.5181962709727643e-9 7.387780849021583e8 1.0400221015786101e8
2000 16477.30576163819 8.23880027704448 0.00014908451267889308 4.2828291840225215e-7 3.254357381127849e-7 0.0012246561714164272 4.928279290661308e-6 3.2799600122590533e-6 -1.5210250761238133e-9 7.387780849021385e8 1.0400221015786834e8
2200 18126.192247015246 8.250832308657301 0.00014886813452827895 4.343642768695581e-7 3.2862859251226125e-7 0.0011751979770906473 6.440198464074953e-6 3.338451823542421e-6 -1.5255186599966782e-9 7.387780849021531e8 1.0400221015787157e8
2400 19777.978879092036 8.267748305035111 0.00014876157453440014 4.328218910366993e-7 3.306004433579729e-7 0.0011201722563782823 6.744090139898518e-6 3.1299886923408238e-6 -1.526488039083511e-9 7.387780849021394e8 1.0400221015787478e8
2600 21433.623161299027 8.289347476804016 0.00014873163596269593 4.2815549222986224e-7 3.3014564747639464e-7 0.0010613970414397045 6.5438487431013215e-6 2.63436331537914e-6 -1.52882781701659e-9 7.387780849021258e8 1.0400221015787882e8
2800 23089.837152999917 8.270494988300547 0.00014875638796092047 4.2788045740531644e-7 3.273231141728173e-7 0.0010930862772511318 5.147982979236687e-6 3.342476895484836e-6 -1.52664225793981e-9 7.387780849021157e8 1.0400221015787792e8
3000 24742.089435689337 8.252909880266103 0.00014882310732821182 4.3616988994043547e-7 3.2400202876930024e-7 0.0011572914620501251 3.878719603445102e-6 4.188969845886348e-6 -1.5153988006504719e-9 7.387780849021367e8 1.0400221015787475e8
3200 26391.3100190526 8.240183978125453 0.00014894515360690033 4.5003133977117665e-7 3.2257035894617893e-7 0.0012227668764808186 3.8993127564057595e-6 4.545609558315178e-6 -1.5143048331932644e-9 7.387780849021211e8 1.0400221015787481e8
3400 28038.42307304706 8.231149444786292 0.00014914072014249826 4.640349642999917e-7 3.235135223513521e-7 0.001282785559851618 4.061311030145731e-6 4.425388752338222e-6 -1.512357841191486e-9 7.387780849021258e8 1.0400221015787083e8
3600 29684.02571192496 8.225751936494973 0.00014936465336765404 4.750041243815677e-7 3.249153149276275e-7 0.0013079494697194605 4.084642386548154e-6 4.006660217825697e-6 -1.5122654395819772e-9 7.387780849021107e8 1.0400221015786234e8
3800 31329.06205184677 8.225468226323915 0.0001495514869402798 4.827512801545737e-7 3.251493824113561e-7 0.0013208725042659353 4.380326769304332e-6 3.820015881839112e-6 -1.517088367246369e-9 7.387780849021187e8 1.040022101578584e8
4000 32974.38547248965 8.226043661218334 0.00014966998499125824 4.904942402397989e-7 3.24852610149277e-7 0.0013215881203905155 4.97358582096652e-6 3.696704593769695e-6 -1.5161617441433042e-9 7.387780849021156e8 1.040022101578534e8
4200 34619.43144339224 8.225275644896197 0.00014973658638005994 5.018936234872249e-7 3.2589542532018534e-7 0.0012901436905394803 4.5813623543722315e-6 3.328447768069509e-6 -1.5143471533994002e-9 7.387780849021274e8 1.0400221015784271e8
4400 36264.83910202597 8.229629425837278 0.0001497573392957072 5.163862658863323e-7 3.2931611902457263e-7 0.0012681862313002057 3.874587739316482e-6 2.729984753147008e-6 -1.51782981764076e-9 7.387780849021235e8 1.0400221015783796e8
4600 37911.60037405736 8.238191171687161 0.00014967619854285664 5.28895270224501e-7 3.345060943615456e-7 0.0012529708938018302 4.795580248462272e-6 3.0339989472438766e-6 -1.5191027741196469e-9 7.387780849021173e8 1.0400221015783279e8
4800 39560.33242876479 8.24990029291082 0.00014946675937129854 5.328290755240476e-7 3.4020369359769566e-7 0.0011991258434136398 6.432890451435469e-6 3.21238901257459e-6 -1.532058690569328e-9 7.387780849020915e8 1.0400221015783033e8
5000 41211.90110829864 8.266504491257924 0.00014919101227551057 5.245243895271232e-7 3.457596384059036e-7 0.0011323924647967942 6.984130649589915e-6 3.1218141990363435e-6 -1.5290658200455296e-9 7.38778084902092e8 1.0400221015782547e8
5200 42867.266484742504 8.287806441995267 0.00014894131282190944 5.072398274080649e-7 3.51310456319868e-7 0.001072183213182143 6.732482149773844e-6 3.868202454238023e-6 -1.5356155430210686e-9 7.387780849021053e8 1.0400221015782537e8
5400 44516.579578150464 8.271888438361932 0.0001488001085220418 4.902620254502446e-7 3.567664293788885e-7 0.0011023778315575328 5.253914908243118e-6 4.350949421971784e-6 -1.5319604412595329e-9 7.387780849020987e8 1.040022101578272e8
5600 46169.077670681196 8.253973755844127 0.00014881074653509132 4.821546895194716e-7 3.6156759462447354e-7 0.0011720234974745836 4.1439561160316885e-6 4.370769301875743e-6 -1.523579643371698e-9 7.387780849020903e8 1.0400221015782993e8
5800 47818.47681138648 8.24090557498368 0.00014895621820229903 4.843566851451537e-7 3.649733604152828e-7 0.0012408469137881184 4.289468097162796e-6 4.071898947188846e-6 -1.514137548665815e-9 7.387780849020885e8 1.0400221015783088e8
6000 49465.71609895786 8.23171143857432 0.00014917705264053688 4.916235100350364e-7 3.664958504056909e-7 0.0012888505386854376 4.162968712417836e-6 3.7427990572380665e-6 -1.513012799178495e-9 7.387780849020827e8 1.0400221015783574e8
6200 51111.39581222405 8.225961599775063 0.00014941274933639125 4.987574380543473e-7 3.65596150093183e-7 0.0013067141501323931 3.929767720345367e-6 3.923119600734992e-6 -1.5095571098358082e-9 7.387780849020698e8 1.0400221015784015e8
6400 52756.438374862904 8.225322347047834 0.00014960826725610995 5.044652466870886e-7 3.621355879552278e-7 0.0013211078505719343 4.387391114413219e-6 3.928071595771243e-6 -1.5122134427671993e-9 7.387780849020808e8 1.0400221015784702e8
6600 54401.75132052278 8.22628713679745 0.0001497317859422911 5.117560751590249e-7 3.5668512588407137e-7 0.0013099417969897331 4.7761116990230335e-6 3.211502600741767e-6 -1.5115051042936555e-9 7.387780849020838e8 1.0400221015785483e8
6800 56046.810233950586 8.225163408180576 0.00014980787448435595 5.244500132459103e-7 3.506964284519024e-7 0.0012940875933509233 4.435777063438451e-6 2.9190091286324105e-6 -1.51450982193852e-9 7.387780849020662e8 1.0400221015785745e8
7000 57692.159840272216 8.229163574135269 0.0001498502060717522 5.412906465197253e-7 3.4686976611976975e-7 0.0012766059362547821 4.473023501372353e-6 2.666422845853944e-6 -1.5151301998576343e-9 7.387780849020679e8 1.0400221015786472e8
7200 59338.80349062074 8.237565124723579 0.0001497945631706877 5.557926725042114e-7 3.4750210224045323e-7 0.0012515086366420292 4.878100541727548e-6 3.2767451300097505e-6 -1.5268399961684805e-9 7.387780849020708e8 1.0400221015786551e8
7400 60987.37548415142 8.248929106677481 0.0001495989617932186 5.613064355931641e-7 3.5139041928267015e-7 0.0012094536768927355 6.555954126241659e-6 3.139403210616898e-6 -1.5313783036053947e-9 7.387780849020494e8 1.0400221015787056e8
7600 62638.71619462906 8.265199915737378 0.00014931516846337147 5.5534573915772e-7 3.542598263087641e-7 0.001133904634798455 7.507310874510509e-6 3.3246989312729625e-6 -1.5358264115337182e-9 7.387780849020592e8 1.0400221015787275e8
7800 64293.78841080345 8.286183879167988 0.00014904664555559407 5.419690951407601e-7 3.5319246839827225e-7 0.0010798920213801466 6.884749571112181e-6 3.189959994931435e-6 -1.531568419434756e-9 7.3877808490207e8 1.0400221015787093e8
8000 65950.43260541231 8.273215570226299 0.00014889144178631796 5.299536699614526e-7 3.4834335893225676e-7 0.0011161227291722753 6.381452718695613e-6 2.9630475260056244e-6 -1.5336907177662957e-9 7.387780849020579e8 1.0400221015787236e8
8200 67603.16538810101 8.254992741945161 0.0001488934683748577 5.264451926175559e-7 3.421345271084232e-7 0.0011731440458788711 4.716550691674648e-6 3.8459025681891745e-6 -1.5252397948577659e-9 7.387780849020826e8 1.0400221015786514e8
8400 69252.73630527237 8.241604210373088 0.0001490417955360793 5.305079978693388e-7 3.3782818533792986e-7 0.0012410747674493905 4.365009065754322e-6 4.275931229980046e-6 -1.5189131110586986e-9 7.387780849020535e8 1.0400221015786085e8
8600 70900.09598071779 8.232260333644376 0.00014926269367349763 5.361167746023767e-7 3.366357921088207e-7 0.0012796668045211845 4.1971660249551235e-6 4.161710779548855e-6 -1.519559934290599e-9 7.387780849020486e8 1.0400221015785678e8
8800 72545.85237951874 8.226180392888548 0.00014946767552679298 5.395047640864137e-7 3.3672323375683833e-7 0.0013032830022439157 3.882345157579792e-6 4.0012799191746495e-6 -1.513517823814882e-9 7.387780849020566e8 1.0400221015784948e8
9000 74190.90523291177 8.225207896356187 0.00014961320917537122 5.404765378495112e-7 3.3643418867726716e-7 0.001318702345542988 4.341865342372131e-6 3.708440609928587e-6 -1.5104272462504346e-9 7.387780849020365e8 1.0400221015784466e8
9200 75836.20344157559 8.22653767244246 0.0001496911138132673 5.418312690510713e-7 3.359319504167628e-7 0.0013077868691198091 4.7265133020779615e-6 3.331165808306835e-6 -1.5120205786790391e-9 7.387780849020278e8 1.0400221015783958e8
9400 77481.2789352632 8.225080364176684 0.0001497434112229578 5.480234948054977e-7 3.3649157228280826e-7 0.0013018032625495835 4.4250774089427125e-6 2.9019246119629805e-6 -1.517650296999086e-9 7.387780849020377e8 1.0400221015783614e8
9600 79126.5785363124 8.228748821670706 0.00014977810933107944 5.60071061991349e-7 3.3934103410423684e-7 0.0012743971146846889 4.291608972861738e-6 2.8245359229780997e-6 -1.517379093625447e-9 7.387780849020313e8 1.0400221015782773e8
9800 80773.11391415165 8.237000217154042 0.0001497542798890783 5.731441053806287e-7 3.4438415442211664e-7 0.00124806331336913 4.7539631156112705e-6 2.833149794989609e-6 -1.522076569022017e-9 7.387780849020287e8 1.040022101578225e8
10000 82421.54017667459 8.248039820987385 0.00014958510296048984 5.79580484270074e-7 3.503374084171833e-7 0.0011899546184395149 6.28394949409028e-6 3.1315436537227015e-6 -1.5313324385480416e-9 7.38778084902058e8 1.0400221015782054e8
10200 84072.67130058899 8.263996987686003 0.0001493267798241014 5.736766595539165e-7 3.5590417866444263e-7 0.0011343787896294089 7.313309813739011e-6 3.1890227706332652e-6 -1.5364877477641273e-9 7.387780849020225e8 1.0400221015782057e8
10400 85727.47257629785 8.28468156821067 0.0001490560242261113 5.564399940019877e-7 3.606088310528116e-7 0.0010784685575799813 6.777264999868748e-6 3.868032736775717e-6 -1.537547120555727e-9 7.387780849020282e8 1.0400221015781897e8
10600 87377.16090300957 8.274651856530822 0.00014890684983562817 5.363140083609072e-7 3.6457196197595677e-7 0.0011071069650370191 6.331583156660159e-6 4.608750163725972e-6 -1.5298540266756935e-9 7.387780849020207e8 1.0400221015782367e8
10800 89030.14827277575 8.256101455634752 0.0001488866909878138 5.23060517522699e-7 3.6797436435115485e-7 0.0011652566627162741 4.271805344568946e-6 4.715703175728336e-6 -1.5277874547549768e-9 7.387780849020317e8 1.040022101578271e8
11000 90679.90687457556 8.242372156904898 0.00014902425972798441 5.201275054652711e-7 3.707094495598856e-7 0.001232855129728705 4.451333187383e-6 4.281215782331316e-6 -1.5209447887017286e-9 7.387780849020169e8 1.040022101578311e8
11200 92327.39702797531 8.23286901216591 0.00014923024913633128 5.233974858230853e-7 3.724285853610349e-7 0.0012654016334181506 4.278469158514042e-6 3.893730189274969e-6 -1.5203337198160544e-9 7.387780849020196e8 1.040022101578366e8
11400 93973.23992965091 8.226437570052019 0.00014943357736382966 5.279928424034405e-7 3.721715325328738e-7 0.001290974761786856 3.9613959277318145e-6 3.907950992809717e-6 -1.5146957326692795e-9 7.387780849020165e8 1.040022101578429e8
11600 95618.30855001057 8.225109858324187 0.00014959093681865364 5.322018451309423e-7 3.6909925987874226e-7 0.0013149228921065514 4.308749766757103e-6 3.905593670028296e-6 -1.5115946471444631e-9 7.38778084902016e8 1.0400221015784992e8
11800 97263.58584320106 8.226828801256548 0.00014968019723801218 5.379062888476453e-7 3.6325352956999834e-7 0.0013023067733684002 4.728369478623762e-6 3.2231243840552537e-6 -1.5112260448376441e-9 7.387780849020197e8 1.0400221015785462e8
12000 98908.68382129465 8.225015812496382 0.00014974153938324673 5.488148003588089e-7 3.5601765586224476e-7 0.0013062275020274683 4.434155045363042e-6 2.850421862543584e-6 -1.5106799563556753e-9 7.387780849020128e8 1.0400221015785803e8
12200 100553.93487132492 8.228330223444052 0.0001497821403300421 5.647486732521285e-7 3.506142370315834e-7 0.0012771377121225669 4.417953229252092e-6 2.737265757057905e-6 -1.5164749354456258e-9 7.387780849020078e8 1.040022101578622e8
12400 102200.35694860235 8.236421366976945 0.0001497662568505836 5.796586231764178e-7 3.501531341014587e-7 0.0012418658454862452 4.588897275059622e-6 3.031206902426309e-6 -1.5215587924456576e-9 7.387780849020084e8 1.0400221015786044e8
12600 103848.63247844952 8.247114637791675 0.00014961007373793226 5.864186503372651e-7 3.5400509679070857e-7 0.001191591551332749 6.007881898639766e-6 3.2479148747155406e-6 -1.530255397737448e-9 7.387780849019865e8 1.0400221015786394e8
12800 105499.54466746088 8.262736670000796 0.0001493456672752973 5.817855236658081e-7 3.576558135004669e-7 0.0011390576967187371 7.0517058439190095e-6 3.2995375564004448e-6 -1.5340246335137063e-9 7.387780849019983e8 1.040022101578608e8
13000 107154.06141526293 8.283100996508695 0.0001490634510455676 5.687906549166794e-7 3.573242301461218e-7 0.0010828444858361763 6.61956977099365e-6 3.2915730512339536e-6 -1.5336115613080165e-9 7.387780849019948e8 1.0400221015785886e8
13200 108810.97772493081 8.276019108423084 0.0001488779757183686 5.556358633339303e-7 3.5257460919986963e-7 0.0011029731244889263 6.152866563136072e-6 2.9951008806428092e-6 -1.53182316963023e-9 7.387780849019928e8 1.0400221015785518e8
13400 110464.20800492892 8.257162451140974 0.00014884464740757164 5.50021867439732e-7 3.456168918691301e-7 0.0011568579727736505 4.803873423608884e-6 3.847700680514876e-6 -1.5268306928784032e-9 7.387780849019892e8 1.0400221015785168e8
13600 112114.14694271352 8.243114303365841 0.0001489738671696311 5.524331464751474e-7 3.4005371218102433e-7 0.0012217512712595635 4.6167609899505635e-6 4.330359869131328e-6 -1.5207744865158814e-9 7.387780849019665e8 1.0400221015784977e8
13800 113761.76150195184 8.233461949437112 0.00014919642582288483 5.57561362540359e-7 3.381137914184257e-7 0.0012618311393453041 4.288315981870738e-6 4.197634686065044e-6 -1.5159849352063199e-9 7.387780849019991e8 1.0400221015784582e8
14000 115407.68997374219 8.22670106648085 0.00014942943932576175 5.612049953458875e-7 3.3862977872647226e-7 0.001287683012378693 3.927865540820363e-6 3.960933455671167e-6 -1.5166839871412605e-9 7.387780849019843e8 1.0400221015784302e8
14200 117052.77784437787 8.225040211310231 0.00014960784072915592 5.625248951706413e-7 3.3948137510473364e-7 0.001306852772813727 4.244774419959185e-6 3.7517045388124615e-6 -1.5134508192348436e-9 7.387780849019775e8 1.040022101578393e8
14400 118698.03059617746 8.22712415028352 0.00014970971678507196 5.637528062506231e-7 3.3982962340444717e-7 0.0013029603726408823 4.737037933022492e-6 3.353254329097055e-6 -1.5165183655117013e-9 7.387780849019697e8 1.0400221015783457e8
14600 120343.15412621935 8.224977580711974 0.0001497685418957488 5.691220328786068e-7 3.4008348843362524e-7 0.0013039126786225097 4.489183143885356e-6 3.3519167685208684e-6 -1.510590194539171e-9 7.387780849019889e8 1.040022101578291e8
14800 121988.36408861206 8.227959757689586 0.00014980763286714634 5.800770930963879e-7 3.4143319724825896e-7 0.0012708203457805212 4.333824156654842e-6 3.3244808555349392e-6 -1.5150067374256231e-9 7.387780849019898e8 1.0400221015782438e8
15000 123634.68191696056 8.235900558911533 0.0001497931864829914 5.922988811470304e-7 3.4468626303259213e-7 0.0012401700141708716 4.524377473558161e-6 3.074050801125938e-6 -1.524310174198072e-9 7.38778084901972e8 1.040022101578214e8
15200 125282.82042998953 8.24626832750655 0.00014965215547158833 5.984018160811689e-7 3.496801735979872e-7 0.0012024583318179793 5.950706000845685e-6 3.303436000634541e-6 -1.5295047560485492e-9 7.387780849019753e8 1.0400221015781787e8
15400 126933.53147654035 8.261575134169659 0.00014939329351072218 5.927178756528669e-7 3.5563982778583866e-7 0.0011495868045585667 7.138916050308808e-6 3.2840848145365698e-6 -1.5326754630926118e-9 7.387780849019789e8 1.040022101578136e8
15600 128587.7853611847 8.28163799155834 0.00014910827819538948 5.758711692082287e-7 3.6176489517872247e-7 0.0010953277005683049 6.888184171716105e-6 3.7530779399830294e-6 -1.5419335328051006e-9 7.387780849019532e8 1.0400221015781745e8
15800 130237.69048719238 8.277497846357623 0.00014890554738581193 5.557332378112847e-7 3.6733731075924554e-7 0.00110093374405551 6.43451419923835e-6 4.585216639041434e-6 -1.530557562740932e-9 7.387780849019356e8 1.0400221015781787e8
16000 131891.18407024854 8.258315779589793 0.00014884753756728986 5.419584676681307e-7 3.717006619214059e-7 0.0011556195668163127 4.265872984188235e-6 4.8479389171962595e-6 -1.5282766188564206e-9 7.3877808490196e8 1.0400221015782303e8
16200 133541.31979076724 8.243928521792595 0.00014895663366553758 5.386513011700457e-7 3.743500308687701e-7 0.0012149820788636134 4.524871055178181e-6 4.519950464465516e-6 -1.5236333122228937e-9 7.387780849019535e8 1.0400221015782632e8
16400 135189.06908225548 8.234117190860848 0.0001491740146794727 5.420451483728356e-7 3.7525042579455786e-7 0.0012586214552356978 4.39139707264502e-6 3.976228930779868e-6 -1.5157883135830485e-9 7.387780849019636e8 1.0400221015783188e8
16600 136835.09345902866 8.227005618181552 0.00014941364622012747 5.467836793708427e-7 3.742266251527196e-7 0.0012837852827942697 4.016574331355827e-6 3.89312702631095e-6 -1.5136907322907858e-9 7.387780849019641e8 1.0400221015783538e8
16800 138480.20661371696 8.224989890512227 0.00014960508728056025 5.506193078975837e-7 3.709565612440382e-7 0.00130440236762297 4.201451440088988e-6 3.97889777303817e-6 -1.517730486185741e-9 7.387780849019566e8 1.040022101578423e8
17000 140125.42799960365 8.227462848591838 0.0001497153861362642 5.550998805549737e-7 3.655579084486987e-7 0.0013013222001063696 4.741185421597294e-6 3.392029214843717e-6 -1.5132529521394764e-9 7.38778084901958e8 1.0400221015784797e8
17200 141770.5835521745 8.224960757989843 0.00014977359854577015 5.642510646402928e-7 3.5889533457904647e-7 0.0013007346929043706 4.534459232985455e-6 2.874851029011083e-6 -1.5165426295881285e-9 7.387780849019434e8 1.0400221015785275e8
17400 143415.75448383827 8.227588550087733 0.00014980676566068012 5.789967396935156e-7 3.534934563795176e-7 0.001280115845020191 4.296432042139031e-6 2.7172969714328588e-6 -1.5109290383309424e-9 7.387780849019455e8 1.0400221015785484e8
17600 145061.96346600028 8.235304299480111 0.0001497917555220868 5.939495976116574e-7 3.524370110851619e-7 0.0012411811549100094 4.6125936101759635e-6 3.0256526886707213e-6 -1.5222814318919103e-9 7.387780849019505e8 1.0400221015785931e8
17800 146709.96047056039 8.245389252150979 0.0001496601355785652 6.016471977286338e-7 3.558005241200671e-7 0.0011994548249276704 5.9280588606824836e-6 3.284722993712741e-6 -1.5311763507058516e-9 7.387780849019364e8 1.0400221015786137e8
18000 148360.46164466586 8.260359259597879 0.00014941205956125127 5.981217307644924e-7 3.5954593475556655e-7 0.001144431028251347 7.208632198052456e-6 3.285012921572239e-6 -1.5314242399761658e-9 7.387780849019259e8 1.040022101578568e8
18200 150014.43968164554 8.28009970823243 0.00014913662484627164 5.856969295650726e-7 3.5959684269985054e-7 0.0010907324560776033 6.974949249283213e-6 3.509650960298316e-6 -1.535537687913017e-9 7.38778084901908e8 1.040022101578563e8
18400 151671.47003064508 8.278905108727873 0.00014893541976125976 5.720873771826643e-7 3.5511335470383975e-7 0.0010968207304813404 6.558349565422006e-6 3.0522294853785326e-6 -1.5368732408215443e-9 7.387780849019343e8 1.0400221015785386e8
18600 153325.21472893684 8.259418723510407 0.00014887067348334809 5.652046659041371e-7 3.48081238535614e-7 0.0011499553484100034 4.83798136563518e-6 3.738721607637885e-6 -1.5283332173011217e-9 7.38778084901933e8 1.040022101578497e8
18800 154975.53932958914 8.244714075764222 0.00014896304875411216 5.664854151407388e-7 3.421354694120498e-7 0.0012115816939513024 4.64200850647245e-6 4.320603665508571e-6 -1.5209708903699898e-9 7.38778084901922e8 1.040022101578461e8
19000 156623.4170246709 8.234753846381954 0.00014916366280850825 5.710356689956416e-7 3.398538158904393e-7 0.0012626876155081845 4.402471294628896e-6 4.2677626570508664e-6 -1.513829000632795e-9 7.387780849019312e8 1.0400221015783708e8
19200 158269.53580305268 8.22731362993255 0.00014939544319983846 5.742410251369948e-7 3.4026645762925683e-7 0.001280719550095455 4.040876619981759e-6 3.999210052674229e-6 -1.5166385693482647e-9 7.387780849019549e8 1.0400221015783145e8
19400 159914.67715138552 8.224965078570152 0.00014958692528050405 5.749364977307079e-7 3.410318310932096e-7 0.0013018983338497492 4.132457350980445e-6 3.807745276196428e-6 -1.5153910254537884e-9 7.387780849019055e8 1.0400221015782347e8
19600 161559.8642062093 8.227746969626681 0.0001497023827885176 5.752233683186522e-7 3.4119409731710207e-7 0.0013029287194967765 4.742307717187089e-6 3.425151044345043e-6 -1.5117556779651644e-9 7.387780849019246e8 1.0400221015781754e8
19800 163205.05426910863 8.224967333896517 0.00014976611032443247 5.794314328065427e-7 3.4120857157543445e-7 0.0013003164617657603 4.577030930263959e-6 3.3011038677033255e-6 -1.5098167408125555e-9 7.387780849019179e8 1.040022101578162e8
20000 164850.19304225207 8.22726248903904 0.0001498021593739391 5.897034762290423e-7 3.422673030618911e-7 0.0012816143766940513 4.281571684527918e-6 3.2923856357752745e-6 -1.5176696091752589e-9 7.387780849019117e8 1.040022101578125e8
20200 166496.30371984048 8.234649977619958 0.00014978965951254275 6.024047951128177e-7 3.452355644071006e-7 0.0012422692548170744 4.540916771045289e-6 3.0683628289562836e-6 -1.5229110568640105e-9 7.387780849019189e8 1.0400221015780802e8
20400 168144.17055007568 8.244586103726666 0.0001496638887983216 6.100809874905717e-7 3.5005908765404906e-7 0.0012038528252560354 5.891029527305136e-6 3.2798989784144084e-6 -1.5305693246687874e-9 7.3877808490189e8 1.0400221015780772e8
20600 169794.4790654178 8.25923932802007 0.000149421197331268 6.063020376187268e-7 3.56061241867e-7 0.0011476706824851135 7.203387046184062e-6 3.2940901670830414e-6 -1.536049575628325e-9 7.387780849019136e8 1.0400221015781035e8
20800 171448.2023635461 8.278676271562999 0.0001491465806059809 5.906314735364615e-7 3.6239131962902776e-7 0.0010913931225786655 7.024127539612124e-6 3.6735204866911175e-6 -1.539563633807214e-9 7.387780849018793e8 1.0400221015781486e8
21000 173098.1658568035 8.280425976293435 0.0001489422587497918 5.701343310726208e-7 3.681907051651827e-7 0.0010899793660428259 6.590105280368519e-6 4.605800153156814e-6 -1.5341203906827755e-9 7.387780849019014e8 1.0400221015781592e8
21200 174752.18251195096 8.260616366748883 0.00014887000906138405 5.545171855697735e-7 3.726367795377415e-7 0.0011449005353370012 4.703752278123474e-6 4.828962466785214e-6 -1.5287126702556074e-9 7.387780849018962e8 1.0400221015782142e8
21400 176402.71293632063 8.245574298313539 0.00014895511375715602 5.490383726904534e-7 3.7520943112258937e-7 0.0012069215108567732 4.719082451476453e-6 4.523134823575248e-6 -1.519880862380867e-9 7.387780849018925e8 1.040022101578274e8
21600 178050.72959756598 8.235455509604591 0.0001491512711463704 5.510418621189214e-7 3.7602372181832123e-7 0.001253216598115614 4.428260904631998e-6 3.959293536137665e-6 -1.5110103586010561e-9 7.387780849018935e8 1.0400221015783341e8
21800 179696.95366541282 8.227665515597858 0.0001493811025950623 5.551769670277984e-7 3.751519955665816e-7 0.001278464677852753 4.070916411080816e-6 3.877804747975944e-6 -1.5171275977627686e-9 7.387780849018946e8 1.0400221015783729e8
22000 181342.1298142339 8.22496250270134 0.00014957448134298156 5.586597185348098e-7 3.722841498632152e-7 0.0013032102554006997 4.0603000801553435e-6 4.0137438011011994e-6 -1.5164910206896283e-9 7.387780849018887e8 1.0400221015784308e8
22200 182987.2806219678 8.227389013400973 0.00014969251595138005 5.625361192858031e-7 3.6733717758817866e-7 0.0013039764592122083 4.7388891113442355e-6 3.5102406954479193e-6 -1.5150325090898454e-9 7.387780849018803e8 1.0400221015784578e8
22400 184632.50667964487 8.224998233092242 0.0001497573224041377 5.707212739072153e-7 3.608453787721356e-7 0.0012991815101486281 4.615321050671639e-6 2.9148318401173157e-6 -1.5120696720445761e-9 7.387780849018781e8 1.0400221015785202e8
22600 186277.61594794283 8.226938734299024 0.000149795804266779 5.847949781175029e-7 3.550000685133476e-7 0.0012844796042372764 4.265495247901541e-6 2.7156413171525173e-6 -1.5129374874228186e-9 7.387780849018786e8 1.0400221015785058e8
22800 187923.6265688685 8.233975961276817 0.000149790718387386 6.000733196623057e-7 3.5306211546190566e-7 0.00124463425072463 4.4301121007173094e-6 3.0166745876303303e-6 -1.519366898440003e-9 7.387780849018769e8 1.0400221015785415e8
23000 189571.35680542828 8.243753277501368 0.00014967590921368854 6.090353821408242e-7 3.558353400844775e-7 0.001207310900099401 5.733265896701312e-6 3.300705362918599e-6 -1.5258549692904247e-9 7.387780849018662e8 1.0400221015785185e8
23200 191221.46454594773 8.258068109654193 0.00014943947426301904 6.06986128302925e-7 3.597876397304176e-7 0.0011510505350997846 7.174206982707432e-6 3.3368008994782983e-6 -1.5349480245395054e-9 7.387780849018742e8 1.0400221015785341e8
23400 192874.92072767613 8.277180574739146 0.0001491631672557186 5.953315234064679e-7 3.6052894750950313e-7 0.001095778952276305 7.103227730231865e-6 3.545629245871318e-6 -1.538519839886487e-9 7.387780849018869e8 1.0400221015784718e8
23600 194531.90706271693 8.281872909099823 0.00014895160989355537 5.812335277964394e-7 3.567095540315753e-7 0.0010855690056814638 6.72099513998603e-6 3.285008069786599e-6 -1.5362314382457255e-9 7.387780849018564e8 1.0400221015784495e8
23800 196186.18297913397 8.261761012193602 0.00014886929900853198 5.72958992165785e-7 3.498936109846927e-7 0.001141675637654771 4.945461043348587e-6 3.617822624368827e-6 -1.5283690544474911e-9 7.387780849018705e8 1.0400221015783834e8
24000 197836.91078852324 8.24640311337908 0.00014894649566084026 5.730197378140459e-7 3.435520054853084e-7 0.0012024059619761829 4.885728112302701e-6 4.2865508036449285e-6 -1.5195527249347787e-9 7.387780849018749e8 1.0400221015783101e8
24200 199485.0606323662 8.235982834403178 0.00014913643964803642 5.771241210927184e-7 3.405903635770373e-7 0.0012504702242495114 4.4409601591688386e-6 4.3285906172751965e-6 -1.5178645046787819e-9 7.387780849018654e8 1.0400221015782484e8
24400 201131.3871277372 8.228017939126174 0.00014936568804111764 5.804079095192254e-7 3.405906464396642e-7 0.0012763160716531274 4.09791950772842e-6 4.049273371053985e-6 -1.518213585535656e-9 7.387780849018631e8 1.0400221015781541e8
24600 202776.60039698795 8.22498246778728 0.0001495635559024569 5.812434366795376e-7 3.413390617743084e-7 0.0013029852693762223 4.026461019934757e-6 3.854406612324723e-6 -1.5164842508206951e-9 7.387780849018406e8 1.0400221015781082e8
24800 204421.72166437845 8.227075426242202 0.00014968770517841934 5.812460736424955e-7 3.4176431022200096e-7 0.0013055941521997738 4.719053913859739e-6 3.4581733319161145e-6 -1.5155044516738622e-9 7.387780849018481e8 1.040022101578069e8
25000 206066.9766028083 8.225049628206161 0.0001497590618581231 5.845876984636454e-7 3.4207925599440705e-7 0.0013004437464587681 4.643861553521589e-6 3.3149692637568506e-6 -1.5135957693808938e-9 7.387780849018552e8 1.0400221015780334e8
25200 207712.0626519109 8.226657166837134 0.0001498037353222378 5.939501576249754e-7 3.431808452551351e-7 0.0012863311858382076 4.243530702163767e-6 3.320809022738791e-6 -1.5161088638079232e-9 7.38778084901842e8 1.0400221015780011e8
25400 209357.9837934292 8.233365321774242 0.0001498045692691565 6.065002481469464e-7 3.458102321061115e-7 0.001249113228823262 4.34875147714564e-6 3.1315011356225497e-6 -1.5229013986819899e-9 7.387780849018397e8 1.0400221015780304e8
25600 211005.5878528101 8.24299345643443 0.00014969622015927435 6.152107158963283e-7 3.500135750085373e-7 0.0012146171359290747 5.636219490234851e-6 3.2876901281397863e-6 -1.5317063395854116e-9 7.387780849018499e8 1.0400221015780623e8
25800 212655.5114568261 8.256990004646116 0.00014946029098736064 6.133283002434873e-7 3.5538614364372296e-7 0.0011557033540157136 7.111398643955269e-6 3.341559618008638e-6 -1.5383047624463274e-9 7.387780849018408e8 1.040022101578086e8
26000 214308.72107532158 8.275796998636162 0.00014917720514143944 5.994042683221196e-7 3.6137294945760803e-7 0.0010997051651884249 7.17217430934447e-6 3.444034808341989e-6 -1.5361766331659753e-9 7.387780849018394e8 1.0400221015781379e8
26200 215965.62933384196 8.283338953718735 0.0001489531430958276 5.794486466003158e-7 3.67323285080305e-7 0.0010824327218870167 6.737807251688821e-6 4.492009950451958e-6 -1.5370219182902253e-9 7.387780849018391e8 1.0400221015781707e8
26400 217613.14098478007 8.263002662469422 0.0001488612649216726 5.632507853281517e-7 3.7227746900484463e-7 0.0011390064273655298 5.110732029356413e-6 4.851648627846039e-6 -1.5245657758470418e-9 7.387780849018387e8 1.0400221015782194e8
26600 219264.08360305647 8.247309093240279 0.0001489300843059635 5.566185769482534e-7 3.755042866101712e-7 0.00119814292997944 4.9117485212413214e-6 4.620145840128487e-6 -1.5244273349648497e-9 7.387780849018291e8 1.0400221015782718e8
26800 220912.37995671993 8.236542162507257 0.0001491187274806051 5.578715347001517e-7 3.767786083864481e-7 0.0012448204738575441 4.722626397057894e-6 3.936408526583612e-6 -1.5171087844215625e-9 7.3877808490181e8 1.0400221015783378e8
27000 222558.81777492145 8.22841709295879 0.00014935016663533143 5.617579044832707e-7 3.761085971527524e-7 0.0012741842499508493 4.1183609336137295e-6 3.8984937382746665e-6 -1.5142509322144998e-9 7.387780849018166e8 1.0400221015783621e8
27200 224204.07535409834 8.225027626680466 0.00014955270896643114 5.650983007524803e-7 3.732553648072463e-7 0.0013020966175645299 4.0467861457393894e-6 4.039444193804087e-6 -1.516910820287299e-9 7.387780849018313e8 1.0400221015783772e8
27400 225849.16992393354 8.22676514470506 0.00014967951433059144 5.685099864944512e-7 3.682741499677228e-7 0.0013063366529877385 4.67876476983875e-6 3.6232652744772054e-6 -1.5103410261741594e-9 7.387780849018255e8 1.0400221015784214e8
27600 227494.450409873 8.225128224026689 0.0001497493173044681 5.758307551267609e-7 3.61753629251165e-7 0.0013011881637794431 4.687268975178682e-6 2.9522776803236894e-6 -1.5176251040982926e-9 7.387780849018202e8 1.0400221015784259e8
27800 229139.51647534446 8.226380849228708 0.00014979302455514777 5.892706351005401e-7 3.556664857106958e-7 0.001288482230165755 4.237227222203543e-6 2.733227231210833e-6 -1.514801298544329e-9 7.387780849017981e8 1.040022101578441e8
28000 230785.3469820582 8.232738013057862 0.00014979919535324207 6.048719940697343e-7 3.532155991614573e-7 0.0012520962295639038 4.246595996626468e-6 2.96583525560834e-6 -1.5219119613801217e-9 7.387780849017922e8 1.0400221015784162e8
28200 232432.81874638025 8.242207110098601 0.00014970391694013434 6.151805039880764e-7 3.556368454408416e-7 0.0012145677383159637 5.538468020427345e-6 3.302560690032763e-6 -1.5267874472729792e-9 7.38778084901799e8 1.0400221015783979e8
28400 234082.55072769953 8.255863747411585 0.0001494826054024012 6.148669705783049e-7 3.598084681775711e-7 0.0011602840136220038 7.059401386344533e-6 3.357400841452751e-6 -1.533681804546257e-9 7.387780849018024e8 1.0400221015784088e8
28600 235735.5020255352 8.274344222397238 0.00014920665590575512 6.043782643694041e-7 3.611533862521562e-7 0.001103108146253362 7.3619425848825415e-6 3.5169431217285663e-6 -1.5417700144876327e-9 7.387780849018126e8 1.0400221015783505e8
28800 237392.28635712882 8.284921868377351 0.00014897859490529925 5.901921777551829e-7 3.578734374914573e-7 0.0010783833981804491 6.768456588090999e-6 3.3013673836901347e-6 -1.5321897215566245e-9 7.387780849018141e8 1.040022101578314e8
29000 239047.11017056258 8.264188749351055 0.00014887555667131213 5.80754487515125e-7 3.5119427138182725e-7 0.001132229504719362 5.3042723431317995e-6 3.4837128541909124e-6 -1.5274507730998927e-9 7.387780849017887e8 1.040022101578272e8
29200 240698.2586300634 8.24818094410402 0.0001489302110774756 5.795907200131667e-7 3.444636423017762e-7 0.0011918948321181233 4.969881683081212e-6 4.225640630739491e-6 -1.52155523874009e-9 7.387780849017895e8 1.0400221015782236e8
29400 242346.69686032535 8.237089231876448 0.00014910700709545996 5.831384913046019e-7 3.409257020279601e-7 0.00124386057564152 5.108863212921477e-6 4.361927123941456e-6 -1.51591048447641e-9 7.38778084901798e8 1.0400221015781918e8
29600 243993.2411788109 8.228813883167295 0.00014933359268554553 5.86405446106842e-7 3.4069300504464193e-7 0.0012729743900763424 4.145740007288623e-6 4.089296785858565e-6 -1.517399058750148e-9 7.387780849018023e8 1.040022101578116e8
29800 245638.54480323748 8.225092388122656 0.0001495382318103169 5.87373010995358e-7 3.415249559271998e-7 0.001309389218022261 4.1275864384182626e-6 3.89828273283932e-6 -1.515529156314057e-9 7.387780849017884e8 1.040022101578097e8
30000 247283.61879327067 8.226496283924401 0.0001496697278107399 5.872505032698962e-7 3.420446042747557e-7 0.0013116410627844743 4.655040976242475e-6 3.4750926352078437e-6 -1.5151445316710032e-9 7.387780849017868e8 1.0400221015780623e8
30200 248928.9183609594 8.225224393483055 0.0001497425668285064 5.900237480917128e-7 3.423011755596369e-7 0.0013039953776114999 4.7109475533879674e-6 3.30204690068836e-6 -1.5138221945687126e-9 7.387780849017859e8 1.040022101578005e8
30400 250573.97014282673 8.226143788982478 0.00014978927071948288 5.988135958277998e-7 3.4318116030722097e-7 0.0012894777935343882 4.223534582958877e-6 3.3231916523636384e-6 -1.5190687674307784e-9 7.387780849017863e8 1.0400221015780088e8
30600 252219.7200069723 8.232171162904352 0.0001497994577812648 6.114551780622787e-7 3.455559408610748e-7 0.0012556126791878341 4.2278630989489585e-6 3.1689486624242313e-6 -1.5200384566591883e-9 7.387780849017701e8 1.0400221015779848e8
30800 253867.06960533964 8.241490824869812 0.00014971174522751836 6.212491918217977e-7 3.49567980402778e-7 0.0012158554900452145 5.431387721133163e-6 3.266401662149754e-6 -1.526305576284726e-9 7.387780849017785e8 1.0400221015779842e8
31000 255516.62601750868 8.254827708618022 0.00014949713166699874 6.211558200764716e-7 3.548252689456577e-7 0.001162813239488969 6.991220350416327e-6 3.36661298361296e-6 -1.5369705300325692e-9 7.387780849017591e8 1.0400221015780331e8
31200 257169.3389782454 8.273000773136566 0.0001492237805459143 6.087787244440689e-7 3.60777236881455e-7 0.0011064325794905017 7.336482456210547e-6 3.2700426776388625e-6 -1.5358234910338697e-9 7.387780849017535e8 1.0400221015780583e8
31400 258825.96874989374 8.286427123199681 0.00014899113608079579 5.891490823186855e-7 3.668183433661589e-7 0.0010723490011059766 6.799772989563024e-6 4.418494851221588e-6 -1.5359199201763554e-9 7.387780849017633e8 1.0400221015780959e8
31600 260474.05691109019 8.265474188962264 0.00014888161806740253 5.718392214112707e-7 3.719992929624309e-7 0.001130882043071324 5.497079278216077e-6 4.799881592632005e-6 -1.5280287764902339e-9 7.387780849017824e8 1.0400221015781546e8
31800 262125.42912964337 8.24913254170893 0.0001489257361200644 5.634844918277178e-7 3.7550635493509765e-7 0.00118949076681929 4.895437030416616e-6 4.678041614525341e-6 -1.5241494825721976e-9 7.387780849017423e8 1.040022101578186e8
32000 263774.0231340827 8.237695494091552 0.0001490942729475704 5.634544440063267e-7 3.7700754934932196e-7 0.001242016627202247 5.144430065051608e-6 4.031242787028155e-6 -1.5164091854313407e-9 7.387780849017777e8 1.0400221015782672e8
32200 265420.68304374005 8.229260106324862 0.000149317095054706 5.667271194180482e-7 3.765503502081243e-7 0.001272261675012487 4.168451696262565e-6 3.915875190330098e-6 -1.5131979594432168e-9 7.387780849017627e8 1.0400221015783118e8
32400 267066.0404570427 8.22518518401567 0.00014952228056082628 5.697798493178441e-7 3.7394681253029494e-7 0.0012993462894428376 4.026249654565106e-6 4.044265369707034e-6 -1.513640083491056e-9 7.387780849017667e8 1.0400221015783598e8
32600 268711.0972927279 8.226233711950057 0.00014965737923864868 5.728094252806171e-7 3.6922957603075235e-7 0.0013067063246126054 4.6744604924597866e-6 3.702798111016037e-6 -1.513141122170357e-9 7.387780849017582e8 1.0400221015784045e8
32800 270356.4119699092 8.225350715342236 0.00014973260322042082 5.794565812770494e-7 3.6288328210246205e-7 0.00130100196793137 4.728045121638047e-6 3.198489944122862e-6 -1.5125885570899044e-9 7.387780849017518e8 1.0400221015783976e8
33000 272001.45330609294 8.225915037163729 0.00014978054638683337 5.923933618124303e-7 3.566044884886839e-7 0.0012911639305457356 4.208589634790982e-6 2.761659728900412e-6 -1.5136366642758942e-9 7.387780849017549e8 1.0400221015783867e8
33200 273647.12198809284 8.231590730724928 0.0001497955589110518 6.083412460503682e-7 3.5353572371967696e-7 0.0012578809519254719 4.250803579131102e-6 2.922163961083246e-6 -1.515365298659586e-9 7.387780849017347e8 1.040022101578405e8
33400 275294.34358771687 8.240751036369799 0.00014971832780598325 6.199494081287589e-7 3.5539384336022763e-7 0.0012195221190722805 5.300601898294843e-6 3.3293189218852604e-6 -1.5219703292590967e-9 7.387780849017298e8 1.040022101578377e8
33600 276943.7175523179 8.253746571471357 0.00014951487804175297 6.213381953855279e-7 3.595950522391835e-7 0.0011680252771384403 6.902163937727579e-6 3.373709287712856e-6 -1.5324638632584664e-9 7.387780849017377e8 1.0400221015783577e8
33800 278596.18103087984 8.271591188345031 0.00014924569580545478 6.120584438351768e-7 3.614725625721143e-7 0.0011119278517526254 7.377297207789013e-6 3.4547020683062257e-6 -1.5367471711422497e-9 7.387780849017352e8 1.040022101578299e8
34000 280252.6054560232 8.288051309944128 0.0001490082448223633 5.978379113714378e-7 3.587869618361284e-7 0.0010700093091600138 6.815030157758528e-6 3.3267238910283936e-6 -1.5364841155659384e-9 7.387780849017363e8 1.0400221015782134e8
34200 281907.9937309972 8.266701463918762 0.00014888959408759453 5.871303890517789e-7 3.5242094563071393e-7 0.001127513297888072 5.651004629125822e-6 3.3702122561596326e-6 -1.5296259515275068e-9 7.387780849017287e8 1.0400221015781465e8
34400 283559.5802056063 8.250047266103463 0.00014892191519064215 5.844455865316e-7 3.455072734993804e-7 0.00118582481741214 4.831447585562643e-6 4.179623002364963e-6 -1.5249395644102286e-9 7.387780849017205e8 1.0400221015781024e8
34600 285208.324791171 8.238286650482886 0.00014908115180548367 5.871138157552742e-7 3.4146104735966255e-7 0.0012397686184613121 5.269253404716068e-6 4.403128090579855e-6 -1.5177670517819248e-9 7.387780849017414e8 1.0400221015780327e8
34800 286855.09523075115 8.229701123158511 0.00014929990484382054 5.901030186631508e-7 3.4087253028119654e-7 0.0012712266016023932 4.194189011652583e-6 4.109198617152643e-6 -1.5141963480149004e-9 7.387780849017432e8 1.0400221015780155e8
35000 288500.50759133394 8.225294659876658 0.00014950661228405726 5.910152179548966e-7 3.41610165396503e-7 0.0012977874800981226 4.049370690761833e-6 3.904409412003318e-6 -1.5132476574771407e-9 7.387780849017186e8 1.0400221015779707e8
35200 290145.5528001476 8.22600958708095 0.00014964601628556556 5.907448907998616e-7 3.4212389563668983e-7 0.0013068250279957283 4.776596884692452e-6 3.502289429802019e-6 -1.511411410128443e-9 7.387780849017158e8 1.040022101577922e8
35400 291790.8767627403 8.225491691137577 0.00014972493249587824 5.930553130573462e-7 3.423539249633458e-7 0.0013000363987885066 4.742543858959891e-6 3.27654210413586e-6 -1.5163135281130223e-9 7.387780849017261e8 1.0400221015778996e8
35600 293435.91276536806 8.22572259034487 0.00014977544531011354 6.013314262768149e-7 3.431442259704065e-7 0.001292170014949079 4.191296827382729e-6 3.315939945292435e-6 -1.5128003811544954e-9 7.38778084901716e8 1.0400221015779296e8
35800 295081.50966732326 8.23106781638382 0.00014979317264116583 6.140554126842169e-7 3.4540615435240133e-7 0.0012602584149590257 4.267046435302291e-6 3.192121725198449e-6 -1.5166310058184216e-9 7.387780849016991e8 1.04002210157795e8
36000 296728.6131145792 8.24007840461398 0.00014972327067558155 6.249133453748829e-7 3.493096913337211e-7 0.0012215834615290078 5.176010819951671e-6 3.2425754847853483e-6 -1.523455138758694e-9 7.387780849017081e8 1.0400221015779498e8
36200 298377.82010940457 8.252752802596667 0.00014952624835410364 6.266159104569824e-7 3.54444547155558e-7 0.0011710288390531787 6.8036355649336855e-6 3.3766919124156303e-6 -1.5345412891771444e-9 7.387780849017097e8 1.0400221015779938e8
36400 300030.0535267787 8.270288159644121 0.00014925930698701426 6.158695727087211e-7 3.6025009451907903e-7 0.0011159598261656356 7.435178743353532e-6 3.1992289741822333e-6 -1.5359612599426453e-9 7.387780849017012e8 1.0400221015780212e8
36600 301686.2469524376 8.289595447851909 0.00014901749846371663 5.967221389207698e-7 3.661914893589193e-7 0.0010644763935943047 6.811135286888259e-6 4.329863837249093e-6 -1.5392419863607886e-9 7.387780849017003e8 1.0400221015780641e8
36800 303334.9277095675 8.2680303656997 0.00014889160842640267 5.784577040685119e-7 3.714311315879284e-7 0.001124882122667259 5.789390184141041e-6 4.821765752116569e-6 -1.5268494583582548e-9 7.387780849017173e8 1.040022101578135e8
37000 304986.74683291145 8.251044207483677 0.00014891455860624895 5.684358711245844e-7 3.7517594077640484e-7 0.0011828689318917895 4.617139969465001e-6 4.671462198180265e-6 -1.5235066433194414e-9 7.387780849016966e8 1.0400221015782063e8
37200 306635.65640974825 8.238939651854237 0.00014906735100458774 5.67077153317051e-7 3.7699598884367897e-7 0.0012380511113860848 5.420548412349291e-6 4.085662952846292e-6 -1.519247377151224e-9 7.387780849016851e8 1.0400221015782535e8
37400 308282.5467103513 8.230194341124664 0.00014928314867741126 5.697079527415356e-7 3.7690061190622857e-7 0.0012669760446897271 4.222550665122782e-6 3.927918056256807e-6 -1.5164454729530554e-9 7.387780849016978e8 1.0400221015783225e8
37600 309928.0223290914 8.225435064885142 0.00014949165957857112 5.725204616041598e-7 3.746551421759201e-7 0.001295341577133513 4.083512046282323e-6 4.034598862334704e-6 -1.5108599093050334e-9 7.387780849017003e8 1.0400221015783602e8
37800 311573.05992401566 8.225794724833564 0.00014963517093973647 5.752414717778953e-7 3.7020476325155585e-7 0.0013046775027305557 4.830794550603201e-6 3.760750314718564e-6 -1.5089960407498975e-9 7.387780849016644e8 1.0400221015784085e8
38000 313218.38855846756 8.225665676588966 0.00014971578958098794 5.812204809395748e-7 3.639713620250974e-7 0.001301890385320803 4.747367311708217e-6 3.2042934076104146e-6 -1.5136884942938518e-9 7.38778084901689e8 1.040022101578417e8
38200 314863.4236448857 8.225541387905453 0.00014976741543056514 5.935653929887332e-7 3.574693654125097e-7 0.001291835444590106 4.1866846403060265e-6 2.7952311243417682e-6 -1.5157122628480594e-9 7.387780849016752e8 1.0400221015783818e8
38400 316508.94882199017 8.230534329302607 0.00014978970162279336 6.097456003084361e-7 3.537792000986677e-7 0.0012629534735424386 4.283464115406588e-6 2.867745839574276e-6 -1.5198600982108536e-9 7.387780849016781e8 1.0400221015783481e8
38600 318155.9285752788 8.239385356646192 0.00014972880877801978 6.225966405049093e-7 3.550336651583151e-7 0.0012245629684457526 5.0440326244682865e-6 3.341042755566903e-6 -1.5256196800002822e-9 7.387780849016682e8 1.0400221015782891e8
38800 319804.96233988216 8.251717021369892 0.00014954148015611308 6.25749230370019e-7 3.5920544584113145e-7 0.0011756601127217436 6.699119590392044e-6 3.376057111648123e-6 -1.5353269065080326e-9 7.38778084901665e8 1.0400221015782183e8
39000 321456.9551648124 8.268922041237463 0.00014927835178858522 6.178759625145719e-7 3.615948405562645e-7 0.0011194451556093554 7.4888057643995865e-6 3.38930179066832e-6 -1.539192016235065e-9 7.387780849017074e8 1.0400221015781601e8
39200 323112.86211006425 8.2907964246631 0.00014903318009048158 6.039588882226345e-7 3.595234409586214e-7 0.0010653721133166982 6.799022561398971e-6 3.3962681041943554e-6 -1.5407345910391848e-9 7.38778084901674e8 1.0400221015780896e8
39400 324768.83106107695 8.269298559377203 0.00014889800740984673 5.924160609429088e-7 3.5352020581852887e-7 0.0011202922771644808 5.920602666797947e-6 3.199459112757097e-6 -1.5309498439742501e-9 7.38778084901656e8 1.0400221015780188e8
39600 326420.872806516 8.252001586999782 0.00014891008377314688 5.886157309619252e-7 3.4647969705291794e-7 0.0011763167058234103 4.704325192839143e-6 4.070297085378982e-6 -1.524182345135388e-9 7.387780849016645e8 1.0400221015779626e8
39800 328069.9416312007 8.239574737376648 0.00014905313635474372 5.907262353934578e-7 3.419319881352582e-7 0.0012338959354565304 5.537687252754608e-6 4.386956110602469e-6 -1.5165031157325106e-9 7.387780849016621e8 1.0400221015779392e8
40000 329716.9464881337 8.230679502107968 0.0001492638666005695 5.937151601865592e-7 3.409755400422994e-7 0.001267357073174935 4.266700326382988e-6 4.108124507240518e-6 -1.513646235110943e-9 7.387780849016653e8 1.0400221015778674e8
40200 331362.4859460684 8.225589233432528 0.00014947144989284927 5.948053750711801e-7 3.416648484979787e-7 0.001294092138095948 4.0489709074442715e-6 3.917601052005892e-6 -1.5128819340307917e-9 7.38778084901665e8 1.0400221015778926e8
40400 333007.5208675774 8.22561536126378 0.00014961813048927112 5.944746217108512e-7 3.422441873559546e-7 0.0013051198836819822 4.875603992982036e-6 3.573922585209388e-6 -1.5060896768722342e-9 7.387780849016409e8 1.0400221015778682e8
40600 334652.8489890607 8.22585142581344 0.0001497011077006673 5.962365503906646e-7 3.42477634039501e-7 0.0012997042028928263 4.753958476211295e-6 3.221768660160995e-6 -1.5133580752371705e-9 7.387780849016502e8 1.0400221015778713e8
40800 336297.8876912792 8.22539358284036 0.00014975600601970255 6.038554477610516e-7 3.431322253516517e-7 0.001293767599918283 4.2272043816460325e-6 3.2743820091198084e-6 -1.5139356430293594e-9 7.387780849016656e8 1.0400221015778963e8
41000 337943.34996398696 8.230055454673929 0.00014978519372143393 6.165476251917288e-7 3.4517320686731726e-7 0.0012676782889684546 4.299625588899403e-6 3.1811798362757493e-6 -1.5155797694570778e-9 7.387780849016544e8 1.0400221015779392e8
41200 339590.2155859717 8.23875654136794 0.0001497357103364075 6.284248584598709e-7 3.4887528094988293e-7 0.0012259756726962223 5.055506437479096e-6 3.2058414657920586e-6 -1.5248519585084354e-9 7.387780849016427e8 1.0400221015779608e8
41400 341239.09101814526 8.250765738448058 0.00014955902767018245 6.320532288630785e-7 3.538707113829359e-7 0.0011828524968677812 6.599433384435471e-6 3.371764169757263e-6 -1.5340199421437434e-9 7.387780849016335e8 1.0400221015780213e8
41600 342890.86210625747 8.267659701371864 0.00014929852609487374 6.233027230712104e-7 3.5959934914395196e-7 0.001125660236539261 7.490828929590521e-6 3.2358677416466364e-6 -1.5423786510592738e-9 7.387780849016502e8 1.0400221015780368e8
41800 344546.4865407615 8.289237908703868 0.00014904806096465378 6.051557715835376e-7 3.6552021634082234e-7 0.0010689787125102157 6.778949945829282e-6 4.284205858184897e-6 -1.5395269236697397e-9 7.387780849016161e8 1.0400221015780924e8
42000 346195.75082030636 8.27067063171992 0.0001489014684051283 5.864363629379861e-7 3.708539704260032e-7 0.0011130275602226902 6.0601178337726935e-6 4.726292753165495e-6 -1.5290720085186598e-9 7.38778084901635e8 1.0400221015781389e8
42200 347848.03405328206 8.253043653836095 0.0001488993917929262 5.751082509406536e-7 3.7481042483869614e-7 0.001171754335246078 4.381912198425653e-6 4.739753012961145e-6 -1.5234485003888323e-9 7.387780849016299e8 1.0400221015781766e8
42400 349497.2770493059 8.24027432417997 0.00014903280238530136 5.726749774688107e-7 3.7689524024737283e-7 0.0012304246972689725 5.58518949711484e-6 4.230804359628415e-6 -1.5156277569261938e-9 7.387780849016378e8 1.0400221015782046e8
42600 351144.4060286924 8.23121956006507 0.00014923967219543656 5.749074604889001e-7 3.771156878287871e-7 0.0012659750118473312 4.259522686567152e-6 3.94699469485893e-6 -1.5120387306361534e-9 7.387780849016255e8 1.0400221015782312e8
42800 352790.01818975 8.225777161888805 0.00014945052257755865 5.777555196792548e-7 3.752544546690127e-7 0.0012924955431117269 4.028760498542283e-6 4.041192145143313e-6 -1.516021440497197e-9 7.387780849016353e8 1.0400221015782629e8
43000 354435.0550289487 8.225448206455063 0.00014960335968564116 5.804767569057601e-7 3.7116856483503487e-7 0.0013063129656529782 4.852141627154083e-6 3.8633910595109455e-6 -1.5124178978583529e-9 7.387780849016337e8 1.0400221015782705e8
43200 356080.3773894345 8.226073044631482 0.00014969069506685177 5.860001249773452e-7 3.6521437815043684e-7 0.0012985808327812265 4.759223612094132e-6 3.1839014241752395e-6 -1.5158281428449923e-9 7.387780849016213e8 1.0400221015782595e8
43400 357725.4247077382 8.225259984658107 0.00014974745799729242 5.977307065276036e-7 3.5868958174370335e-7 0.0012952147126270575 4.275856543500822e-6 2.918451953881629e-6 -1.5125437138724688e-9 7.387780849016254e8 1.0400221015782517e8
43600 359370.8247306946 8.229569032318308 0.00014978066937865823 6.139630781035197e-7 3.544750568891453e-7 0.0012679361527716537 4.3076968738731125e-6 2.8132009377568323e-6 -1.515697147275098e-9 7.387780849016141e8 1.0400221015782073e8
43800 361017.57096655254 8.238110346083088 0.00014974151451273092 6.278982296047036e-7 3.550038143212792e-7 0.0012286808837416174 5.007497741349454e-6 3.2958399573956854e-6 -1.5267430443800044e-9 7.387780849016181e8 1.0400221015781702e8
44000 362666.28241469554 8.24977549079898 0.0001495765152336195 6.327647162327163e-7 3.589129048213649e-7 0.0011831824347154907 6.487554801815065e-6 3.3797330540874526e-6 -1.5344723180937052e-9 7.387780849016043e8 1.040022101578132e8
44200 364317.8218431273 8.266337303538437 0.00014932235374381456 6.263556986170567e-7 3.6165981647770026e-7 0.0011269349301983311 7.482412538006855e-6 3.2853689154732635e-6 -1.5374778110925117e-9 7.387780849015936e8 1.0400221015780967e8
44400 365973.1496934713 8.287598956322546 0.00014907078492179906 6.127899634061269e-7 3.6015023702436243e-7 0.0010718798287143727 6.75189476173621e-6 3.4686699577068936e-6 -1.5356038552783128e-9 7.387780849015945e8 1.0400221015780284e8
44600 367629.61960129987 8.271979469720623 0.00014891449144263728 6.002751292631728e-7 3.5454148613750377e-7 0.001111551922349463 6.178081731977869e-6 3.141666179984348e-6 -1.5332073405812181e-9 7.387780849016069e8 1.0400221015779671e8
44800 369282.133774414 8.254043482604201 0.00014890081625686455 5.95011230979991e-7 3.4746341719653713e-7 0.0011671255035707873 4.742579643224332e-6 3.918504573485748e-6 -1.522881026975083e-9 7.38778084901612e8 1.0400221015778956e8
45000 370931.5446504295 8.240953197486377 0.00014902447018054135 5.962238365602433e-7 3.4249344179009717e-7 0.0012267779259218514 5.620437171227621e-6 4.323548299378643e-6 -1.5205032854156567e-9 7.387780849015892e8 1.0400221015779017e8
45200 372578.79220623616 8.23174874421101 0.00014922623026036974 5.990702007916616e-7 3.411703745483515e-7 0.0012647550161091203 4.301562528841174e-6 4.145107103559198e-6 -1.514724092914857e-9 7.387780849015837e8 1.0400221015778437e8
45400 374224.4770803139 8.2259759637787 0.0001494355448084897 6.004048044779209e-7 3.417652927570875e-7 0.0012910017719605094 4.053407442805579e-6 3.953642138787572e-6 -1.5145913676356131e-9 7.387780849015869e8 1.040022101577817e8
45600 375869.5201944977 8.225313613791554 0.00014959162243206254 6.002725104308367e-7 3.423402101121417e-7 0.0013064720510556072 4.825630090632416e-6 3.6717153677479075e-6 -1.5125617456377567e-9 7.387780849015893e8 1.040022101577843e8
45800 377514.8322445762 8.226303547171744 0.00014968183340160414 6.01733765990284e-7 3.425144944389079e-7 0.0012981719626168342 4.75264577559642e-6 3.257609518581006e-6 -1.5104662969277947e-9 7.387780849015741e8 1.0400221015778017e8
46000 379159.89213107 8.225156870594752 0.00014974117935214859 6.086444921307836e-7 3.429979816979361e-7 0.00129630286619431 4.33180512970921e-6 3.2696881251681464e-6 -1.5172174219186871e-9 7.387780849015919e8 1.0400221015778299e8
46200 380805.23814145976 8.229134308480592 0.00014977811151863557 6.209195669443787e-7 3.448205338123615e-7 0.0012707177158972627 4.3137521041902716e-6 3.2039887816331936e-6 -1.515383943768131e-9 7.387780849015872e8 1.0400221015778452e8
46400 382451.8742722861 8.237525476862665 0.00014974752813797046 6.332460602248003e-7 3.483726597827547e-7 0.0012314112229887542 4.998111948761874e-6 3.197687608480493e-6 -1.520255222408626e-9 7.387780849015718e8 1.0400221015778987e8
46600 384100.4360574899 8.248866886022338 0.0001495921329640264 6.382119389846924e-7 3.5331452698274614e-7 0.001187044530752246 6.376663046925302e-6 3.4037148629595393e-6 -1.5284349446955447e-9 7.387780849015805e8 1.0400221015779431e8
46800 385751.7621184806 8.265115910557249 0.00014934257514325416 6.3098281705365e-7 3.590416744568069e-7 0.0011304760855637142 7.498904905478554e-6 3.3179440357411494e-6 -1.5369439971335045e-9 7.387780849015701e8 1.0400221015780057e8
47000 387406.81543434603 8.28607918898499 0.0001490879840349397 6.134971847232959e-7 3.6499749661423613e-7 0.001075826012311154 6.715125404843647e-6 4.142924105443591e-6 -1.5389011034360111e-9 7.387780849015728e8 1.0400221015780486e8
47200 389056.52369633765 8.273394402180335 0.00014892421514736324 5.940565082576707e-7 3.7044930739395996e-7 0.0011082696146331728 6.291380270084801e-6 4.755732153416403e-6 -1.5325009299630313e-9 7.387780849015802e8 1.0400221015781401e8
47400 390709.2881397681 8.255130424911455 0.0001489002706606309 5.811345822034447e-7 3.7460208300976737e-7 0.0011624877195117733 4.3324144995970926e-6 4.77227179707107e-6 -1.5269182935154475e-9 7.387780849015826e8 1.0400221015781611e8
47600 392358.8823235865 8.241699184134275 0.00014901544271994513 5.773101363851645e-7 3.769117920968576e-7 0.001223334716314639 5.664942142491469e-6 4.380775827539374e-6 -1.5175238141566493e-9 7.387780849015522e8 1.0400221015782225e8
47800 394006.2582554014 8.23233551026071 0.0001492130219928973 5.788699239320069e-7 3.773896647035706e-7 0.0012631710494588333 4.2964786715060654e-6 3.914227191148534e-6 -1.516495948494682e-9 7.38778084901565e8 1.0400221015782292e8
48000 395652.0252575945 8.226211346555239 0.0001494233252239549 5.815316654134044e-7 3.758486762798157e-7 0.001288496478991874 4.01175373410112e-6 3.997126864607736e-6 -1.5148444378975462e-9 7.387780849015533e8 1.0400221015782224e8
48200 397297.0798131438 8.22519415611625 0.000149582548178299 5.840685110498716e-7 3.7206114758670207e-7 0.001309647819653037 4.792064105085814e-6 3.890990644572767e-6 -1.5111580405535647e-9 7.387780849015675e8 1.0400221015782456e8
48400 398942.375674497 8.226572747856128 0.00014967463541532418 5.889618252549641e-7 3.6628748621019204e-7 0.0012977402614069433 4.738441501839219e-6 3.248157930846318e-6 -1.51481195535351e-9 7.387780849015359e8 1.0400221015781964e8
48600 400587.4537055735 8.22507089068504 0.00014973407970227947 5.998186905756392e-7 3.5966272924949925e-7 0.001305980963024922 4.401601253700704e-6 2.900261079630262e-6 -1.5114794716666678e-9 7.387780849015636e8 1.0400221015781884e8
48800 402232.74695097405 8.228695033523492 0.0001497726931402132 6.157587651923669e-7 3.549244148980042e-7 0.0012730007642858254 4.306966760792008e-6 2.769231406851702e-6 -1.516400642179572e-9 7.387780849015449e8 1.0400221015781325e8
49000 403879.26800692535 8.236926264340305 0.00014974918713673796 6.304510148851231e-7 3.547900426266729e-7 0.0012323463520260702 4.8151403104768065e-6 3.1655510867034664e-6 -1.5200975661498505e-9 7.387780849015704e8 1.0400221015780692e8
49200 405527.67508692865 8.247922368062756 0.00014960292314372128 6.368515064676647e-7 3.585082780737401e-7 0.0011893436274021951 6.278466932574389e-6 3.387427071510629e-6 -1.534484060398405e-9 7.387780849015582e8 1.0400221015780331e8
49400 407178.77846677345 8.26383749412992 0.00014935761392564302 6.319645516874212e-7 3.616989860822173e-7 0.0011354578748523636 7.4652989203727316e-6 3.3239583948629914e-6 -1.537452920316518e-9 7.387780849015408e8 1.0400221015779766e8
49600 408833.54377726204 8.284481970744652 0.00014910121918564108 6.190631101731606e-7 3.6081386821130175e-7 0.0010787373025777924 6.768504718701607e-6 3.4658027474598896e-6 -1.5371201163883713e-9 7.387780849015269e8 1.0400221015778977e8
49800 410490.35683078814 8.274743600700852 0.0001489296539309539 6.060152812514299e-7 3.556119763874576e-7 0.0011037841529741854 6.381572067226671e-6 3.093073211446473e-6 -1.529984066932953e-9 7.38778084901553e8 1.0400221015778744e8
50000 412143.36048176716 8.256172480358055 0.00014889617097993665 5.996048643998956e-7 3.485079385815277e-7 0.0011571375664516381 4.809978816133764e-6 3.8913972488785475e-6 -1.5260988104473796e-9 7.387780849015574e8 1.0400221015778069e8
50200 413793.1311395029 8.24242168562121 0.00014900405906206185 5.999977818568323e-7 3.4314233137843296e-7 0.0012212327733323036 5.658450740408938e-6 4.3873295791918565e-6 -1.5176050439688032e-9 7.387780849015238e8 1.040022101577794e8
50400 415440.6296607437 8.232908600403313 0.00014919777249868367 6.026132124946484e-7 3.414554394765048e-7 0.0012633619455755252 4.312642436055114e-6 4.251848557679239e-6 -1.518418270122004e-9 7.387780849015195e8 1.0400221015777339e8
50600 417086.47823270556 8.22645472775627 0.00014940886371549115 6.040168901623616e-7 3.419622080155548e-7 0.0012874579433628242 4.030744553684684e-6 3.945169373853474e-6 -1.5180954653880283e-9 7.387780849015146e8 1.0400221015777294e8
50800 418731.54800704075 8.225104341701941 0.00014957212118243187 6.038688811163577e-7 3.4259219303306066e-7 0.0013061459192158509 4.715383703057796e-6 3.717173853390321e-6 -1.5146387029937747e-9 7.387780849015326e8 1.0400221015777372e8
51000 420376.82376252866 8.226847968321412 0.0001496676344247028 6.048629880909912e-7 3.428056889333946e-7 0.0012998640274872741 4.727445617191961e-6 3.2822922875208604e-6 -1.5122981179238231e-9 7.387780849015164e8 1.0400221015777259e8
51200 422021.9233132362 8.225012493326771 0.000149728459367968 6.110075819928073e-7 3.432018108350811e-7 0.0012981192851384549 4.464220619393444e-6 3.3191682740144057e-6 -1.5143147354681927e-9 7.387780849015242e8 1.0400221015777697e8
51400 423667.1714494935 8.228304551101694 0.0001497696618118384 6.229148546304844e-7 3.4480604205846366e-7 0.0012750942269121879 4.314080233269735e-6 3.278029248557357e-6 -1.5164324809883907e-9 7.387780849015248e8 1.04002210157783e8
51600 425313.5864309892 8.236385475913963 0.00014975252069392758 6.358185870453232e-7 3.4812433409152855e-7 0.0012358824337752594 4.791254426983471e-6 3.110827711372277e-6 -1.525934951357068e-9 7.387780849015144e8 1.0400221015778631e8
51800 426961.852550832 8.247056638877734 0.00014961503110721424 6.423243658113117e-7 3.5289963382816384e-7 0.001191696059095193 6.194011910931607e-6 3.353165969333105e-6 -1.5245512360461743e-9 7.387780849015138e8 1.0400221015779427e8
52000 428612.7509782782 8.262657306650743 0.00014937341242368302 6.36959772173277e-7 3.58548150501383e-7 0.0011377653411273059 7.475711631954596e-6 3.3215368488992425e-6 -1.5392563931070907e-9 7.387780849014959e8 1.0400221015779819e8
52200 430267.24978830415 8.283001270267574 0.0001491146431645465 6.206326284554157e-7 3.6450279968794275e-7 0.0010831789500116429 6.849035205425125e-6 4.0117895242497426e-6 -1.542761261905926e-9 7.387780849015043e8 1.040022101578083e8
52400 431924.1723139026 8.276112242436787 0.00014893492515075473 6.009427037368901e-7 3.700899017625119e-7 0.0011005097117049445 6.470972828687138e-6 4.753493853648649e-6 -1.5329944035008296e-9 7.387780849014904e8 1.0400221015781248e8
52410 432000.0 1.3474321073736064 0.00014892936126755112 6.001205783968757e-7 3.7032242471955036e-7 0.0011032877532670682 6.410964785041884e-6 4.759585869651417e-6 -1.530697228873798e-9 7.387780849015094e8 1.040022101578128e8
