#timestep time dt l2_h l2_h_vcon1 l2_h_vcon2 linf_h linf_h_vcon1 linf_h_vcon2 dsdu_ut entropy h_squared 
0 0.0 100.0 0.0 0.0 0.0 0.0 0.0 0.0 2.265438696654419e-12 6.049694847635326e8 1.230477225183268e8
200 3425.0991019578737 17.125495483476495 9.950200335246324e-7 3.24166895211986e-8 1.0906008692396665e-8 2.8781114451703615e-5 9.158458498248478e-7 6.100642238049403e-7 2.3245377518265336e-12 6.049694847635281e8 1.2304772251832747e8
400 6850.198199008605 17.125495482948207 1.2050442963701105e-6 5.663741152310805e-8 1.8973785855241636e-8 3.005339385708794e-5 1.7045574976504163e-6 8.332216552275895e-7 1.824658747584815e-12 6.049694847635219e8 1.2304772251832831e8
600 10275.297296643766 17.125495512055757 1.4245121090385926e-6 7.598604131190135e-8 2.4784360967594453e-8 4.423220889293589e-5 2.6020127678050287e-6 8.925167485074326e-7 1.650242502432201e-12 6.049694847635162e8 1.230477225183331e8
800 13700.396396725322 17.125495493911114 1.60815192554926e-6 9.20843582992029e-8 2.937538720017865e-8 5.244972635409795e-5 3.758416642907214e-6 1.2205918680230354e-6 2.018963779069228e-12 6.049694847635703e8 1.2304772251833214e8
1000 17125.495499516743 17.125495515180077 1.7683987247685284e-6 1.0561832720992969e-7 3.3005460769096464e-8 5.781984327768441e-5 4.812822983701892e-6 1.5721930641809934e-6 1.6997202773728765e-12 6.049694847635435e8 1.2304772251832591e8
1200 20550.59460355349 17.125495532834083 1.8989415103611636e-6 1.1732818620996493e-7 3.610395314665616e-8 6.207648766576312e-5 5.570557744749571e-6 1.8863812031866267e-6 1.8281609529106627e-12 6.049694847635528e8 1.2304772251833077e8
1400 23975.693710357315 17.125495537582246 2.0063199993714993e-6 1.2766276626326776e-7 3.8842785438151145e-8 6.226378172868863e-5 5.998148619901222e-6 2.1530173041073297e-6 1.2688728088624971e-12 6.049694847635548e8 1.230477225183204e8
1600 27400.792817723257 17.125495535397402 2.101743206742929e-6 1.368200004267003e-7 4.1356339069992035e-8 6.274217048485298e-5 6.138956979317989e-6 2.3817848968654687e-6 1.1878380926335322e-12 6.049694847635425e8 1.2304772251832682e8
1800 30825.89192511663 17.12549553593716 2.1777864437568042e-6 1.4505950369890735e-7 4.375959409113898e-8 6.646621113759466e-5 6.057952576909997e-6 2.592451492117176e-6 1.4668572211946326e-12 6.049694847635454e8 1.2304772251832269e8
2000 34250.99103103515 17.125495522271798 2.238901575198363e-6 1.5258044071204429e-7 4.617605947760734e-8 6.869042044854723e-5 5.798190794270575e-6 2.7645295559708405e-6 1.3947603594822103e-12 6.049694847635518e8 1.2304772251833113e8
2200 37676.09013270701 17.125495494741013 2.2912621697235113e-6 1.5954342805725647e-7 4.856677603315846e-8 6.99662650731625e-5 5.510194201419072e-6 2.931357623053854e-6 1.1737415601546046e-12 6.049694847635313e8 1.2304772251832758e8
2400 41101.18923035349 17.125495482691683 2.3346309190998187e-6 1.660475358488268e-7 5.104915317379812e-8 7.050878048175946e-5 5.904919009480647e-6 3.0771827617959158e-6 1.4170566704785418e-12 6.049694847635573e8 1.2304772251832587e8
2600 44526.28832637954 17.125495477229066 2.371848207405086e-6 1.721523215505563e-7 5.3523493429163415e-8 7.073773667798378e-5 6.224783129116229e-6 3.2166129817212674e-6 8.731428426318807e-13 6.049694847635478e8 1.2304772251832889e8
2800 47951.387420378254 17.125495464577526 2.4088816751304393e-6 1.7789331296006673e-7 5.586960103468091e-8 7.080967407091521e-5 6.46307951168712e-6 3.330542730051178e-6 1.0703537986437426e-12 6.049694847635432e8 1.2304772251833078e8
3000 51376.48651404447 17.125495468680565 2.444836336410168e-6 1.832941640388989e-7 5.813048929377269e-8 7.102044764906168e-5 6.614747266486809e-6 3.425160977066355e-6 1.5187070005580718e-12 6.049694847635467e8 1.2304772251832815e8
3200 54785.58522018108 17.125495466287642 2.4793466482565823e-6 1.883512396448644e-7 6.040947470389263e-8 7.162081783462781e-5 6.662276915925247e-6 3.519721394867892e-6 1.5141875570810799e-12 6.049694847635162e8 1.230477225183296e8
3400 58210.68431331932 17.125495465039986 2.51569754409181e-6 1.932232222857675e-7 6.274736889166316e-8 7.222754175018054e-5 6.612582539811118e-6 3.578658599651119e-6 9.59611439487063e-13 6.049694847635347e8 1.2304772251833351e8
3600 61635.78340642758 17.12549546659198 2.549316642251221e-6 1.9783414260242265e-7 6.501700774014212e-8 7.257853758346755e-5 6.469858879254442e-6 3.6561627542730513e-6 1.2046087808244858e-12 6.049694847635205e8 1.2304772251832668e8
3800 65060.88250000266 17.125495468117204 2.58180331205284e-6 2.023030253805538e-7 6.693152833143751e-8 7.273966366483364e-5 6.22516423959274e-6 3.72022709882458e-6 1.284087594329354e-12 6.049694847635363e8 1.2304772251832512e8
4000 68485.98159383179 17.12549547050986 2.6111916737404324e-6 2.065994647392906e-7 6.870903714311425e-8 7.307759187824558e-5 6.098849528624051e-6 3.7596866906131066e-6 1.2265906808974972e-12 6.049694847635146e8 1.2304772251832795e8
4200 71911.08068833982 17.125495472736358 2.6388661622541583e-6 2.106894150301257e-7 7.047349960836915e-8 7.36033616703935e-5 6.389642724258238e-6 3.797629745172504e-6 1.1150295699173333e-12 6.049694847635365e8 1.2304772251832798e8
4400 75336.17978280089 17.125495473237446 2.6644580784821153e-6 2.1460858934556957e-7 7.237686247159139e-8 7.395483225991484e-5 6.556566889359683e-6 3.838006820661155e-6 1.475583413509774e-12 6.049694847635581e8 1.2304772251833032e8
4600 78761.27887683593 17.125495471852723 2.6898231624376717e-6 2.1836180555320433e-7 7.458506266896222e-8 7.438573811668903e-5 6.815243883573352e-6 3.865438753997141e-6 9.598940598144057e-13 6.049694847635369e8 1.2304772251833047e8
4800 82186.37797092988 17.12549546429709 2.715595228299629e-6 2.2194467092922478e-7 7.71395339122338e-8 7.432316851918586e-5 6.876752413342846e-6 3.890702218400932e-6 6.434426360651969e-13 6.049694847635255e8 1.2304772251832242e8
5000 85611.47706617179 17.125495485365608 2.740475523602719e-6 2.2532509656723633e-7 8.005705128286066e-8 7.407486555166543e-5 7.066562074442562e-6 3.898468208751726e-6 1.4986083794981961e-12 6.049694847635264e8 1.2304772251832432e8
5200 89036.57616071183 17.125495463540727 2.76368821315934e-6 2.2856167051463276e-7 8.314778325535601e-8 7.42484498914564e-5 7.069989811869792e-6 3.9353992996871145e-6 1.2676466613970763e-12 6.049694847635511e8 1.230477225183246e8
5400 92461.67525427292 17.125495470775782 2.7883688836270426e-6 2.3174019067901217e-7 8.633453359340193e-8 7.415173968183808e-5 7.144006364034894e-6 3.9605506008677516e-6 1.29360862425573e-12 6.049694847635524e8 1.230477225183284e8
5600 95886.77434852121 17.125495469694478 2.812052033089483e-6 2.348566078130203e-7 8.96485144406161e-8 7.441876732627861e-5 7.067026267182364e-6 3.95507585315702e-6 9.568712984851816e-13 6.049694847635188e8 1.2304772251832637e8
5800 99311.87344181364 17.125495469418507 2.833102967040323e-6 2.3790775653474276e-7 9.298797383934275e-8 7.420566907967441e-5 6.811270540640901e-6 3.955627369156556e-6 1.0243183497587756e-12 6.049694847635275e8 1.2304772251833077e8
6000 102736.97253705974 17.12549547954518 2.851846071368611e-6 2.409348315723045e-7 9.618959582367985e-8 7.344301047851332e-5 6.783011388122873e-6 3.956769277418948e-6 7.902540021184468e-13 6.049694847635778e8 1.230477225183226e8
6200 106146.07134851915 17.12549547012247 2.8726229885203283e-6 2.439726810723898e-7 9.910253067110812e-8 7.730886864010245e-5 6.461937764545844e-6 3.96194046159426e-6 1.2505616313877316e-12 6.049694847635372e8 1.23047722518323e8
6400 109571.17044049055 17.125495453507863 2.8955970997173027e-6 2.4707529116665726e-7 1.0170995386278816e-7 7.97135380707914e-5 6.306258824972932e-6 3.9589345496859885e-6 9.330755746151534e-13 6.049694847635571e8 1.2304772251832254e8
6600 112996.26953208397 17.12549546624203 2.919315388228615e-6 2.5018955776092323e-7 1.0406833077928157e-7 7.855626972741447e-5 6.467078996499898e-6 3.946073868610345e-6 1.2895210981192346e-12 6.04969484763542e8 1.2304772251832907e8
6800 116421.36862773648 17.12549548937459 2.943047702766645e-6 2.5326880931593287e-7 1.0623710618476401e-7 7.744896902295295e-5 6.71514382592775e-6 3.941572025434326e-6 1.2155380694776526e-12 6.04969484763541e8 1.2304772251833135e8
7000 119846.46772628285 17.12549548986627 2.9685561012340154e-6 2.5630691084557733e-7 1.0828212321396944e-7 7.857400851207785e-5 7.117182157595492e-6 4.264907568954368e-6 9.128515855718244e-13 6.04969484763543e8 1.2304772251831909e8
7200 123271.56682201943 17.125495467463683 2.995634321238882e-6 2.5929630545092703e-7 1.1032256719114176e-7 7.802294385328423e-5 7.535991384463592e-6 4.573780851363507e-6 1.1762609244415832e-12 6.04969484763534e8 1.2304772251833005e8
7400 126696.66591391807 17.12549545303627 3.0220262635668752e-6 2.622147593439819e-7 1.1243575390539692e-7 7.62689614930423e-5 7.970392316369868e-6 4.412221014826745e-6 9.956774567098565e-13 6.049694847635367e8 1.2304772251832646e8
7600 130121.765003939 17.125495449492302 3.0436988727225482e-6 2.6505270939293857e-7 1.1460219021474428e-7 7.777805330988485e-5 8.420085152616164e-6 4.391326442185206e-6 1.7498633060572656e-12 6.049694847635368e8 1.2304772251832773e8
7800 133546.8640946557 17.1254954587604 3.061816533933196e-6 2.677955709746396e-7 1.1676818104073713e-7 7.787751383148134e-5 8.881511512057183e-6 4.848270516333297e-6 3.2024218113088574e-13 6.049694847635211e8 1.2304772251832467e8
8000 136971.9631867444 17.125495462203215 3.0815539885365435e-6 2.704617158743507e-7 1.1884661526180866e-7 7.728413766017184e-5 9.349267540578743e-6 4.855107424595051e-6 8.755728928177315e-13 6.049694847635223e8 1.2304772251833186e8
8200 140397.06227975365 17.125495471033897 3.108506443066147e-6 2.730951244739463e-7 1.208098316677212e-7 7.77120039856527e-5 9.819165425542509e-6 4.486126519195888e-6 9.966532424364754e-13 6.049694847635367e8 1.2304772251832506e8
8400 143822.16137557433 17.125495483311 3.1446491579233327e-6 2.7574020032349447e-7 1.226643976640749e-7 7.795583405822981e-5 1.028941003958228e-5 4.582889640794563e-6 1.0145498433842588e-12 6.049694847635355e8 1.2304772251832782e8
8600 147247.26047194315 17.125495480768787 3.1887706401235394e-6 2.7843358816450034e-7 1.244092767275505e-7 7.83254381531151e-5 1.075909644057682e-5 4.842039603922266e-6 1.1511119145320062e-12 6.049694847635249e8 1.230477225183285e8
8800 150672.3595680229 17.125495481033663 3.2367076448322116e-6 2.8115609855106253e-7 1.2607363221984598e-7 7.866115265642293e-5 1.1215035171457943e-5 4.7014137795758915e-6 9.169967809266988e-13 6.049694847635392e8 1.2304772251832129e8
9000 154097.45866386621 17.12549547638749 3.2813508350989513e-6 2.8388248064818706e-7 1.27695394900427e-7 7.926588114059996e-5 1.1647619242868834e-5 4.3399652893544305e-6 1.4031356101238945e-12 6.049694847635491e8 1.2304772251832621e8
9200 157506.55747387424 17.12549545754999 3.3176540855758945e-6 2.8657697747733187e-7 1.2926949050225578e-7 7.994103179953527e-5 1.2051986611250065e-5 4.642756812514581e-6 8.920651704372361e-13 6.049694847635458e8 1.230477225183261e8
9400 160931.656562825 17.12549543304189 3.344429602370871e-6 2.8923946790587637e-7 1.3078501713390966e-7 8.035539940465242e-5 1.2433941276659977e-5 5.1193304276969664e-6 1.1540640765040306e-12 6.049694847635443e8 1.2304772251832509e8
9600 164356.7556480137 17.12549542159874 3.3649979227931492e-6 2.918422071678597e-7 1.3220551972380513e-7 8.047492337937001e-5 1.2788167921135019e-5 5.462941990663772e-6 1.0664995565568795e-12 6.049694847635384e8 1.2304772251832348e8
9800 167781.85473175137 17.125495416689134 3.3825685405326476e-6 2.943759246755269e-7 1.3347965863938171e-7 8.056211481743958e-5 1.3109677426167976e-5 5.013829602565356e-6 8.158051764785523e-13 6.049694847635405e8 1.2304772251832913e8
10000 171206.9538154893 17.125495422352365 3.400894338867884e-6 2.9684272504032516e-7 1.3454558183381744e-7 8.062576853262726e-5 1.3395179235736743e-5 4.70010731901116e-6 1.1193701622190754e-12 6.049694847635559e8 1.2304772251832801e8
10200 174632.05290121725 17.125495437556964 3.4284675077959245e-6 2.992697085651337e-7 1.3537754199429628e-7 8.058347884798422e-5 1.368531162877773e-5 4.858245451863641e-6 1.1737918912547829e-12 6.049694847635493e8 1.2304772251833262e8
10400 178057.15199189287 17.125495469417633 3.4690866648203314e-6 3.016778535231283e-7 1.36013623406604e-7 8.079000872385222e-5 1.3994386439092343e-5 4.5584197928966175e-6 1.2124579957755358e-12 6.049694847635444e8 1.2304772251832813e8
10600 181482.25108737344 17.12549548181654 3.5269551860940424e-6 3.0406562045433327e-7 1.3650585983687825e-7 8.089396214927547e-5 1.427844519515109e-5 3.961354845392895e-6 9.081416717748422e-13 6.049694847635286e8 1.2304772251832831e8
10800 184907.35018553017 17.12549550695224 3.6031976718031535e-6 3.064545289694517e-7 1.3691207529424681e-7 7.968782301759347e-5 1.4538567964642035e-5 3.9494989092433985e-6 1.0505908800348284e-12 6.049694847635326e8 1.2304772251833004e8
11000 188332.4492912184 17.125495530532312 3.6930793049378583e-6 3.088712719369768e-7 1.3730719255926585e-7 7.876201016188134e-5 1.4768341891041592e-5 3.986667329390625e-6 1.0964530124252498e-12 6.049694847635229e8 1.2304772251832524e8
11200 191757.54839611377 17.12549552492125 3.7962278528693772e-6 3.113354101480095e-7 1.3774650376556963e-7 7.815063690941315e-5 1.496522627141006e-5 4.0627264393661155e-6 3.8338437090783954e-13 6.049694847635429e8 1.2304772251833181e8
11400 195182.6475000196 17.125495503200636 3.9085664614043375e-6 3.1384366552818165e-7 1.3826482146355388e-7 8.209526095015462e-5 1.5193808237029538e-5 4.104993627268572e-6 7.305522355173413e-13 6.049694847635429e8 1.2304772251832008e8
11600 198607.74659839916 17.12549548394294 4.025001829261971e-6 3.163831426617504e-7 1.3887110947952218e-7 8.472429908579215e-5 1.540697548701314e-5 4.165396689397027e-6 1.2168846081373822e-12 6.049694847635492e8 1.2304772251832303e8
11800 202032.8456939341 17.125495472015512 4.137065042548394e-6 3.1894172942857066e-7 1.3957577927520473e-7 8.549306767235976e-5 1.5590017314048854e-5 4.228540303526096e-6 8.904769489657017e-13 6.049694847635359e8 1.2304772251832996e8
12000 205457.94478675714 17.125495453925762 4.239889493003479e-6 3.215096300606614e-7 1.403945276631132e-7 8.463232006761245e-5 1.574605167482812e-5 4.291594887607941e-6 1.043820086516675e-12 6.049694847635738e8 1.2304772251832798e8
12200 208867.04359840695 17.125495433320083 4.322490403487513e-6 3.2407281751532094e-7 1.4134050928097522e-7 8.503401113557629e-5 1.587944228200605e-5 4.351252158862895e-6 1.1730866672111422e-12 6.049694847635455e8 1.2304772251832683e8
12400 212292.1426850217 17.125495436284762 4.389846749204388e-6 3.2664704315995603e-7 1.4244006851656464e-7 8.622446875961032e-5 1.600091262488057e-5 4.408772565085706e-6 1.0832432679666523e-12 6.049694847635343e8 1.230477225183271e8
12600 215717.24177359918 17.125495445454856 4.443785640375984e-6 3.2922342468653154e-7 1.4369702755639904e-7 8.695276846992783e-5 1.6117304349749784e-5 4.465674442302725e-6 1.056493856689242e-12 6.04969484763535e8 1.2304772251832348e8
12800 219142.34086046254 17.125495421276835 4.484451396681047e-6 3.318183256955234e-7 1.4511700072217014e-7 8.71677439135965e-5 1.62279096082088e-5 4.660609001276572e-6 1.077215465704224e-12 6.049694847635368e8 1.2304772251832639e8
13000 222567.43994133105 17.125495386736006 4.5166683813790115e-6 3.3444019923476577e-7 1.4670366607190213e-7 8.67177532200003e-5 1.6332600080139204e-5 5.026075326083901e-6 1.019609179610841e-12 6.049694847635474e8 1.2304772251832183e8
13200 225992.5390186817 17.12549539541479 4.538226545050103e-6 3.3709151054674953e-7 1.4844929655336196e-7 8.581605470681097e-5 1.643422635803915e-5 4.929773450491892e-6 1.1633018946274397e-12 6.049694847635151e8 1.2304772251832871e8
13400 229417.63810094874 17.125495430712874 4.554810525142993e-6 3.397618579463445e-7 1.5033873832095318e-7 8.5800373199163e-5 1.6534823887047467e-5 4.682005235782938e-6 1.077887018324539e-12 6.049694847635403e8 1.2304772251833436e8
13600 232842.73719193644 17.12549547649224 4.5626159343125125e-6 3.424233614767515e-7 1.5235615556909618e-7 8.776031245361082e-5 1.663468395146639e-5 4.720427263425753e-6 1.1032156895511298e-12 6.049694847635322e8 1.2304772251832697e8
13800 236267.83629093165 17.12549550467515 4.564007658689286e-6 3.4504018533253445e-7 1.5447126805735427e-7 8.957245518104173e-5 1.678289147523382e-5 4.7462639445466914e-6 1.134701031365826e-12 6.04969484763532e8 1.230477225183288e8
14000 239692.93538996024 17.1254954830273 4.560457194837223e-6 3.4758096890434453e-7 1.5663776323705603e-7 9.120695358433295e-5 1.698811430578956e-5 4.7567422023844785e-6 7.631286700597271e-13 6.049694847635185e8 1.2304772251831983e8
14200 243118.03448440038 17.125495465330822 4.5545681633442336e-6 3.500175356669864e-7 1.5881659653667296e-7 9.277438766730484e-5 1.719423302585371e-5 4.751400967097086e-6 6.548192958043518e-13 6.049694847635363e8 1.2304772251832975e8
14400 246543.1335775129 17.125495466940663 4.553311723608778e-6 3.523333677109282e-7 1.6096544335222246e-7 9.394345943292137e-5 1.7394483515446868e-5 4.993679521544947e-6 1.1131439863236225e-12 6.049694847635138e8 1.2304772251832843e8
14600 249968.23267123787 17.125495470525056 4.560930694717864e-6 3.54537692749649e-7 1.630627209054244e-7 9.486594899499323e-5 1.758061763172669e-5 5.26904845429832e-6 1.0169300341023437e-12 6.049694847635314e8 1.2304772251832892e8
14800 253393.33176573535 17.12549547539444 4.583465362440006e-6 3.566574893012275e-7 1.6511413637646278e-7 9.566356311552227e-5 1.7747671166919166e-5 5.4120572472657336e-6 1.2370520653805943e-12 6.049694847635345e8 1.2304772251832694e8
15000 256818.43085920595 17.125495450948545 4.623079945642831e-6 3.587185319873691e-7 1.6715487851107871e-7 9.643605699238833e-5 1.789344516454211e-5 5.4352615753774924e-6 4.3155647732900705e-13 6.049694847635357e8 1.2304772251832539e8
15200 260227.5297254218 17.125495419435666 4.6850745643890896e-6 3.607359628949079e-7 1.6922007514463883e-7 9.710265658213757e-5 1.801574261487554e-5 5.358339870663309e-6 7.636293033606315e-13 6.049694847635351e8 1.2304772251832858e8
15400 263652.6288067389 17.125495393490482 4.771183813816624e-6 3.627470026354832e-7 1.713828792340456e-7 9.777573723113164e-5 1.811293288850324e-5 5.199778055284265e-6 6.536054276062523e-13 6.049694847635415e8 1.230477225183239e8
15600 267077.7278825307 17.125495366379496 4.884430260587014e-6 3.6476010300916404e-7 1.7366948364164884e-7 9.903180398396216e-5 1.8181692168189878e-5 5.115063140135462e-6 1.2335167489629899e-12 6.049694847635583e8 1.2304772251831818e8
15800 270502.82695523073 17.12549536509969 5.026244350802447e-6 3.6679536033910125e-7 1.760939166791864e-7 0.00010075343379867263 1.8218894497212812e-5 5.141554198350579e-6 1.0915819279164969e-12 6.049694847635266e8 1.2304772251832755e8
16000 273927.926029044 17.125495371089436 5.196428996459073e-6 3.6886067025995137e-7 1.7864272114192867e-7 0.00010228861538053025 1.822289583829767e-5 5.369738736230034e-6 1.0756527557348621e-12 6.049694847635373e8 1.2304772251832838e8
16200 277353.0251030839 17.125495371294047 5.396157203932004e-6 3.709559440875036e-7 1.8128780741481926e-7 0.00010378240040154196 1.8321812353283562e-5 5.44289406307491e-6 7.950515438886702e-13 6.049694847635359e8 1.2304772251833354e8
16400 280778.12417861394 17.12549538675566 5.625826620648751e-6 3.730790444233487e-7 1.840054243788006e-7 0.0001055650591297308 1.8457535925490987e-5 5.747145171430823e-6 9.740571963717978e-13 6.049694847635193e8 1.230477225183349e8
16600 284203.2232583582 17.125495409723563 5.882928307735664e-6 3.7523101087241595e-7 1.8677769711423056e-7 0.00010695263517845888 1.8573833505106108e-5 5.988423342984106e-6 1.0618820380133125e-12 6.049694847635328e8 1.2304772251832719e8
16800 287628.3223420244 17.125495425980475 6.1676328456051945e-6 3.774308131434329e-7 1.8960738979030246e-7 0.0001087533437384991 1.8670208612667216e-5 6.28300019929473e-6 8.175399569849895e-13 6.049694847635391e8 1.2304772251832822e8
17000 291053.42142883234 17.125495443523963 6.476636864801306e-6 3.7969638034248294e-7 1.9252789171042545e-7 0.00011052522313548252 1.8745181361592977e-5 6.525349468579356e-6 1.005237571683895e-12 6.049694847635422e8 1.2304772251832552e8
17200 294478.52052054123 17.125495475665122 6.808367610473968e-6 3.820327297415399e-7 1.955809625469782e-7 0.00011214064579689875 1.8797341659985978e-5 6.934708159003766e-6 1.2764473466103324e-12 6.04969484763556e8 1.2304772251832916e8
17400 297903.61961899325 17.125495506743373 7.158972610615358e-6 3.8443923080754536e-7 1.9880862019426512e-7 0.00011377114242350217 1.882624771640945e-5 7.231659987047556e-6 9.371323435112405e-13 6.049694847635342e8 1.2304772251833588e8
17600 301328.7187227932 17.125495531438858 7.526129639642319e-6 3.8692208593066805e-7 2.02248653680817e-7 0.00011478114174678922 1.8831265131663555e-5 7.386213523488672e-6 1.0550396564914385e-12 6.049694847635328e8 1.2304772251832993e8
17800 304753.81783164584 17.125495559028725 7.908401117695299e-6 3.894901853824071e-7 2.059391542466583e-7 0.00011550289491424337 1.8808884210692878e-5 7.458451401147481e-6 1.12367703788522e-12 6.049694847635235e8 1.2304772251832725e8
18000 308178.91694681876 17.125495594040796 8.301796503504563e-6 3.921521457752331e-7 2.0991593376800266e-7 0.00011575076496228576 1.8769272399757342e-5 7.946739782070666e-6 1.183910185561287e-12 6.049694847635278e8 1.2304772251832458e8
18200 311588.0158591026 17.125495594638128 8.704759119982586e-6 3.9490788203369674e-7 2.1418762046290733e-7 0.0001155874015239533 1.884461575575591e-5 8.293758473172652e-6 7.638822244726186e-13 6.049694847635357e8 1.2304772251832652e8
18400 315013.11497528176 17.125495568380426 9.117141141640395e-6 3.9779387898322807e-7 2.1881938592621257e-7 0.00011497634477564134 1.8886465221336357e-5 8.495000872819902e-6 9.0964849757179e-13 6.049694847635306e8 1.230477225183346e8
18600 318438.2140868074 17.125495548601496 9.539345536684937e-6 4.0081380001217697e-7 2.2379659657411368e-7 0.00011406028352212161 1.889302012684363e-5 8.544708365657017e-6 7.233115311526673e-13 6.049694847635329e8 1.2304772251832691e8
18800 321863.3131948579 17.125495529935105 9.967495729457473e-6 4.0398185294822e-7 2.2912113763426309e-7 0.00011474588609416969 1.8865126292150203e-5 8.458629762043979e-6 1.1755118036860492e-12 6.04969484763536e8 1.2304772251833276e8
19000 325288.41229828715 17.12549550613102 1.04022650935195e-5 4.073260936656638e-7 2.347800661132941e-7 0.00011518662358867005 1.880545586047111e-5 8.888038725354819e-6 9.64405825757252e-13 6.049694847635481e8 1.2304772251832843e8
19200 328713.51139808266 17.1254954925493 1.0841519558643358e-5 4.1086898120268406e-7 2.4075856755678994e-7 0.00011561481005628593 1.871642073730806e-5 9.248822432819659e-6 1.1129585074566e-12 6.049694847635322e8 1.2304772251833259e8
19400 332138.61049462267 17.1254954702951 1.1287252259076817e-5 4.1463195253137525e-7 2.4704286094996176e-7 0.00011742770948330872 1.859981688243778e-5 9.533304050249325e-6 1.2120673358082597e-12 6.049694847635388e8 1.2304772251833044e8
19600 335563.7095864917 17.125495451096292 1.1738134966631308e-5 4.1863437427010385e-7 2.5364047176727516e-7 0.00011958529648836702 1.846159983216744e-5 9.67353160520601e-6 1.0592168576497736e-12 6.049694847635493e8 1.2304772251832983e8
19800 338988.8086752329 17.125495434800172 1.2197179720037275e-5 4.2289656280303216e-7 2.6057093100674037e-7 0.00012116262041672599 1.8355717954360307e-5 9.666840542030264e-6 7.866478622401327e-13 6.049694847635286e8 1.2304772251832655e8
20000 342413.90775963996 17.12549540828278 1.2666417154041896e-5 4.274370483062122e-7 2.678591916011162e-7 0.00012247076301719062 1.8231220987152685e-5 9.516437168510805e-6 8.353545073031769e-13 6.049694847635263e8 1.2304772251833473e8
20200 345839.00683844613 17.125495379510152 1.3148410330268063e-5 4.3228312440819874e-7 2.755538036248352e-7 0.00012357328705547843 1.8091827833396912e-5 9.985617377798739e-6 7.959365753916557e-13 6.049694847635432e8 1.2304772251832682e8
20400 349264.1059110731 17.125495346876964 1.3648292104970793e-5 4.3746776007329147e-7 2.837258653316383e-7 0.0001259461041627219 1.7941758332126745e-5 1.0413723443625234e-5 1.1923860208034454e-12 6.049694847635504e8 1.2304772251832457e8
20600 352689.20497758884 17.125495319424555 1.4170884736949323e-5 4.4302941563436564e-7 2.92451065854863e-7 0.00012913497994304635 1.7786352090397306e-5 1.0707785827575311e-5 9.279870130957698e-13 6.049694847635449e8 1.230477225183245e8
20800 356114.30403906445 17.12549529602286 1.4721567031007438e-5 4.490118019138071e-7 3.017907624627033e-7 0.00013209895223553758 1.7631232346715375e-5 1.0862296434641094e-5 7.484318846971972e-13 6.049694847635192e8 1.2304772251832688e8
21000 359539.4030961421 17.12549527553946 1.530726777958578e-5 4.554620045391569e-7 3.118118399461898e-7 0.00013508920710592065 1.7714527921285084e-5 1.087530926000696e-5 1.0459330375777654e-12 6.049694847635357e8 1.2304772251833339e8
21200 362948.50198104326 17.12549526047412 1.593207049604869e-5 4.62397985306953e-7 3.2252163380265313e-7 0.0001378354681946803 1.786089157927717e-5 1.1007283007305468e-5 1.2963806652337848e-12 6.04969484763551e8 1.2304772251832668e8
21400 366373.60102788656 17.125495207550838 1.6608066555819603e-5 4.6992572462913e-7 3.340423469109602e-7 0.00014058999477128964 1.7946043017844082e-5 1.1437699306067473e-5 1.0076949189382593e-12 6.049694847635157e8 1.2304772251832926e8
21600 369798.7000647452 17.125495163033815 1.7341145970213383e-5 4.780519881283144e-7 3.463334153067349e-7 0.00014338981236505788 1.796552177535382e-5 1.173352484547946e-5 7.728673535529501e-13 6.049694847635477e8 1.2304772251832491e8
21800 373223.79909342155 17.12549512516141 1.8138634324953456e-5 4.868253841688722e-7 3.594086346203625e-7 0.0001481225663155783 1.7916520540568748e-5 1.1888371930501851e-5 9.16587097341403e-13 6.049694847635472e8 1.2304772251832509e8
22000 376648.8981154519 17.125495097140593 1.901047431589254e-5 4.96298069479832e-7 3.732787932163578e-7 0.00015384608559543267 1.7797429104612905e-5 1.1942423971185445e-5 1.208267736677356e-12 6.049694847635572e8 1.2304772251832643e8
22200 380073.9971329952 17.125495079613923 1.996396561234945e-5 5.065158835873967e-7 3.879604341348053e-7 0.00015926929154375102 1.7607323423554644e-5 1.2131848124381783e-5 9.685993559927242e-13 6.049694847635261e8 1.2304772251832743e8
22400 383499.0961483376 17.12549507702046 2.100908160086469e-5 5.175374471506652e-7 4.034884442049003e-7 0.0001643278283154359 1.762666571906296e-5 1.2404896357620654e-5 1.197331884892572e-12 6.049694847635338e8 1.230477225183278e8
22600 386924.19516484754 17.125495090853928 2.2154621481911383e-5 5.294443331823584e-7 4.1993328682493845e-7 0.0001689094351604581 1.767193715425386e-5 1.2634255253260451e-5 1.0597387079878462e-12 6.049694847635283e8 1.2304772251833047e8
22800 390349.29418606404 17.125495124552224 2.3408286715455086e-5 5.423435572154436e-7 4.3740745526410586e-7 0.0001729791474645026 1.765928761443547e-5 1.2707290383259795e-5 1.1238612298258142e-12 6.049694847635549e8 1.2304772251833028e8
23000 393774.3932156511 17.125495173229915 2.4779556955202147e-5 5.563798758008208e-7 4.5607804421940296e-7 0.0001763564650900662 1.7590215983673274e-5 1.2616609853043081e-5 9.176070873424113e-13 6.049694847635548e8 1.230477225183279e8
23200 397199.492256148 17.12549523331665 2.6276785118818527e-5 5.717366063395788e-7 4.76158768242338e-7 0.0001788138488336699 1.7590856856222747e-5 1.2356703018308324e-5 8.395018200923452e-13 6.049694847635438e8 1.2304772251833782e8
23400 400624.59131058055 17.125495315600734 2.7907558823592895e-5 5.886235868129239e-7 4.97881581584162e-7 0.0001864147161541041 1.7737719007093755e-5 1.2517030978209664e-5 1.0408696471122697e-12 6.049694847635622e8 1.2304772251833181e8
23600 404049.6903836697 17.12549541557341 2.9681235443664672e-5 6.072662527159536e-7 5.215041552200278e-7 0.0001978350010176655 1.802489347361297e-5 1.2736595710386572e-5 8.05765404441164e-13 6.049694847635568e8 1.2304772251833029e8
23800 407474.78947759455 17.125495524472623 3.160643743869292e-5 6.278990407815587e-7 5.472798907265995e-7 0.00021028069932071958 1.837079245969528e-5 1.2799438818072995e-5 9.632842648575727e-13 6.049694847635235e8 1.2304772251833141e8
24000 410899.88859383547 17.125495637646974 3.369122290555123e-5 6.507486344196031e-7 5.754392952971276e-7 0.00022411414283851627 1.8727491831401627e-5 1.2695467295559953e-5 1.0890459293402065e-12 6.049694847635261e8 1.2304772251832557e8
24200 414324.9877328817 17.12549575310479 3.594674853588754e-5 6.760232760370288e-7 6.061704912088415e-7 0.00023893334218882956 1.908310909409447e-5 1.2417074517084153e-5 9.273866847127693e-13 6.04969484763569e8 1.2304772251833495e8
24400 417734.087264644 17.125495877286053 3.836919951000624e-5 7.037586929755044e-7 6.394537799712639e-7 0.0002548911652411334 1.942230078582144e-5 1.1962907651201504e-5 1.176446017125011e-12 6.049694847635331e8 1.2304772251833253e8
24600 421159.18645289657 17.125496003772774 4.099262801453698e-5 7.343473284307831e-7 6.756942278910372e-7 0.0002719383428484434 1.9731944497926313e-5 1.1328760921709008e-5 8.152571423923399e-13 6.04969484763528e8 1.2304772251833533e8
24800 424584.2856654875 17.125496118660674 4.38170593607772e-5 7.677506006286901e-7 7.147849364759777e-7 0.00029037952845101245 1.99933982527635e-5 1.0523608514896587e-5 7.610535205958748e-13 6.049694847635546e8 1.230477225183271e8
25000 428009.3848995702 17.125496219789138 4.685347501754092e-5 8.040246623889156e-7 7.567237650114664e-7 0.00031127675902098417 2.0189464200726787e-5 1.0327510111266675e-5 8.495834346181304e-13 6.04969484763539e8 1.2304772251832846e8
25200 431434.48415283416 17.125496299571523 5.011525106338976e-5 8.431957715573449e-7 8.015028530705886e-7 0.0003355993158038473 2.0303792224046074e-5 1.0264518792796329e-5 3.9890435149760856e-13 6.049694847635455e8 1.2304772251833066e8
25400 434859.58339379315 17.125496101981664 5.3614493717188374e-5 8.852827252303107e-7 8.49122833749365e-7 0.0003602383367251605 2.032232804925066e-5 1.0096214773921974e-5 9.536431029339348e-13 6.049694847635456e8 1.230477225183232e8
25600 438284.68259013706 17.125495855574044 5.736556740524883e-5 9.303194431819487e-7 8.99627854503977e-7 0.00038535191924893297 2.0232365720546097e-5 9.828283132243265e-6 9.102606606235066e-13 6.049694847635467e8 1.2304772251833405e8
25800 441709.7817333103 17.125495572332653 6.138460893967044e-5 9.783970769420783e-7 9.531404215213871e-7 0.00041059507202589884 2.0024679824769825e-5 9.46950898527213e-6 1.0217199379512686e-12 6.049694847635446e8 1.2304772251833127e8
26000 445134.8808164933 17.12549525497848 6.568571639590932e-5 1.029676522355306e-6 1.0098715914852042e-6 0.00043639082468871493 1.9692264493074985e-5 9.032236485722461e-6 1.1815767196319888e-12 6.049694847635572e8 1.2304772251833278e8
26200 448559.9798326769 17.125494903475587 7.028793808534221e-5 1.0844140468828005e-6 1.0701422809733637e-6 0.0004681132359110052 1.923236983851495e-5 8.837742910834667e-6 8.160358755866891e-13 6.049694847635684e8 1.2304772251832777e8
26400 451985.07877613837 17.125494531343758 7.520712318599987e-5 1.142981750412701e-6 1.134387732629662e-6 0.000502479781061993 1.9042155442690334e-5 8.981140749951544e-6 1.3339017973158759e-12 6.049694847635409e8 1.2304772251833053e8
26600 455410.17764445255 17.125494154222004 8.046410245770232e-5 1.2058642647598734e-6 1.2031548897901377e-6 0.0005397809673013398 1.8805031280998835e-5 8.985532690318487e-6 8.265945997100007e-13 6.049694847635646e8 1.2304772251833293e8
26800 458835.2764388526 17.12549379708534 8.607910298614258e-5 1.2736451419441731e-6 1.2770678943834868e-6 0.0005785190933238482 1.849652723973083e-5 9.05473199631912e-6 1.1518092448917862e-12 6.049694847635499e8 1.2304772251832314e8
27000 462260.37516461377 17.125493465873866 9.207165024147822e-5 1.3469621964181252e-6 1.3567770105268222e-6 0.0006186201953823911 1.906955110261843e-5 9.101176163373026e-6 7.727871044986402e-13 6.049694847635484e8 1.2304772251833388e8
27200 465685.4738273974 17.1254931723314 9.846735317079113e-5 1.4264560794322865e-6 1.4429266768242744e-6 0.0006592965473828372 1.9642470688828462e-5 9.821558379030648e-6 1.0381480314826278e-12 6.049694847635409e8 1.2304772251832794e8
27400 469094.5729668181 17.12549293870071 0.00010525526744480055 1.512287696075081e-6 1.5356418598123606e-6 0.0007006048581388313 2.0189626915328995e-5 1.0553261903023525e-5 9.034853015705558e-13 6.049694847635447e8 1.2304772251833023e8
27600 472519.6715369419 17.125492778530795 0.00011252546919082414 1.605737076621233e-6 1.636246229955408e-6 0.0007425315034197411 2.0690211137715242e-5 1.1191094356099995e-5 6.264628771686079e-13 6.049694847635534e8 1.2304772251833385e8
27800 475944.77008518676 17.125492722814265 0.00012027533919382042 1.7067705169288585e-6 1.74463966171289e-6 0.0007873258509789594 2.122512979878255e-5 1.1804493490696899e-5 8.379033503753218e-13 6.049694847635473e8 1.2304772251832712e8
28000 479369.8686335673 17.12549278007134 0.00012853246476276128 1.8155988461195323e-6 1.8609990425792778e-6 0.0008434184437646763 2.180104933599547e-5 1.2357922966721446e-5 9.85764927661167e-13 6.049694847635518e8 1.2304772251833446e8
28200 482794.9672056297 17.125492961507394 0.00013732899578617106 1.932296129527054e-6 1.985384069203396e-6 0.0009030749479279621 2.2250943960716585e-5 1.3138808778290212e-5 8.016534010979649e-13 6.049694847635434e8 1.2304772251832815e8
28400 486220.06582766084 17.125493280769263 0.0001466981579789528 2.0568471740454723e-6 2.1177784315553475e-6 0.0009623315909266239 2.280203173440909e-5 1.393729220700024e-5 1.3335494422301905e-12 6.049694847635515e8 1.2304772251832233e8
28600 489645.16447369877 17.125493097177166 0.00015667494323122559 2.1891994233242953e-6 2.258158431734814e-6 0.001023373693897156 2.3717453759876383e-5 1.4606451588683456e-5 1.3104895166589697e-12 6.049694847635562e8 1.2304772251832573e8
28800 493070.2630687721 17.125492865489214 0.0001672975076081115 2.329349455379111e-6 2.406573177937907e-6 0.0010965693145408295 2.4555722511331035e-5 1.5284316668306985e-5 1.1510972656764156e-12 6.049694847635509e8 1.23047722518327e8
29000 496495.36162420124 17.12549270238795 0.0001786072130230717 2.4774341376614767e-6 2.5632261889921365e-6 0.0011700402155838674 2.5339195665573244e-5 1.6192310643425856e-5 7.932767033863884e-13 6.049694847635586e8 1.230477225183298e8
29200 499920.4601559527 17.12549263369551 0.00019064693989079713 2.633806588698343e-6 2.728556130318921e-6 0.0012500151351559907 2.597292264921308e-5 1.714224631843564e-5 1.148737660555816e-12 6.049694847635734e8 1.2304772251832955e8
29400 503345.558684861 17.12549267298176 0.00020346384189073855 2.799096592409265e-6 2.903300484575785e-6 0.0013292479106894461 2.641575871401014e-5 1.806747623334104e-5 9.439633903503758e-13 6.049694847635355e8 1.2304772251833013e8
29600 506770.6572331467 17.12549283086097 0.00021710848758523652 2.9742546725953265e-6 3.088513636415193e-6 0.0014168037469062256 2.6628418127547238e-5 1.8971479325280427e-5 9.870246491366119e-13 6.049694847635502e8 1.2304772251832451e8
29800 510195.75582630245 17.125493122238165 0.000231634117956086 3.160550977540965e-6 3.285567928080232e-6 0.0015093948986759642 2.6635591599568492e-5 2.0419911041180683e-5 1.2419048306429895e-12 6.049694847635359e8 1.230477225183337e8
30000 513620.85449199413 17.125493556641555 0.00024709878517243067 3.3595421454209932e-6 3.496110637318299e-6 0.0016106492930703098 2.641326574061298e-5 2.2892668424034923e-5 9.50083537659361e-13 6.049694847635447e8 1.230477225183331e8
30200 517045.95325911936 17.125494135987463 0.00026356442349964446 3.5729969864615523e-6 3.721968634319463e-6 0.0017137612067017471 2.5878543222390693e-5 2.5115635017058935e-5 1.0123067130561443e-12 6.049694847635506e8 1.2304772251832116e8
30280 518400.0 1.1326935510733165 0.0002703640283741632 3.6617816665884232e-6 3.815900478401832e-6 0.001759875813149847 2.6164500773973032e-5 2.6164419494989488e-5 9.75225579931287e-13 6.049694847635432e8 1.2304772251832658e8
