#timestep time dt l2_h l2_h_vcon1 l2_h_vcon2 linf_h linf_h_vcon1 linf_h_vcon2 l2_H l2_vcon1 l2_vcon2 linf_H linf_vcon1 linf_vcon2 dsdu_ut mass entropy 
0 0.0 100.0 0.0 0.0 0.0 0.0 0.0 0.0 0.0 0.0 0.0 0.0 0.0 0.0 -7.313560385272035e-13 9507.350780128005 7.387766634397866e8
50 3185.029683398905 63.674366348856054 6.132006450946456e-5 0.00040309638678499187 0.0008520716648351347 0.00018873682380017443 0.0014323902704674472 0.0017140654539692763 4.7424009682874496e-5 0.0006664309989003347 0.0007907356968828707 0.00018526968946524253 0.0012326541885643127 0.0014116436927137789 -0.0022985606905329566 9507.350780127983 7.387766603055784e8
100 6369.996664167433 63.74818278855155 6.061592861938384e-5 0.0004923703288161651 0.0007177564799565883 0.00024124524111228483 0.0016988894509069826 0.0014628467177060188 4.687944164389288e-5 0.0008483880722320375 0.0010065821807681951 0.00023684357713177969 0.0021204411646529643 0.0037785174215476097 -0.002693481411791173 9507.35078012798 7.387766511980734e8
150 9535.178858637506 63.98034462544531 5.8561657048588325e-5 0.000591622281288846 0.0008329641368302467 0.0003123188299899718 0.00207998593729047 0.0012808901388396698 4.5290699106665626e-5 0.0009540102738594773 0.0012418459011721836 0.00030653740914372574 0.004101764706370157 0.0052255051732447945 -0.002366166337836952 9507.350780127981 7.387766435730016e8
200 12736.484854892884 63.91886393895822 5.767614002676439e-5 0.0007205227758169084 0.0009190470675578957 0.00029265885210717356 0.0023893139744768574 0.0014866559241248959 4.4605853646180325e-5 0.0011319152715736154 0.0013663526766066636 0.00028724664494940894 0.006580965152769422 0.004847684636595662 -0.0024339662539437784 9507.350780127972 7.387766356988034e8
250 15926.585980540049 63.71609235799309 5.664474113169634e-5 0.0008296314481812512 0.0009907563406103253 0.0002374716462623366 0.00257953115592607 0.0015766804945171083 4.38081853532837e-5 0.001302007426101524 0.0015279116754967415 0.00023313033438742157 0.008211011931255084 0.0032799946985811236 -0.0021691175844056705 9507.350780127987 7.387766284319932e8
300 19062.845992912535 63.67554735227323 6.092279484495404e-5 0.0009346699622662534 0.0011002354151079463 0.00023061689135726518 0.0028651998602926484 0.0020131437428597644 4.711676733788712e-5 0.0014361063615997277 0.001802926261409568 0.00022636996286900005 0.009290427623577261 0.005241480844728336 -0.002228880772777417 9507.350780127968 7.387766215601543e8
350 22248.711939603298 63.73690546421334 6.183764333007504e-5 0.0010351007986491763 0.0011787345593911429 0.00023379028443493662 0.002900901962422808 0.002368834167512761 4.7824297308163164e-5 0.0015525725456809335 0.002077616350118154 0.00022947587533653243 0.0097671806859877 0.008327606698794532 -0.0021878070283172938 9507.350780127967 7.387766144972632e8
400 25433.509533926455 63.682713395724456 6.35694099534274e-5 0.0011315234657637409 0.0012440828709217608 0.00024940372905041074 0.0032574224116656224 0.0022587604433718833 4.91636194005984e-5 0.0016769216410042983 0.0022520698662045857 0.0002448137819225858 0.00920051425286257 0.00975819520680668 -0.0021846198757641253 9507.350780127987 7.387766075606725e8
450 28596.664164596143 63.788363045417185 6.30765018015598e-5 0.0012308708605702678 0.0012834473494359301 0.00027712513313820416 0.00356356675004713 0.0021816825798164604 4.878241169697171e-5 0.0018195798866324684 0.0023279716550802924 0.0002720629015982684 0.008536284895699273 0.010866734149587888 -0.0021624121751139774 9507.350780127981 7.38776600655224e8
500 31792.232399240147 64.05550368969936 6.266427388570782e-5 0.0013276732946285172 0.0013106080368026002 0.00028931699584581637 0.003756928507634032 0.0024291569982585436 4.8463600866686024e-5 0.001965224921203515 0.0023599898501346947 0.0002839790086901469 0.007836045738875357 0.0115260913325123 -0.0020959283891747154 9507.350780127963 7.387765938648354e8
550 34943.29335232284 63.869416622235306 6.454877747689926e-5 0.0014203289975351456 0.0013363042754722194 0.00029543164743270903 0.003793501492878589 0.002753731386124429 4.992104741821685e-5 0.0020934973719844677 0.002377275933535273 0.0002899913996709666 0.00662018381489318 0.012051633842382265 -0.002094987980384486 9507.350780127987 7.387765872728387e8
600 38131.76553749397 63.69991281559303 6.635715041260632e-5 0.0015048194062660327 0.0013585199158099202 0.0003326380412354942 0.004032383361320886 0.003079926076266633 5.131961567332038e-5 0.0022011384283586776 0.002404805855436883 0.0003265421475661204 0.004938935741991439 0.012824944056152282 -0.002104632464673666 9507.350780127976 7.387765805758891e8
650 41315.914151336816 63.6932117521498 6.695962054632112e-5 0.0015752767953880308 0.0013857063704650137 0.0003568460718181394 0.0043185465612786324 0.0035577858428331166 5.178555695524056e-5 0.0022906738710500732 0.0024520261983203987 0.0003502540639411044 0.004741197099919556 0.013564727534743535 -0.002105897651419442 9507.350780128 7.387765738691212e8
700 44474.78134908648 63.715944432435805 6.696648684909174e-5 0.0016340801679118621 0.0014168162122810103 0.0003483288992897295 0.004755830542480971 0.0037574656993891735 5.179086724987928e-5 0.002369843278234283 0.0025103994798139585 0.000341892745146065 0.004916937661449287 0.013648846485248549 -0.002091919290527402 9507.350780127994 7.387765672337317e8
750 47659.37624133538 63.695180467110134 6.633591259270142e-5 0.00168070715095901 0.0014610074668616336 0.00031434634757555933 0.004852848795122856 0.0035429867207018672 5.130319066490922e-5 0.002428809923949745 0.0025910567264348467 0.0003085694277015082 0.006434131749384924 0.012947872742269977 -0.0020668016802341035 9507.350780127954 7.387765606106446e8
800 50847.07126697683 63.83685646163937 6.514281177881005e-5 0.0017148818603718024 0.001514798991124413 0.00026022344078292835 0.004736080593064539 0.0035020792037623737 5.038046455536364e-5 0.0024621497624058727 0.002702728751825387 0.00025545563149590784 0.00858828168297027 0.012284107565151227 -0.00203519247853563 9507.350780127967 7.387765540715197e8
850 54016.70826927226 64.11119976709556 6.515949146971854e-5 0.0017381754523377129 0.0015689327672884328 0.00024787558662478395 0.0045571816819359925 0.0034943794961396547 5.0393364375755436e-5 0.0024822015985484225 0.002830322604743657 0.00024331871278383807 0.010606529695524803 0.011816745248129406 -0.002011803937127925 9507.350780127977 7.38776547663288e8
900 57214.12793104094 63.817814350251425 6.550942522366606e-5 0.001757141070657703 0.0016281033202772363 0.000265925484734995 0.004352717241860402 0.003398149993470817 5.066399784416326e-5 0.0025044060911065097 0.002949835215028268 0.0002610722217506771 0.011726733653028407 0.010850994212473606 -0.0020125098155293793 9507.35078012797 7.387765412350755e8
950 60400.96567377793 63.68549577147926 6.523976297017367e-5 0.001776948111363533 0.0016849347025585763 0.0003331752101930344 0.004194428406736713 0.003355706907201438 5.0455445139410776e-5 0.002535373143235412 0.003024372948359265 0.0003270453718954016 0.01297010047195176 0.008754564001691174 -0.00201884793778584 9507.35078012797 7.387765348090496e8
1000 63536.9809636017 63.71407543871771 6.468797428584455e-5 0.001801903910831063 0.0017253482932432552 0.0003760349591690518 0.004470308955645799 0.003806568518879629 5.0028700123571046e-5 0.002579006072586966 0.0030225503635591465 0.0003690905455054696 0.013949974043039203 0.007088592545658457 -0.002009467363312748 9507.350780128001 7.387765284880321e8
1050 66723.58439731061 63.698271065597794 6.393792708018357e-5 0.0018372727932377266 0.0017438992867752363 0.0003871107672287866 0.004672444799255235 0.0042017000941951725 4.9448624968235093e-5 0.0026444756602160414 0.002947523461112845 0.0003799669603099415 0.013651421111667263 0.006074407344471516 -0.001987790905514108 9507.35078012796 7.38776522116937e8
1100 69884.4516271883 63.71344048625879 6.327237864179858e-5 0.0018825425870241594 0.0017411785578742881 0.0003681728422863091 0.00465642227146446 0.0041808231232004596 4.893389988030713e-5 0.0027314944812233386 0.002843140344298311 0.00036144132789369017 0.013010594588926644 0.006234142668000404 -0.001961714604289285 9507.350780128 7.387765158750538e8
1150 73073.95238072924 63.89002973685916 6.285118192256731e-5 0.0019361030844758584 0.0017275006332650698 0.0003283827528405487 0.004749601125177621 0.004228524915835003 4.860815271318806e-5 0.0028281379723187543 0.0027497707609579337 0.0003223212507298926 0.01264341371381005 0.006579648167907123 -0.0019463501766973377 9507.350780127981 7.387765096483331e8
1200 76275.03827823354 64.03348471733982 6.191872312756916e-5 0.001995320860738329 0.0017105286986162248 0.0002661391277404661 0.004930534644803056 0.004431246407998433 4.788700319583766e-5 0.0029194430018616353 0.002680900719895909 0.00026121708850810645 0.011407336974485517 0.007540918758051897 -0.001937661337983024 9507.350780127983 7.387765034276893e8
1250 79419.59803159857 63.77892206507508 6.0980550870945216e-5 0.0020547489195877925 0.0016972163088204 0.0002763563349620977 0.00508681415364674 0.004686305613806655 4.71614349739012e-5 0.002997063747605018 0.0026409048244975756 0.0002713084116357732 0.009022482949363959 0.008448910035149217 -0.0019033958243382405 9507.350780127981 7.387764973825595e8
1300 82605.3633002729 63.68082723863024 6.195635915920855e-5 0.002109973639246061 0.0016937820368924741 0.0003347578150013727 0.005339050990773021 0.005045977590815417 4.791611033330182e-5 0.00305013964590168 0.002646602989865407 0.00032859973906508317 0.006703030275221001 0.009541935359560496 -0.001874699366948394 9507.350780127988 7.387764913739028e8
1350 85790.36972968103 63.744880159214965 6.397929977252258e-5 0.0021547841547382798 0.0017033244807277503 0.0003700327936033084 0.005795568514051401 0.0056194052585060664 4.9480621982260517e-5 0.0030618772707030084 0.0027142521745404493 0.00036319559112684265 0.006526338132544646 0.01101194522005333 -0.0018851613840688473 9507.350780127996 7.387764853949689e8
1400 88948.70396634177 63.689370901861 6.445187004292666e-5 0.0021876064529783522 0.0017277892233693547 0.00036370922375391626 0.0059132590288954795 0.005155016282732695 4.984610067597531e-5 0.003040139291772525 0.0028223456323239796 0.00035702979807510874 0.006628134387163768 0.011138917134292265 -0.001902041115463969 9507.350780127967 7.387764794088949e8
1450 92133.79058447224 63.74011188436583 6.359631421886019e-5 0.002211022067640789 0.001765502486314158 0.0003209271567066418 0.00581671495857781 0.004884755429700945 4.918442675211128e-5 0.0030099817412278618 0.002937888333833606 0.00031506559281140614 0.006847681142048258 0.010134074604205312 -0.0018854095628134378 9507.350780127972 7.387764733660374e8
1500 95295.76531380716 63.949945163091826 6.339453520224072e-5 0.002227793588352504 0.001812666604495869 0.000322154512870767 0.0058220563615769385 0.004810910489856088 4.90283739148588e-5 0.0029910292660240887 0.003056536577555423 0.00031619140227933117 0.007266312905774417 0.009320465009887303 -0.0018446606128775702 9507.350780127968 7.387764674691124e8
1550 98497.61981540886 63.96302578517804 6.511634277672263e-5 0.002241420156283094 0.001866718484705654 0.00032393913090342414 0.006037809924588461 0.0047255948323553535 5.0359993829759404e-5 0.0029863264519636975 0.0031881457016287758 0.0003179423542503255 0.009066683330454363 0.00917405841925808 -0.0018264578939625625 9507.350780127992 7.387764616019394e8
1600 101689.41607164379 63.740049379069355 6.777271469619139e-5 0.002255764505842295 0.0019201398820879695 0.000352333142909911 0.006262347840523643 0.004623465941620557 5.2414391662619624e-5 0.0029934129138698 0.003321416004001919 0.0003458992032621188 0.009982279962386693 0.007905897630783646 -0.0018379656610910916 9507.350780127981 7.387764557581053e8
1650 104826.22248970375 63.678859143642754 6.935126810581226e-5 0.0022758341153752003 0.0019631879630285206 0.0003914707751028886 0.0065637632348840985 0.004638515372513173 5.3635220975066604e-5 0.003017726222430097 0.0034349758650048206 0.0003842907325161538 0.010888674664462555 0.006936228914384381 -0.001847174080453638 9507.350780128 7.38776449973811e8
1700 108011.97891147628 63.76210304514561 6.97351465580444e-5 0.0023068531316744775 0.0019880280100638935 0.0003827734761475593 0.006770641126715064 0.004669179807320506 5.3932106759290046e-5 0.0030721000207968334 0.003497894741846423 0.0003756996907382164 0.011391261099234572 0.0073542478384902915 -0.001836803262895537 9507.350780127976 7.387764441017389e8
1750 111197.51209912366 63.687268254921605 7.033930939597109e-5 0.0023500675460199887 0.001988098312253388 0.0003329522798985335 0.006817320161217242 0.0044586307551145515 5.439935715275115e-5 0.0031614321310240393 0.0034797003917873223 0.0003268285493894565 0.010794866248772805 0.008074119577244679 -0.0018184497014307412 9507.35078012798 7.387764382804159e8
1800 114359.40263472425 63.7722817567436 7.147111887912996e-5 0.002403351061185052 0.0019680262800070665 0.0002739696721908815 0.006722504189213832 0.00465553772252101 5.5274681474492884e-5 0.0032782101208010464 0.0034086469767500727 0.0002689661911830107 0.010308907230547776 0.009492808891109672 -0.0018046858816716167 9507.350780127994 7.3877643255348e8
1850 117553.63443345063 64.01865691390933 7.268370497842742e-5 0.0024629847493925763 0.001939469139583987 0.00031240155380895835 0.0066684439578363 0.004884780603129869 5.621247720848855e-5 0.003409397946112794 0.0033385225025605618 0.00030662298837462964 0.010009368819229642 0.011988291061350215 -0.0018014625908897033 9507.350780127968 7.387764267986561e8
1900 120754.73358444434 63.89682257464039 7.340935636326058e-5 0.0025232372181324706 0.0019128594417670483 0.00037313073372580857 0.006606820911135534 0.00502558354040359 5.677368500528983e-5 0.0035379404048917463 0.00329492486205219 0.0003662413204437011 0.009160341090154555 0.01310951411528179 -0.0018133103648647838 9507.350780128005 7.38776421015339e8
1950 123894.00604384775 63.712003899249545 7.361460874947284e-5 0.0025774127133781776 0.0018949962403909447 0.00041938013369933027 0.006521167130201218 0.0052458464266747695 5.693242409404899e-5 0.0036449587441844205 0.003276910227265229 0.00041171200521296364 0.007880189413236496 0.01356498931996323 -0.0018240668922707417 9507.350780127983 7.387764153036575e8
2000 127078.25785489457 63.68570588378484 7.418238765284609e-5 0.002620996387128664 0.0018878816578710915 0.0004461140787701392 0.00638106748945957 0.00583752181777738 5.7371535703576934e-5 0.003714895780627852 0.003284429625338477 0.00043788400017744615 0.007573088772297711 0.014190392075282967 -0.0018235790238991555 9507.350780127981 7.387764094927447e8
2050 130237.40226217393 63.72848841180355 7.545054544512267e-5 0.0026481270777298075 0.0018949566230600998 0.0004452095752352452 0.006720436098393309 0.006209477932611349 5.835230974391249e-5 0.003729314929455302 0.0033320266919239973 0.0004369901981415333 0.007505787520207189 0.014458621942621725 -0.0018155328579338378 9507.35078012799 7.387764037437654e8
2100 133422.12351846177 63.68791577729899 7.656673895120551e-5 0.0026586999847900907 0.001920539075040112 0.00041368366747675554 0.006660570931391874 0.005692585097472411 5.9215556905420266e-5 0.0036900146451213423 0.0034346005482127906 0.0004060719282266535 0.0075947515541356665 0.013663274222048353 -0.0018095674301015169 9507.35078012799 7.387763979735233e8
2150 136608.93214332755 63.80901254729629 7.645715139108161e-5 0.002657092750215793 0.0019624120222346587 0.00035433627954096824 0.006533958898844703 0.005434035587124179 5.913080354503621e-5 0.003624297322362978 0.0035844766447346984 0.0003478682699076456 0.009166823782032084 0.01265346198723821 -0.0018061833546687584 9507.350780127972 7.387763922112371e8
2200 139776.24870672775 64.08722417671554 7.548518816111473e-5 0.0026500142325176497 0.002011225755133104 0.0002975464948916534 0.006449849109757396 0.005332957037308696 5.8379101895592785e-5 0.003564541291493528 0.0037508961473188746 0.000292071638962246 0.011550631529834316 0.012011067900631377 -0.0017989950066573132 9507.350780127968 7.387763865009991e8
2250 142975.2761300047 63.84325296399045 7.49945671801768e-5 0.0026431708302099427 0.002058365687661859 0.0003864519823644491 0.006353893508598372 0.005126033147940959 5.799966305560798e-5 0.0035256222707928573 0.003901143499891098 0.0003793660094415221 0.012839382530093394 0.011448285664850406 -0.0017925465193127357 9507.350780127976 7.387763807579626e8
2300 146162.88987357367 63.691369438101844 7.561244160964654e-5 0.0026418843427742818 0.0020954284727673946 0.0004569077154577563 0.006569893328498015 0.005011674385934216 5.847751778673312e-5 0.0035128519795336608 0.004000286443744234 0.00044851276866970263 0.013835389798995778 0.009902307476639316 -0.0017983392254973785 9507.350780127988 7.387763750389717e8
2350 149299.94055454366 63.70069515897436 7.667529628650913e-5 0.0026504411432610813 0.0021136888793701386 0.0004948435067605823 0.006823452234348612 0.005275829131376562 5.92995135054384e-5 0.0035284580184996367 0.004017647147178258 0.0004856998625987651 0.01505330507510197 0.008335266800092323 -0.0018133102694918258 9507.350780127987 7.387763693740265e8
2400 152486.44141355873 63.70248616692634 7.698250682604895e-5 0.002672678086398818 0.0021089019985126695 0.0004961206437064608 0.006719055714757809 0.0059361586826353245 5.9537105486430466e-5 0.0035769210236285894 0.003940889032189841 0.0004869547510005706 0.015265328994751488 0.008918989698412191 -0.0018179712787849956 9507.350780127994 7.38776363582883e8
2450 155647.39250417182 63.69698248037728 7.600744786059509e-5 0.002709812456625724 0.0020826753085869836 0.00046217129594426924 0.006495911548357459 0.005987876421462189 5.8783009641945685e-5 0.0036595991336581275 0.0037958076191956713 0.0004536945561759737 0.014362877012340021 0.009255049415144314 -0.0018027625488451198 9507.350780127974 7.38776357856004e8
2500 158835.53750717218 63.85265635902197 7.468920479088654e-5 0.0027604664793396227 0.002040317174349862 0.00039920703186270264 0.0064193300814573495 0.006136788375060735 5.776350040602123e-5 0.003771307839504384 0.0036308572614048044 0.00039186301260541915 0.013186100768295435 0.009659455653485399 -0.001777965380184776 9507.35078012799 7.387763521487315e8
2550 162035.1860265834 64.06994559602839 7.416537888222046e-5 0.0028182993172507155 0.001992713709386147 0.0003369517230516396 0.006453635922853071 0.006325840270364478 5.735838137740523e-5 0.0038929330598849675 0.0034923698056580793 0.00033073736912489466 0.012062128583150186 0.010501581000163334 -0.0017675018763869304 9507.350780127972 7.387763464823976e8
2600 165181.2679988928 63.79693975758338 7.447614901975133e-5 0.0028738252110964715 0.0019522145923952059 0.00037969276870723794 0.006649551464920056 0.00636216609816673 5.7598726297726e-5 0.003996347456991592 0.0034025442245108214 0.00037275790832914246 0.009688413887747348 0.011719604228811827 -0.0017735287915698298 9507.350780127997 7.387763409146911e8
2650 168367.43976260614 63.67938230088229 7.523463229711001e-5 0.0029208449711875853 0.0019250632445600548 0.00043952810223286617 0.006966296617843122 0.006547040581051003 5.818532578340669e-5 0.004061787895185171 0.0033598381141471843 0.0004314391816553437 0.008324049605332973 0.012527007224874251 -0.0017820482857414733 9507.350780127974 7.387763352493726e8
2700 171551.87738044 63.72407207332567 7.585790482873348e-5 0.002953298640020022 0.0019157142269222364 0.0004682988228391467 0.007447884597932461 0.007152951558114209 5.86673553249566e-5 0.00407481236027038 0.00336557196981656 0.00045966078033315804 0.008311321378574564 0.01349376585614685 -0.0017832974322947181 9507.350780127977 7.387763295698836e8
2750 174711.32470074418 63.68681391922382 7.600802207188362e-5 0.0029690046281503368 0.0019246764241472565 0.00046399178138260827 0.007625549840306625 0.006815478721843531 5.8783453728415025e-5 0.004035989541023825 0.003421699295657769 0.00045544167487522266 0.008489676158195208 0.013147680902097536 -0.0017766323972117802 9507.350780127997 7.387763239445256e8
2800 177895.7371636968 63.7160610306074 7.570772633088826e-5 0.0029697273823429088 0.0019502121160806987 0.00042870640197785 0.007573761566032533 0.006383358612704762 5.855120954773976e-5 0.00395759543708624 0.0035281169571244513 0.00042086853692910347 0.008806073175011128 0.012138021763781323 -0.0017685785024695298 9507.350780127987 7.387763182997959e8
2850 181085.74433763637 63.90728316463832 7.532587301933342e-5 0.0029600628605352683 0.001987672967802603 0.00036807934879714416 0.007575260122856388 0.006273657108785725 5.825588997654903e-5 0.003863063184237919 0.003673999900699835 0.0003612737912871669 0.009266524620770203 0.011172380702192094 -0.0017593756518085712 9507.350780127988 7.387763126727338e8
2900 184257.5922071414 63.99613610120278 7.544447967616278e-5 0.002946325336881665 0.0020306056880876875 0.0003802916815615402 0.007590272818103379 0.006212719965733524 5.8347618569547894e-5 0.0037787997185536695 0.003835505941480471 0.00037325288876009923 0.009504080124451666 0.011092909927694546 -0.0017514872162967998 9507.350780127988 7.387763071053289e8
2950 187450.5588646985 63.75407267847377 7.626773605503976e-5 0.0029358997954931428 0.0020719181714173216 0.00039858811470957356 0.007596331939788364 0.006111158096506792 5.8984312591408504e-5 0.0037251914652513276 0.0039795588963353465 0.00039131401790096286 0.010673938206348765 0.010282484414366615 -0.0017483764212227468 9507.350780127987 7.387763015202394e8
3000 190589.39747302252 63.6740490480488 7.7505170326546e-5 0.002935871346514119 0.002100364685325008 0.0004483261619574115 0.007591024289542449 0.006124405781836106 5.994132552602365e-5 0.0037153858362164575 0.004061420746111538 0.000440086598436223 0.01205578319578237 0.009214661202618019 -0.0017568880092943262 9507.350780127977 7.387762960223186e8
3050 193774.46057606317 63.75355477571392 7.866259590551252e-5 0.0029504578301338662 0.0021068025701627027 0.0004717247501602528 0.007902746646936524 0.0062715134525417465 6.0836460948820446e-5 0.003750057527985527 0.004053731490549614 0.0004630045830893561 0.0132651192424534 0.009112895328618942 -0.0017710836738212585 9507.35078012799 7.38776290403451e8
3100 196960.04068169033 63.678224869774084 7.93146624858837e-5 0.002980849354154193 0.002087840438396193 0.0004632466703561962 0.007874863725248833 0.005899073079842638 6.134075937157812e-5 0.003823248639966926 0.00396254883754403 0.0004547410945458346 0.012658483613946255 0.008976191441195559 -0.0017760821869225482 9507.350780127963 7.387762847494974e8
3150 200121.76120477874 63.74191784441504 7.933365647407801e-5 0.0030254397136343365 0.0020493552190328185 0.00041930958460897856 0.007795472923502505 0.006029672227691693 6.135544903431136e-5 0.003927888356974918 0.0038301086126787016 0.0004116634383500156 0.011899352099412364 0.009394928126491757 -0.0017671199816689405 9507.350780127981 7.387762791445165e8
3200 203313.93171472487 63.96711128500644 7.914050935772254e-5 0.003081066419271936 0.0020011868176369823 0.00038327365861931615 0.007769372155644609 0.006229961095335124 6.120607197803814e-5 0.004058601566707249 0.003697960250369127 0.00037617813059990395 0.011846650305235172 0.011054513893073164 -0.0017524027442919116 9507.350780127988 7.387762735283517e8
3250 206515.196766683 63.92679337605382 7.950688699609388e-5 0.003140124058993063 0.0019553284306429754 0.0004019935659308164 0.007742245970338634 0.006374612548725625 6.148942289766672e-5 0.004196630067644212 0.0035965293579010974 0.0003945568733362938 0.01113916765823895 0.012136179626320522 -0.0017487623196754903 9507.350780127956 7.387762679281869e8
3300 209656.11265114162 63.7228320453385 8.068185360029563e-5 0.003192747492318376 0.0019222463904601146 0.00047383008564591165 0.0076832975549909425 0.006538749414212534 6.239812428394588e-5 0.004310777277864524 0.003541879661885074 0.00046517021029568884 0.009593418443073884 0.012997028223037508 -0.001759196941448296 9507.35078012797 7.387762624224938e8
3350 212840.40270946664 63.676811352375005 8.205202574533751e-5 0.0032332222968626053 0.001906140263764004 0.000515977224565137 0.007567268560571873 0.006921122623359641 6.345779468069623e-5 0.004378211591549642 0.0035366248556779846 0.0005064817030824146 0.00893300581551442 0.013988796501993103 -0.0017787229573378001 9507.350780127996 7.387762567901496e8
3400 216000.0 37.458807675837306 8.27281028456814e-5 0.0032560928686086333 0.0019081087356786438 0.0005188981049671322 0.007662928296102658 0.007299432886320766 6.398066247631088e-5 0.00438296636102713 0.00358008660404764 0.0005093170455580077 0.008525517172489196 0.014638773980786723 -0.0017909082260931946 9507.350780127977 7.387762511469098e8
3450 219184.7502010341 63.6779305837572 8.257988965250471e-5 0.0032609839011100085 0.001927040190756594 0.00048390698658472503 0.007657758758798455 0.00666288983153163 6.386603663608726e-5 0.004329722890214568 0.0036702489669259166 0.00047500197971472164 0.008874088369697771 0.013818366579224658 -0.001784226759601057 9507.350780127972 7.387762454498898e8
3500 222370.50483171525 63.777298671565966 8.212341447640906e-5 0.0032513526335367425 0.0019599109544021945 0.00041898800791378396 0.007643467177026807 0.006368978904773833 6.351300564437071e-5 0.004241940570788687 0.003801146656329481 0.00041133385186387404 0.009293833955909443 0.01265111440232983 -0.0017681488426779081 9507.35078012798 7.38776239790633e8
3550 225535.8954490405 64.0346518408259 8.206944937037785e-5 0.0032336295594537845 0.002001292332913688 0.00037274625807903 0.007727416083160286 0.006318678878345866 6.347126984809477e-5 0.004149285288137584 0.003958471247125793 0.00036586157688767526 0.011785277118917158 0.012036031640652462 -0.0017608744162649047 9507.350780127974 7.387762342099661e8
3600 228735.93467364385 63.86824704603696 8.247627256470655e-5 0.0032145799188127455 0.0020461501359731555 0.0004488133251005586 0.00785140853669681 0.0061700601266418305 6.378590074852704e-5 0.004070431185754827 0.004122192220148003 0.00044054299098344335 0.013456706744659434 0.011969461176822804 -0.0017698766303645833 9507.350780127967 7.387762285636744e8
3650 231924.3106013695 63.69721738231117 8.292647168804263e-5 0.003201938277771478 0.00208573222323273 0.0005107340634708957 0.008027646458224744 0.006066556714717913 6.413407793602469e-5 0.004019579838741532 0.004252807692384148 0.0005013814845308323 0.01431871180369108 0.010351604176309434 -0.0017824284430681297 9507.35078012798 7.387762228997835e8
3700 235062.9498613834 63.68773786020276 8.315961783175701e-5 0.003202673976083113 0.0021073203183506473 0.0005479386096480602 0.008243568259080996 0.006078638478080665 6.431438963461664e-5 0.004008170693114947 0.004299871889160683 0.0005378195250458297 0.015022704472685434 0.009021682989926536 -0.0017877389679577232 9507.350780127981 7.387762172942381e8
3750 238249.28834456825 63.713605025678284 8.320690616272065e-5 0.003221436556709768 0.0021008036513310902 0.0005535226430663079 0.0081010525097589 0.00677375185344005 6.435096171399493e-5 0.004044852945913739 0.004229707174400027 0.0005432960936961529 0.015202137951193746 0.010115619097182556 -0.001783194245718645 9507.350780127976 7.387762116025803e8
3800 241433.61372765971 63.686723996783314 8.308667122465043e-5 0.003258281224258243 0.0020664390491214255 0.0005242044372638589 0.007880035419906247 0.0067510564087878205 6.425797383272039e-5 0.004130468940567834 0.0040616900937127725 0.0005145670236754788 0.014296606626628919 0.010393583677422864 -0.0017730257052016936 9507.35078012798 7.387762059402251e8
3850 244597.51670585969 63.82008706676204 8.273521060963618e-5 0.003308626973085418 0.0020168885278613953 0.0004651157748732565 0.007764401548665742 0.006826350255933583 6.398615951293192e-5 0.004252665530071802 0.0038663375321331644 0.00045661045920057034 0.01324053040897957 0.010724789563675657 -0.0017599093450752711 9507.350780127972 7.387762003505671e8
3900 247795.36134304616 64.10957200267357 8.236620067995928e-5 0.0033662175362977565 0.0019673401020267973 0.0003899910826842593 0.007818885428006765 0.006999097003467119 6.370077281896306e-5 0.0043916255034069 0.003704527279098398 0.0003828217258056147 0.012393896051831726 0.011242913855040074 -0.0017484607423222 9507.35078012798 7.387761947423879e8
3950 250942.97363535792 63.817736650984536 8.215029006784831e-5 0.003421973480832466 0.001930238638596299 0.0004469319622509085 0.007852772784103684 0.0070144263724188985 6.353379081993065e-5 0.004516565144700579 0.003606128454355411 0.00043877133892206854 0.010124564761660342 0.012486967620410653 -0.0017431587925496438 9507.35078012797 7.387761892488983e8
4000 254129.68994384952 63.6807677067585 8.22213227431383e-5 0.0034699745249333275 0.0019082347153470413 0.0005130643534442806 0.007859264084840573 0.007227942012234895 6.358872641600396e-5 0.004602859237506924 0.0035655409884998643 0.00050362822924285 0.009383412561280792 0.013401626695877031 -0.0017449395987211929 9507.350780127987 7.387761836929984e8
4050 257313.70713783326 63.706324149241254 8.254265915689235e-5 0.0035025589038438216 0.0019014771875503888 0.0005502816830236188 0.008332371399933605 0.0079303916871114 6.383724313447512e-5 0.004625827303133775 0.0035748258847786538 0.0005401169868886875 0.009257279077809799 0.014504463347770183 -0.001749681889908578 9507.350780127968 7.387761781288297e8
4100 260474.24800208342 63.69457519122283 8.272250576832033e-5 0.0035157063062810595 0.0019111019433641927 0.0005511117522469257 0.008498774180637068 0.007743902385285125 6.397633378136313e-5 0.004580611744417542 0.003628696814796997 0.0005409367515528837 0.009416763514695321 0.014528728163678202 -0.0017466590885836344 9507.350780127957 7.387761726004616e8
4150 263658.49007623736 63.70185349944691 8.252495493789764e-5 0.0035102203944731404 0.00193899550880505 0.000515435962320137 0.00842858763055647 0.00715476861616898 6.382355095925695e-5 0.004483477549128819 0.0037262917453528333 0.0005060099444667098 0.009711671942429861 0.01361137053485329 -0.001734204095468185 9507.350780127988 7.387761670566337e8
4200 266847.22293031594 63.87100099040879 8.218303630995605e-5 0.003491840063191708 0.0019817535113908673 0.00045017142748807426 0.008391499281263934 0.0069478767981723194 6.355911626784604e-5 0.004366565955045303 0.0038602355405370327 0.0004418675682158638 0.01018365307545898 0.012534548883028313 -0.001718397329335188 9507.350780127974 7.387761615529398e8
4250 270017.5435705683 64.03432829873387 8.210704322538664e-5 0.0034692204721159027 0.0020312751604798264 0.00043530634572839805 0.008386399177826942 0.006881443821251433 6.350034436649898e-5 0.004261298880616589 0.004011669819642439 0.0004272602344596264 0.010540219944905558 0.011514822829440965 -0.001712451659829428 9507.35078012797 7.387761561179122e8
4300 273211.9304523144 63.77291056150554 8.240577659015242e-5 0.0034506139558051216 0.0020792270819220515 0.0004693574791700571 0.008382372257601042 0.006742835315795108 6.373138022900093e-5 0.004185320937322372 0.004153138907125015 0.0004607834388747511 0.011811213446263201 0.01076619288410502 -0.0017164249534713676 9507.350780127988 7.387761506431041e8
4350 276397.34823240695 63.67291903624199 8.301886900855473e-5 0.0034430425427866163 0.0021160033101913023 0.0005275079641142237 0.008360433916686562 0.006752748540615539 6.420553662518332e-5 0.004148972287238549 0.004243352652924497 0.0005178024462947374 0.012731269918637652 0.01020176247928025 -0.001723846073701305 9507.350780128001 7.387761451639265e8
4400 279537.1703566867 63.733003154533506 8.371313567260807e-5 0.003450753325783913 0.0021327858813587706 0.0005519387429146109 0.008491656775478862 0.0069297419556084375 6.474247195410569e-5 0.004157596431958585 0.004244635196868923 0.0005417443075578328 0.013634185291769843 0.010126148773389613 -0.0017274353350764978 9507.35078012799 7.387761397438637e8
4450 282723.24535580986 63.68327833877083 8.415359553230296e-5 0.003476448547449148 0.002125433068142235 0.0005378979091681807 0.008414349554572938 0.00639722262222632 6.508311694222557e-5 0.0042161653679296494 0.004148214825928111 0.0005280077662325243 0.013202781713869807 0.009699810332397363 -0.0017223264586077507 9507.350780127992 7.387761342457678e8
4500 285884.5564993229 63.725168649383676 8.412699986283914e-5 0.003519611629826353 0.002096305967199979 0.0004901580917674279 0.00826700454415564 0.006499092319459982 6.506254825381556e-5 0.004322474734079948 0.0039920654462853025 0.0004812019495875242 0.012231212909961977 0.010098030245900221 -0.0017123748343744036 9507.350780127994 7.387761288159072e8
4550 289075.33293961425 63.92864490765765 8.399172261997342e-5 0.0035769126359559704 0.00205391380951277 0.00043132526188700116 0.008231219206062595 0.0066941956293988135 6.495792688168487e-5 0.004464870130324468 0.0038309455482237755 0.0004233428397842826 0.011485865816329375 0.010544001956337052 -0.001703722104117845 9507.350780128 7.387761233679203e8
4600 292276.5892033172 63.963380693111766 8.425330027652807e-5 0.0036397818084095107 0.002011513648967755 0.0004508198258977088 0.008232472320992314 0.006848165839130885 6.516022708172497e-5 0.004617473013337416 0.003707025349009957 0.00044247367162806884 0.010908950074342606 0.012142814097374154 -0.0017042218122805778 9507.350780128 7.387761179152361e8
4650 295418.3816604147 63.740179076473694 8.498153716762232e-5 0.0036967040193787667 0.001981915596581692 0.0005210069917424945 0.008215339368390306 0.006971731011766326 6.572343447007986e-5 0.004746800897487345 0.0036372959212583786 0.000511499934606601 0.009977176070639237 0.013222981526298605 -0.0017094643542803277 9507.350780127977 7.387761125532784e8
4700 298603.030434413 63.67420406875 8.591512111127432e-5 0.003740242744043816 0.0019714292538544594 0.0005684557063688207 0.008144001756164329 0.007318761859264604 6.644545416057576e-5 0.004827947025283828 0.00362193185982796 0.0005580253688787995 0.009642029235028025 0.014272781508656657 -0.0017162638219532533 9507.350780128016 7.3877610709852e8
4750 301788.5021514838 63.76197846457324 8.652376720244193e-5 0.0037637206403412036 0.001981894468841644 0.000583352886846789 0.008303648733221362 0.008050097191715764 6.691617183443795e-5 0.004838325837370502 0.0036624394176222 0.0005725704786999692 0.009242743383850926 0.0151428176944242 -0.001720582822089126 9507.350780127968 7.387761016235338e8
4800 304947.910433925 63.67991764094924 8.649358243123767e-5 0.0037663694868683155 0.002010372428157533 0.000562978224096502 0.008365672650340092 0.007242593492740013 6.689282738917498e-5 0.004778602711216715 0.0037547150697682433 0.0005526279728736866 0.009380055035901438 0.014325607562878715 -0.0017180600391195745 9507.350780127972 7.387760961898118e8
4850 308133.20673729555 63.75740605309781 8.597046280524257e-5 0.0037522625529372413 0.0020528442480519486 0.0005090577921103112 0.008264182964997086 0.00689805996021396 6.648825458869804e-5 0.004671187276797128 0.003890426336684063 0.0004997633003652914 0.009737372160903535 0.013031015243077341 -0.0017083272476459367 9507.350780127977 7.387760907302573e8
4900 311295.93599553796 63.99340183555884 8.562966546152825e-5 0.00372850336562453 0.0021036982011409205 0.00042836983143707615 0.008237610460890644 0.006796489535531081 6.622468708158765e-5 0.0045516146666523035 0.004051059829012564 0.00042044298697517236 0.011164353698141338 0.01219413977369138 -0.0016940995784322937 9507.350780127987 7.387760853502189e8
4950 314496.7856744396 63.9002218405338 8.602547057376178e-5 0.0037028403956290068 0.0021585707819150716 0.0004883659682081295 0.008215679347243947 0.006652134311067142 6.653079676408318e-5 0.004447316246427636 0.004215289486337234 0.000479342093003938 0.01293154673232364 0.011786669352056982 -0.0016858537485218053 9507.350780127976 7.387760799433959e8
5000 317686.25010390574 63.709100793038864 8.703059165730075e-5 0.003684131518771817 0.0022093560890428456 0.0005713670566364111 0.008215836796564813 0.006552197193897551 6.730814219567975e-5 0.004380361645927629 0.0043448460591342525 0.0005609199809962725 0.014094435824705567 0.010448635014713046 -0.0016889816161806328 9507.350780127952 7.387760745647432e8
5050 320826.1388643994 63.67969806940556 8.789632167801457e-5 0.0036792505490369468 0.002245764278238064 0.000620528550863793 0.008429069497567821 0.006586115567130162 6.797768468927502e-5 0.004361623599284575 0.004398145564512757 0.0006090881206825906 0.015414880786030954 0.00982336496516473 -0.0017007274391688907 9507.350780128001 7.38776069243616e8
5100 324012.29406854854 63.73262531943873 8.795327652274599e-5 0.003692448262183909 0.0022593079996301286 0.0006279880896250988 0.008478940390335726 0.007198016060703723 6.802173270411178e-5 0.004393524502906244 0.004352232229784117 0.0006163985832532104 0.01616712941383456 0.01069078845191474 -0.001706606437812767 9507.350780127968 7.387760638117427e8
5150 327197.0388168854 63.68479815851323 8.720362584720892e-5 0.003725327175153351 0.002245610135419025 0.0005945507973599968 0.008341333594087686 0.007122558674904977 6.744196421902824e-5 0.0044731406643381865 0.004221653873605468 0.0005836096880271945 0.015279426723619313 0.010918465105135224 -0.0016958275363850935 9507.35078012799 7.38776058390174e8
5200 330359.92246584233 63.79701205555596 8.62699538895994e-5 0.0037755629408979903 0.002209955369155749 0.0005295668959727232 0.008298411782139902 0.007157760466690988 6.671987645986077e-5 0.0045915761455702486 0.004054843715143539 0.000519896615180511 0.013882229782368303 0.011199413093557205 -0.0016749082642738447 9507.350780127977 7.387760530582445e8
5250 333556.0801406557 64.07026091441487 8.590411692500171e-5 0.0038375848247723552 0.002164309847758877 0.0004570977665728877 0.008322871252335863 0.007296343562824149 6.643694368902559e-5 0.004736939159720739 0.0038954199303598575 0.0004486789754721035 0.012705259426168819 0.011767130434026576 -0.0016590632585686308 9507.350780127983 7.3877604773392e8
5300 336755.0251883922 63.84207540429475 8.634332864095081e-5 0.0039008440867058856 0.0021242346152498884 0.0005061203263380788 0.008339390808543996 0.0072934073279177026 6.677662338183202e-5 0.00488378208220868 0.003774424125326307 0.0004968274436049401 0.01034688206828338 0.013074389774089546 -0.0016573479804169902 9507.350780128001 7.387760424327229e8
5350 339892.2730389538 63.688725999856096 8.722589127825775e-5 0.003953411431110649 0.0021019700427317937 0.0005805384052697146 0.008317342438910112 0.00745573530876332 6.745918396631144e-5 0.004996228487561046 0.003707850745677094 0.0005698828784889516 0.009963496934213908 0.013889278378783688 -0.0016645655217516423 9507.350780127968 7.387760372233074e8
5400 343076.16912902234 63.693971894204765 8.794296785560228e-5 0.003988615559974379 0.0021013926459044893 0.0006238641999294599 0.00852709013145301 0.008001445808161542 6.801376013696516e-5 0.0050448095585117 0.00370057228617832 0.000612336892124787 0.009649365958070463 0.014918499239512634 -0.0016724409257076152 9507.350780127977 7.38776031909573e8
5450 346237.18483075564 63.709137082674175 8.798114853367409e-5 0.004001594308626667 0.002121473721202448 0.0006266893268336693 0.00879635183956897 0.008003122728872991 6.804328849543948e-5 0.005011254188321624 0.003755060393389954 0.0006151097439827025 0.009751184347356428 0.015072127035207043 -0.001671250297053003 9507.350780127987 7.387760266214734e8
5500 349421.6229278639 63.69548190036662 8.74016895552239e-5 0.0039939647420363196 0.0021581808699537982 0.0005903432801551903 0.008731163396599276 0.007401969281044883 6.759514369263802e-5 0.004908012876363095 0.0038664499746636997 0.0005795069450423267 0.009991245497528075 0.014215415918613129 -0.0016603677996613801 9507.350780127972 7.387760213151442e8
5550 352609.5014725005 63.8436854370068 8.674700881577312e-5 0.003971801183571163 0.0022057812038710034 0.0005227064056938921 0.008672026590587207 0.007182609638237776 6.70888235184831e-5 0.004771808763395686 0.00401980238290805 0.0005131033978213213 0.010444684598297414 0.013201913276948056 -0.0016455663580126757 9507.350780127996 7.387760160460432e8
5600 355777.3606474804 64.07747182571592 8.663315836830772e-5 0.0039434941191584015 0.0022586581214591823 0.000492923996439223 0.008676633314749927 0.007142879883519193 6.700077330568988e-5 0.0046428100301120585 0.0041900071271430235 0.0004838444605331708 0.010933357445061758 0.01235461813767522 -0.001638779927214436 9507.350780127968 7.387760108470525e8
5650 358973.4089492687 63.796478813303786 8.71332741815327e-5 0.003917080389534759 0.002312261551196335 0.0005326092199437075 0.008685899337798795 0.006990794402430743 6.73875553054643e-5 0.004545629856378945 0.004346777574824592 0.0005228831434559881 0.012296734419197831 0.010908976645238518 -0.001642460722105518 9507.35078012799 7.387760056057602e8
5700 362159.49476552824 63.67644910438036 8.792912540394987e-5 0.0039009432111151584 0.0023577072046973772 0.0005965704939638807 0.00866933176178517 0.00698205407023969 6.800305459424589e-5 0.004495181745211528 0.004446841192996266 0.0005855918893319411 0.01365204739287474 0.010585722631285618 -0.0016516779877196227 9507.35078012797 7.387760003587729e8
5750 365300.1160099422 63.716926119099185 8.855878016646268e-5 0.003901749172097199 0.0023830249122809934 0.0006266650017406462 0.008736879219596759 0.007141597044467847 6.849002005658437e-5 0.0044965324706784495 0.004452622950900856 0.00061509937843776 0.014934099496060158 0.010496486446674795 -0.0016591283721141532 9507.35078012799 7.387759951581045e8
5800 368486.5504404427 63.69224633215856 8.87362413826346e-5 0.0039236190333495815 0.0023801279018553154 0.0006189239566502024 0.008810598858563903 0.006606200130000724 6.862726587486996e-5 0.004550751288840104 0.004356135889681236 0.0006075124163969289 0.01476048613958184 0.009981495573274015 -0.0016578291415499922 9507.350780127968 7.387759898705577e8
5850 371647.42527663166 63.71364133661655 8.848773493966088e-5 0.003965967298463053 0.002349892216236857 0.0005752626825282341 0.008676610061513945 0.006633080942528655 6.843507475331277e-5 0.0046530939221945435 0.00419495704011323 0.0005647444144139445 0.013640191443404202 0.010289971590282141 -0.0016492323759541838 9507.350780127974 7.38775984642537e8
5900 374837.09773707384 63.896500900764856 8.823162243810547e-5 0.004024379136697654 0.0023029989195591004 0.0005023679036962138 0.008612715050914332 0.006740744922160871 6.823700122118775e-5 0.004794367990966466 0.004023280166457148 0.000493084806585283 0.012387182004401462 0.010572170759275343 -0.001638137376260779 9507.350780127992 7.387759794006788e8
5950 378037.9701567133 64.00051233366047 8.845040158955098e-5 0.0040893951542348 0.0022552648246372525 0.0005063611031357525 0.008580427893227738 0.0068424044009886996 6.84062017051868e-5 0.00495377366907934 0.0038848250884961112 0.0004969908077588518 0.010767895445647368 0.012297880503437681 -0.001635196756590964 9507.350780127968 7.387759741647532e8
6000 381180.57158402156 63.75813886096079 8.912691307892604e-5 0.004149176664595626 0.002220195536088294 0.0005717703787648132 0.008536893500459785 0.006882196936201717 6.892940545081324e-5 0.005098190691470569 0.003799733244647134 0.0005613305603595384 0.010410810862634106 0.013425651455076501 -0.0016410966904294901 9507.35078012798 7.38775969018572e8
6050 384365.6117615444 63.67229479473261 8.993756832843259e-5 0.004196221943679455 0.0022030117228984333 0.000629734555794958 0.008456447700543284 0.007331863965902181 6.95563539500603e-5 0.005197701705291427 0.0037684503459584195 0.000618156569536885 0.010049709700070113 0.01453356144927621 -0.001651789078580434 9507.350780127987 7.387759637750928e8
6100 387550.49416745896 63.748128214277564 9.049493286341079e-5 0.004222635837045223 0.0022057544629641344 0.0006509910825610724 0.008510436140029692 0.008178031291486443 6.998741124465577e-5 0.005221416810091582 0.0037922063310935716 0.0006389582247734129 0.009666023459083213 0.015550819295937185 -0.001658025961073928 9507.350780127994 7.387759585019642e8
6150 390710.9715995931 63.68296224755417 9.066433677491629e-5 0.004225643868574117 0.0022281407857677347 0.0006316161315832543 0.008629285523091699 0.007493144415120661 7.01184256654223e-5 0.005163823532030662 0.003870314220429004 0.0006200276073680805 0.009631967352978322 0.014980795431445613 -0.0016529634232175829 9507.350780127976 7.387759532667351e8
6200 393895.8951407816 63.73983596099331 9.051018612519105e-5 0.004208087842937848 0.0022689424113992696 0.0005765467249047136 0.008481986551920182 0.007096563620114051 6.999920788606407e-5 0.005046638148287597 0.0040011154762791285 0.0005660254838447368 0.009945252255736758 0.013959036206186989 -0.0016410525594211872 9507.350780127974 7.387759480200738e8
6250 397087.79161055345 63.95840838833519 9.02987034462159e-5 0.004177673188674328 0.0023226960987155535 0.0005084491234313445 0.008429146659178413 0.0069525237196516685 6.983565038317714e-5 0.004909218366129361 0.0041716237212737865 0.0004990359738937258 0.010711211348426886 0.013178119393756875 -0.001631415501584285 9507.35078012796 7.38775942799886e8
6300 400257.3393449869 63.933827755490825 9.032301758126607e-5 0.004144780295945997 0.0023799917790005916 0.000529172937521724 0.008394734703696968 0.006813662207612374 6.985445456719381e-5 0.004787920156413788 0.00435384242595336 0.0005193798794290816 0.012960503719098451 0.011867336182106029 -0.0016322706085546636 9507.350780127988 7.387759376300373e8
6350 403447.98570263037 63.723052966931476 9.068600348526776e-5 0.00411879961127267 0.0024318010589952045 0.0006040837531443927 0.008335208084415582 0.006674582336555152 7.013518237100697e-5 0.004702694275308245 0.004511033826230467 0.000593045679007596 0.014202423015611641 0.010276267191697915 -0.0016385520876456758 9507.350780127983 7.38775932412643e8
6400 406589.37912131246 63.67394042740429 9.129063035489049e-5 0.004107882605841386 0.0024672233472126243 0.0006553079117253102 0.008510801246843135 0.00666086951367693 7.060279163991383e-5 0.004666092646152998 0.004592322868520081 0.0006432602816323164 0.015412301853889743 0.009992107342281804 -0.0016453478353189803 9507.350780127976 7.387759272541647e8
6450 409775.1201496966 63.75028333852787 9.187831095089804e-5 0.004116646569542088 0.0024781851579124617 0.0006742166956300276 0.008677171830049811 0.007196891879644604 7.1057294917164e-5 0.0046834117842864086 0.004561345651231065 0.0006617632703485825 0.01614763747818388 0.010627034117156597 -0.0016476712835970864 9507.350780127976 7.387759220072113e8
6500 412960.22342021053 63.68177872515254 9.21209813353511e-5 0.004147098912516696 0.0024602148827778153 0.0006550374628290256 0.008386380923205587 0.007066348338704972 7.124497251901973e-5 0.004758040275809441 0.004422113295075937 0.0006429848271434631 0.01527656964330501 0.010791258479134569 -0.0016419094372237947 9507.35078012799 7.387759167669803e8
6550 416122.31993822125 63.77318446996209 9.189056714071731e-5 0.004196874684513559 0.002418324537140838 0.000600155245023249 0.008309054574610557 0.0070605192765635354 7.106677366842909e-5 0.004883494210350459 0.0042329615933581755 0.0005891917564140193 0.014129111321672067 0.011020451027306602 -0.0016313656500840153 9507.35078012798 7.387759115905516e8
6600 419316.7620865282 64.02603980377113 9.156854997726358e-5 0.004260511183875598 0.0023634268310231098 0.0005267030696666983 0.00831830520430245 0.007153203650325787 7.081773046845903e-5 0.005044670193362516 0.0040562846395657895 0.0005169681036980809 0.013137188840983938 0.01138450896690612 -0.0016222870373884184 9507.350780127961 7.387759063957232e8
6650 422516.88119424036 63.8717314433209 9.162165798177129e-5 0.004327402355018007 0.0023105643913992184 0.000553005040775578 0.008343318608816304 0.00712727249217387 7.085880339530534e-5 0.005210781215750008 0.003931802030609418 0.0005428073798865818 0.01090188150863263 0.012938772601396956 -0.001622087183122936 9507.35078012799 7.38775901206882e8
6700 425654.849779522 63.69880229162627 9.211723487582636e-5 0.004384542190762178 0.002273787275589024 0.0006275351542793152 0.008345279058670961 0.00720314858323276 7.124207506380837e-5 0.005341882624662873 0.0038699977781567387 0.0006160603952164706 0.010030339683052178 0.014204641865634604 -0.0016295002592335026 9507.350780127992 7.387758961068892e8
6750 428838.74130218016 63.68416246823615 9.273118938532668e-5 0.004423754360218331 0.0022592268594572745 0.0006741181439624916 0.008904772748643085 0.007661953340725374 7.171689818818865e-5 0.005407638150753021 0.003865371432591002 0.000661672568737612 0.009732526789963404 0.015740766169051984 -0.0016405590110489547 9507.350780127997 7.387758909007059e8
6800 432000.0 38.647359035443515 9.302611349083266e-5 0.004438356026623297 0.002267877582239881 0.0006840830131954999 0.00889318220975942 0.00784961089318401 7.194498802712309e-5 0.005387356509844826 0.003913412324483342 0.0006714470371948007 0.00941437940551755 0.016284338777632485 -0.001646065505305505 9507.350780127961 7.387758857029998e8
