#timestep time dt l2_h l2_h_vcon1 l2_h_vcon2 linf_h linf_h_vcon1 linf_h_vcon2 dsdu_ut entropy h_squared 
0 0.0 100.0 0.0 0.0 0.0 0.0 0.0 0.0 -2.955002141485038e-12 7.387780849071515e8 1.0400221015656292e8
200 5661.308022612511 28.316050003833496 6.4425908712661915e-6 1.8152727969161862e-9 2.3176384063162178e-9 5.258027977106394e-5 3.403180293126695e-8 4.03695894490852e-8 -1.8422275650708137e-12 7.387780849071475e8 1.0400221015656233e8
400 11341.143254524559 28.467515834133764 6.410038501457562e-6 2.240578711781004e-9 2.255545374462031e-9 7.033960764601943e-5 4.412501653644485e-8 3.0544354916867134e-8 -2.419670977552878e-12 7.387780849071493e8 1.0400221015656272e8
600 17014.247995937414 28.302090350339498 7.307672017206871e-6 2.9733945382402015e-9 2.5805578616902286e-9 8.377631183975609e-5 4.6666226216629525e-8 6.540668021082219e-8 -3.460814336449112e-12 7.387780849071519e8 1.0400221015656225e8
800 22676.11520898951 28.31306872768035 7.157945673507646e-6 3.6246241717837004e-9 2.8049191699464823e-9 7.688035066166776e-5 7.207869642811282e-8 1.0358066004911848e-7 -3.0595074089177763e-12 7.387780849071561e8 1.0400221015656243e8
1000 28337.599861976334 28.339708223421304 7.5721841422102314e-6 4.1436224713363804e-9 3.0701346032277984e-9 6.599312223443121e-5 6.804065328519515e-8 1.0540389348834278e-7 -2.6537168297019433e-12 7.387780849071524e8 1.0400221015656321e8
1200 34021.968069197035 28.416341042802227 8.927371322876828e-6 4.6340974026639235e-9 3.197335079912535e-9 6.719684915879043e-5 9.37126519856557e-8 1.7179332423983285e-7 -3.1056261314483516e-12 7.387780849071492e8 1.0400221015656291e8
1400 39689.37715763296 28.296367530378106 9.10991924562541e-6 5.156758091558675e-9 3.5077341101509573e-9 9.982055098589626e-5 9.023004740593699e-8 1.7033721816384073e-7 -9.598230887842044e-13 7.387780849071488e8 1.0400221015656258e8
1600 45323.51181008803 28.300363565415815 1.0019134870051777e-5 5.691833482234743e-9 3.6306506362308908e-9 7.126660739231738e-5 1.1304019731372961e-7 2.2222282974881935e-7 -2.334141779930872e-12 7.387780849071498e8 1.0400221015656295e8
1800 50986.930684596126 28.37159660603623 1.051977609103253e-5 6.241886720030951e-9 3.933710046030266e-9 8.096311012195656e-5 1.0292866083061458e-7 1.103485487985445e-7 -2.0984715134119114e-12 7.387780849071499e8 1.0400221015656283e8
2000 56672.82674757714 28.375025595431012 1.1024396386720625e-5 6.719532225542035e-9 4.099550663333853e-9 7.261804785230197e-5 1.3512833951789816e-7 1.7118664044635246e-7 -2.50123725502676e-12 7.387780849071599e8 1.0400221015656276e8
2200 62336.44042547098 28.299615406353425 1.1293264141178692e-5 7.308972402023373e-9 4.2862731305368485e-9 7.414070023514796e-5 1.1761413613864402e-7 1.4063834712085832e-7 -1.434812571485085e-12 7.387780849071494e8 1.0400221015656218e8
2400 67998.60613307315 28.296312822416226 1.1991681019480786e-5 7.76101863457728e-9 4.525236060588234e-9 0.00012754769545608724 1.1253374204711619e-7 2.5191152833170527e-7 -2.4252152368518976e-12 7.387780849071537e8 1.0400221015656246e8
2600 73665.81770078444 28.413246186677895 1.3468592052668266e-5 8.10176252431484e-9 4.653386225069393e-9 9.498108465777477e-5 1.493898246912595e-7 1.87527121137121e-7 -1.888632618154362e-12 7.387780849071506e8 1.0400221015656349e8
2800 79350.30946126486 28.341608757143508 1.4891358905889478e-5 8.475492202851268e-9 4.87589409725629e-9 0.00011149132069476764 1.422336376316613e-7 1.7041481066570885e-7 -1.135086582629839e-12 7.387780849071523e8 1.0400221015656292e8
3000 85011.84099113445 28.31192859887354 1.5628592736264727e-5 9.219972793151104e-9 4.9622629641441e-9 0.00012527613625934464 1.5177891465878446e-7 1.2801535242967788e-7 -1.6089149488718606e-12 7.3877808490715e8 1.0400221015656248e8
3200 90645.71088189015 28.30118717357311 1.633011737449909e-5 9.58848861051529e-9 5.138430092127063e-9 0.00011362218674548785 1.5667490357862413e-7 1.9854657440365742e-7 -1.6191639793129169e-12 7.387780849071486e8 1.040022101565626e8
3400 96318.38132736464 28.462472864369914 1.7034911236724233e-5 1.0060927686169788e-8 5.190575777383708e-9 0.00010286972110407078 1.5296429843603132e-7 2.0614642748384426e-7 -2.9624953151370967e-12 7.387780849071493e8 1.0400221015656304e8
3600 101998.60994355363 28.31782796236312 1.782507139487455e-5 1.0475295751123775e-8 5.468952511167516e-9 0.00011574079871934373 1.2420416906078202e-7 1.830816528797241e-7 -3.9068812026583035e-12 7.387780849071542e8 1.0400221015656272e8
3800 107659.8731731614 28.332597112076883 1.839884331122102e-5 1.0953987281587066e-8 5.821888264020968e-9 0.0001328217131231213 1.3951765072406364e-7 1.4329430703119428e-7 -3.342972981213554e-12 7.38778084907149e8 1.0400221015656167e8
4000 113321.21014721121 28.315269522675464 1.9140185990313584e-5 1.1342068780355869e-8 5.980175083139201e-9 0.0001387985648761969 1.535934711638376e-7 1.5673441017272083e-7 -2.929935235707515e-12 7.387780849071525e8 1.0400221015656286e8
4200 119000.79307447071 28.469822118660428 2.0045101412011596e-5 1.1791757922469512e-8 6.0755414354646925e-9 0.0001361310669381055 1.5247823147157558e-7 2.2604655412067354e-7 -2.2717921354005053e-12 7.387780849071512e8 1.0400221015656193e8
4400 124674.17253959888 28.30252485596829 2.0624851075217077e-5 1.2279045285510027e-8 6.079729617683202e-9 0.00013269412374938838 1.7733717727619336e-7 1.3062363943272537e-7 -3.836355582428014e-12 7.387780849071524e8 1.0400221015656185e8
4600 130308.00458792367 28.3142395237557 2.122021925897834e-5 1.2787181367284124e-8 6.4576793131294956e-9 0.00015917003179310996 1.758551317343482e-7 1.7181077149874824e-7 -2.7344254317041533e-12 7.387780849071512e8 1.0400221015656255e8
4800 135969.4212549861 28.33786255094068 2.173683502850215e-5 1.3178536909195295e-8 6.479359954266248e-9 0.00012898832756036427 2.2914685618435904e-7 1.6957737859757405e-7 -1.6153053969174843e-12 7.387780849071529e8 1.0400221015656267e8
5000 141653.5823196989 28.41944817282132 2.29611296652761e-5 1.3613127095688778e-8 6.567177454687353e-9 0.00013915474846726283 2.425900348657084e-7 2.5654365104488264e-7 -2.6607122452677635e-12 7.387780849071475e8 1.0400221015656275e8
5200 147321.31140871398 28.29646223554663 2.385600385672126e-5 1.3925298987495319e-8 6.872352459422891e-9 0.00016024386786739342 2.0093986841107636e-7 1.7442391286870418e-7 -1.8804860173607305e-12 7.387780849071497e8 1.040022101565623e8
5400 152983.46074009643 28.300727292951247 2.4891169131504343e-5 1.4286301972186202e-8 7.151261360356698e-9 0.00015925302795949392 1.5954149798491635e-7 2.3694350784198015e-7 -2.5131260154711345e-12 7.387780849071574e8 1.04002210156562e8
5600 158646.76230806013 28.370069347989773 2.5460927338229837e-5 1.465068261079937e-8 7.471890672483464e-9 0.00017029346236085985 2.664190594664495e-7 2.2916481062784655e-7 -4.1293029676530795e-13 7.387780849071512e8 1.04002210156562e8
5800 164332.65151991913 28.37660300056538 2.611872318331746e-5 1.504655763191006e-8 7.682032185054047e-9 0.00016434273129561916 3.5698030269315506e-7 2.951494986747072e-7 -1.5845858258731217e-12 7.387780849071447e8 1.0400221015656228e8
6000 169996.39074427297 28.299301691703484 2.6500358116595877e-5 1.5503106077374998e-8 7.952739529736734e-9 0.0001738751816446893 1.5436105454957882e-7 2.0645756729220643e-7 -2.2788475571394624e-12 7.387780849071501e8 1.0400221015656334e8
6200 175630.5723740201 28.296298475534016 2.701486454109939e-5 1.587761867250162e-8 8.246541055987649e-9 0.00015471903316210955 2.2080557657289113e-7 3.2984787612377886e-7 -2.1970927059290636e-12 7.387780849071459e8 1.0400221015656184e8
6400 181297.47710109127 28.410218846123037 2.8053503192384384e-5 1.6208453661335083e-8 8.381612670604311e-9 0.00019337382582307328 3.2301200318662904e-7 2.4707911587540377e-7 -3.782536446580629e-12 7.387780849071518e8 1.04002210156562e8
6600 186982.15421486105 28.343534057470208 2.897916336391226e-5 1.6592353708707667e-8 8.636513289067993e-9 0.00019086774227616843 3.5726851456419073e-7 2.3923929848290726e-7 -3.143991314558683e-12 7.387780849071503e8 1.0400221015656312e8
6800 192643.76679343233 28.31083732455255 2.996028262147063e-5 1.6930587827012607e-8 8.947844292638349e-9 0.0001953658338607056 2.2833962970425503e-7 2.5225398704586954e-7 -2.249144800570304e-12 7.387780849071537e8 1.0400221015656309e8
7000 198305.67921203483 28.300803443657657 3.0515039200145207e-5 1.7340785044506778e-8 9.08948649488904e-9 0.0001811457459552912 2.190729708473338e-7 4.335551095913104e-7 -2.1903193670478725e-12 7.387780849071536e8 1.040022101565635e8
7200 203978.08327821628 28.460216637175094 3.090797184639631e-5 1.7745713560889078e-8 9.327010726525834e-9 0.00018694523350859527 3.747407446991202e-7 3.5272957460419363e-7 -2.502024574307396e-12 7.387780849071475e8 1.0400221015656185e8
7400 209658.55034748415 28.3186583598424 3.1498950743938535e-5 1.8188563520232086e-8 9.520450169768338e-9 0.00021204085533099715 3.208982856661713e-7 3.4453677830170726e-7 -2.8788049507529034e-12 7.387780849071501e8 1.040022101565628e8
7600 215319.78978959136 28.33154985845144 3.203958060274679e-5 1.8611843866697185e-8 9.918996498039804e-9 0.00019107915431959555 2.3275757143285253e-7 3.7101690367191686e-7 -1.4255188536787698e-12 7.387780849071577e8 1.0400221015656315e8
7800 220953.1574963719 28.314056620384036 3.273716102500919e-5 1.8959990105719736e-8 9.970251136587529e-9 0.0001930841553985374 2.7998101755077887e-7 4.3162055311796177e-7 -2.56378343024382e-12 7.387780849071523e8 1.0400221015656254e8
8000 226632.3277642131 28.473533657155084 3.3709162483440445e-5 1.934576099656916e-8 1.0106941408823835e-8 0.00019722038086911198 4.89193200767235e-7 4.7390473251196497e-7 -2.3320176930205605e-12 7.387780849071459e8 1.0400221015656258e8
8200 232306.15209147683 28.303251195090112 3.469310304563527e-5 1.96553511117542e-8 1.039527047277252e-8 0.00021515149273909628 3.3238467711527164e-7 4.4947788224725116e-7 -2.6359774972900953e-12 7.387780849071498e8 1.0400221015656233e8
8400 237967.9707555676 28.314991415772802 3.5400428850416916e-5 2.0036765416911225e-8 1.0783411587427259e-8 0.00022451994118455332 2.176920829849438e-7 4.5774263124354064e-7 -2.386642814076815e-12 7.387780849071543e8 1.0400221015656257e8
8600 243629.34896554778 28.336729103096783 3.604643648580722e-5 2.0403902667794887e-8 1.0826837287542099e-8 0.0002057169440377038 3.4516481695057166e-7 4.153672626960869e-7 -2.8633141447729264e-12 7.387780849071554e8 1.0400221015656218e8
8800 249313.3741764315 28.42141080567443 3.695125213319332e-5 2.0743146359305708e-8 1.1011772165513598e-8 0.00021777488836960401 5.386561958281577e-7 4.41543319740223e-7 -1.6610759280944656e-12 7.387780849071501e8 1.0400221015656295e8
9000 254981.30740022293 28.296541858361827 3.83091431236324e-5 2.1139011435854764e-8 1.1057371048873343e-8 0.00021718590869568288 4.044461414665079e-7 5.14422673597581e-7 -1.0493716829525822e-12 7.387780849071544e8 1.0400221015656261e8
9200 260615.47400091946 28.301339798132116 3.900171148988894e-5 2.1556010815418886e-8 1.1368802148752413e-8 0.00023647529269510414 3.2409185003051677e-7 5.845225644063312e-7 -2.521317964898104e-12 7.387780849071461e8 1.040022101565627e8
9400 266278.5947512061 28.367664059244717 3.9752581667950325e-5 2.1919878948589562e-8 1.1562003734360817e-8 0.00022919767616258468 4.5286675302846913e-7 3.1813798745394806e-7 -2.4596868987780505e-12 7.387780849071491e8 1.0400221015656321e8
9600 271964.4628587574 28.37915216450141 3.9971180228837816e-5 2.2482921340688435e-8 1.1666934622070775e-8 0.00026306407562515233 6.284012635526803e-7 4.1967153077693276e-7 -2.1550991535381846e-12 7.38778084907148e8 1.0400221015656213e8
9800 277628.4088800604 28.298833031287433 4.068671103364675e-5 2.278451776180735e-8 1.206909427369933e-8 0.0002612452062749071 2.607648833530263e-7 4.958757220396848e-7 -2.9111975154419245e-12 7.387780849071555e8 1.0400221015656282e8
10000 283290.587570843 28.296309670499866 4.110813012705717e-5 2.3182957344863392e-8 1.2378140427322884e-8 0.0002611903655633796 2.756529139391617e-7 5.487819242366854e-7 -3.299983912650199e-12 7.387780849071474e8 1.0400221015656194e8
10200 288957.3044665344 28.408345895862098 4.183344711943074e-5 2.3549337638745004e-8 1.2562666017797625e-8 0.00022447480296250433 5.495442218367286e-7 3.5704395263957966e-7 -2.670516643726017e-12 7.387780849071494e8 1.0400221015656234e8
10400 294642.09117376665 28.344758086967076 4.298170094717319e-5 2.3934637487960106e-8 1.2811859711875514e-8 0.00026735636856756173 6.614070987565057e-7 4.0783722471404715e-7 -2.6669973983336062e-12 7.387780849071515e8 1.0400221015656276e8
10600 300303.758446593 28.310174893341266 4.420666964970125e-5 2.431159597439869e-8 1.2969235364911067e-8 0.00027781123026215937 3.3303890090152777e-7 4.844955841104559e-7 -3.257107796883337e-12 7.387780849071503e8 1.0400221015656212e8
10800 305937.7209785634 28.300223293013048 4.4914285052540075e-5 2.4547974398360913e-8 1.3101051630865772e-8 0.00026898069882008713 3.2374646471988733e-7 7.638899941486699e-7 -2.525277056137873e-12 7.387780849071565e8 1.0400221015656228e8
11000 311609.70626917627 28.456647098348892 4.543239589803479e-5 2.5000492014526308e-8 1.3356955437681646e-8 0.0002689022931008367 6.224859446651854e-7 4.0118525856946974e-7 -1.6387095992415551e-12 7.387780849071488e8 1.0400221015656352e8
11200 317290.54370059754 28.320016094121094 4.596602534288966e-5 2.5373696318167123e-8 1.3667740251574902e-8 0.0003010524706041906 6.507973623337548e-7 5.104612574025058e-7 -1.7792190491698055e-12 7.38778084907153e8 1.0400221015656193e8
11400 322951.75154672086 28.329909513720438 4.645418444518239e-5 2.5791775278580085e-8 1.4192780896478115e-8 0.000274021696895943 3.914208346333936e-7 6.072332405238079e-7 -9.853504207914978e-13 7.387780849071529e8 1.040022101565629e8
11600 328613.1619157314 28.313318222742026 4.674468881530087e-5 2.618592718300833e-8 1.4031422154879858e-8 0.000269363945335499 3.8367390803317747e-7 6.543976871081769e-7 -8.718252024998756e-13 7.387780849071548e8 1.0400221015656257e8
11800 334292.06763306324 28.475873993972893 4.761735271575579e-5 2.656245084957528e-8 1.4444533657833922e-8 0.00029955594436614774 6.955776041400741e-7 6.326485365582002e-7 -1.4405056496830844e-12 7.387780849071534e8 1.0400221015656276e8
12000 339966.1741532033 28.303725758150343 4.841325271506341e-5 2.6960075876915252e-8 1.4660233802450799e-8 0.0003000060642079916 4.810578327629766e-7 6.460691367449201e-7 -1.6467187182945409e-12 7.387780849071524e8 1.0400221015656272e8
12200 345600.0 0.3423745152540505 4.9349991234652665e-5 2.7388274259677585e-8 1.499607255510043e-8 0.0002770622286334401 4.05126721336746e-7 7.396575382040416e-7 -2.094677065231436e-12 7.387780849071462e8 1.0400221015656239e8
12400 351261.3232242908 28.334951328854302 4.998103296534529e-5 2.7607148121324894e-8 1.5165501919515464e-8 0.00028462305090215523 4.587822188401036e-7 4.812057195768826e-7 -1.8079999960523348e-12 7.387780849071512e8 1.0400221015656307e8
12600 356945.1207227587 28.424574959015935 5.084213740199725e-5 2.8040982456867804e-8 1.5363642103765046e-8 0.0002922255425801268 7.740142314166532e-7 6.382327018827905e-7 -2.689314190684665e-12 7.387780849071481e8 1.0400221015656283e8
12800 362613.38625847845 28.29670134059421 5.204748396795038e-5 2.8314381750557288e-8 1.548541360942156e-8 0.0002968234766740352 5.892842462884573e-7 7.318557330160402e-7 -2.882313188033792e-12 7.387780849071519e8 1.0400221015656321e8
13000 368275.51607843296 28.301742905965195 5.2645924634985814e-5 2.871614143292519e-8 1.5938612801525397e-8 0.00031358530577563215 4.3254854004137755e-7 8.718166465415678e-7 -1.9306035560552653e-12 7.387780849071547e8 1.0400221015656236e8
13200 373938.52778412733 28.366179495924584 5.317120631928476e-5 2.9086523574730765e-8 1.5935815226836348e-8 0.0003180193070875248 5.962139671550348e-7 4.5438282940402086e-7 -4.085742195210868e-12 7.387780849071494e8 1.0400221015656275e8
13400 379624.375780235 28.380766247116266 5.3618066054520646e-5 2.9502637057974538e-8 1.636529015027411e-8 0.00032512281177332625 8.792060546408687e-7 6.624114629039113e-7 -3.1247783310434443e-12 7.3877808490715e8 1.0400221015656294e8
13600 385288.45521299756 28.298560343354588 5.397257046280905e-5 2.9950067137177355e-8 1.6357477965250075e-8 0.00034583423075673636 5.228135197821171e-7 7.248396969306015e-7 -2.97113524684168e-12 7.387780849071518e8 1.0400221015656294e8
13800 390922.6923220262 28.29635988839993 5.432822034339525e-5 3.035798439098206e-8 1.6642454238361368e-8 0.00033592751242395025 4.1392564062436854e-7 8.924922335618035e-7 -2.748396161066927e-12 7.387780849071462e8 1.0400221015656337e8
14000 396589.11580465216 28.40538709016073 5.46631052003603e-5 3.070028884679069e-8 1.6896845017257144e-8 0.0003257908610976301 7.033975332332298e-7 5.298897539085523e-7 -2.7833694099876737e-12 7.387780849071518e8 1.0400221015656213e8
14200 402274.0661402726 28.3467444843279 5.590850180035583e-5 3.11355376462491e-8 1.696506053984626e-8 0.00037146250542718917 9.108097462490194e-7 6.480640084571831e-7 -2.4506391883335877e-12 7.387780849071511e8 1.0400221015656266e8
14400 407935.82724160346 28.309149164472814 5.724772470555785e-5 3.139929516703187e-8 1.7311543026971716e-8 0.00035911133818444796 4.900932949469805e-7 6.216209035986298e-7 -1.8077673898697274e-12 7.387780849071534e8 1.0400221015656342e8
14600 413597.7814850133 28.299880547096144 5.8236449304461694e-5 3.167649817924161e-8 1.7241916610306984e-8 0.0003625851131801028 4.7418021209555405e-7 1.030921788380823e-6 -2.017642779410042e-12 7.387780849071491e8 1.0400221015656318e8
14800 419269.5088390055 28.454433839810942 5.9086992473429506e-5 3.206529168667812e-8 1.7654192607828337e-8 0.00033281690593867097 8.599792674646167e-7 5.467159110150721e-7 -2.432555373823115e-12 7.387780849071516e8 1.0400221015656196e8
15000 424950.5706952091 28.320885574964677 5.980701262582079e-5 3.2461126660090575e-8 1.787821139509212e-8 0.0003605716465244768 8.935059398057499e-7 7.417903375717128e-7 -2.1652290092066708e-12 7.387780849071538e8 1.0400221015656136e8
15200 430611.7628369231 28.328903344764623 6.004538895254169e-5 3.288409024912855e-8 1.8419282411343384e-8 0.00036508531411527656 6.106455001098077e-7 6.396605342351425e-7 -3.4487465745391096e-12 7.387780849071486e8 1.0400221015656318e8
15250 432000.0 0.3589579361723736 6.013664680360405e-5 3.299164699936045e-8 1.844526958918841e-8 0.0003419939930608962 5.843508911473894e-7 8.710361737440664e-7 -2.832359335171462e-12 7.387780849071555e8 1.040022101565633e8
