#timestep time dt l2_h l2_h_vcon1 l2_h_vcon2 linf_h linf_h_vcon1 linf_h_vcon2 dsdu_ut entropy h_squared 
0 0.0 100.0 0.0 0.0 0.0 0.0 0.0 0.0 6.131606181730612e-12 7.387780850018977e8 1.0400221013227893e8
200 5235.702040698191 26.120346944836683 0.0022843680619925445 8.502790561027688e-7 9.63399216876063e-7 0.013758594306636951 9.081991465431649e-6 5.10753161037103e-6 -9.3269399013587e-8 7.387780850014763e8 1.0400221013300984e8
400 10458.965944289748 26.139908004730376 0.0021977507108479413 1.3696989761969113e-6 1.0702974753339832e-6 0.012460307395940617 1.2569896441161355e-5 6.408550319081385e-6 -8.98342970456609e-8 7.38778085000996e8 1.0400221013513893e8
600 15682.895509923865 26.11353344575295 0.0022101928913994336 1.7634885406942514e-6 1.2325309613534942e-6 0.012585204216065904 1.4881051500825748e-5 7.899220981988364e-6 -8.953678535668554e-8 7.387780850005345e8 1.0400221013730691e8
800 20915.29181624301 26.236335828319426 0.002239071474992898 2.022396889752274e-6 1.3662270637422691e-6 0.012961606698809192 1.5632863324732682e-5 8.070441935875694e-6 -9.174301309469954e-8 7.387780850000541e8 1.0400221013798934e8
1000 26153.969098025053 26.129058413706606 0.0022329911432587436 2.1885828965427214e-6 1.4582646383686655e-6 0.012961822971647052 1.4721302846854023e-5 8.21304758807928e-6 -9.310076079285588e-8 7.387780849995733e8 1.0400221013691674e8
1200 31376.9909145683 26.128838319251784 0.002213929472252827 2.3140203344452184e-6 1.5182354719158215e-6 0.012757606840750668 1.3019150256421419e-5 1.0357234155322637e-5 -9.378820287349906e-8 7.387780849990778e8 1.040022101350587e8
1400 36601.466973175986 26.109692482087702 0.002231310509327904 2.404805178736707e-6 1.5514508757533736e-6 0.013000709234802343 1.4341126664874082e-5 1.017283529405888e-5 -9.496756522623642e-8 7.387780849985886e8 1.0400221013351184e8
1600 41831.15141443295 26.21344283455649 0.0022606145095242875 2.4466358682346058e-6 1.56813951404305e-6 0.013106287250593596 1.440928485529902e-5 9.172167217075256e-6 -9.605452192902991e-8 7.387780849980829e8 1.0400221013298945e8
1800 47072.00020946193 26.140099099803958 0.0022539958026887553 2.4674526874877115e-6 1.5806791214662628e-6 0.012972548238394666 1.3198067292830018e-5 9.88626012077276e-6 -9.643307294577932e-8 7.387780849975834e8 1.0400221013384512e8
2000 52295.25340253196 26.120133015155183 0.0022352304957354774 2.5100624465071786e-6 1.592822107620329e-6 0.012865055695783667 1.3720606798051094e-5 1.138978855602657e-5 -9.620462581919656e-8 7.38778084997075e8 1.0400221013526851e8
2200 57520.10297284492 26.10820530516082 0.002237116067215385 2.5650144784345404e-6 1.6017917210659769e-6 0.012900659547540272 1.5361088288035063e-5 1.1720444189927681e-5 -9.589894147466508e-8 7.38778084996573e8 1.0400221013650788e8
2400 62747.53115258165 26.192713081146763 0.0022501180267212296 2.589795103976774e-6 1.610434123198278e-6 0.013816881540606119 1.6057165566629727e-5 1.2208135782953988e-5 -9.62184255112203e-8 7.387780849960707e8 1.04002210137487e8
2600 67989.73923043584 26.15342875568011 0.0022329251242174243 2.5936113591197796e-6 1.609632659369892e-6 0.014648350386323727 1.5665026521671788e-5 1.3509502439737475e-5 -9.595680297283952e-8 7.387780849955676e8 1.0400221013720542e8
2800 73213.69279796991 26.113788027740373 0.0022139179877101525 2.627437591380335e-6 1.5884443224302658e-6 0.012907599436857708 1.4683416764138535e-5 1.2809120670365104e-5 -9.53746282463825e-8 7.387780849950668e8 1.0400221013551997e8
3000 78438.74408304933 26.109091175768118 0.002214971766759074 2.6945776105952857e-6 1.5597237120838136e-6 0.011859372571962012 1.6038385077021822e-5 1.3366275457921128e-5 -9.486730998487887e-8 7.387780849945736e8 1.0400221013381338e8
3200 83664.37809410591 26.17419227806485 0.0022426746776397434 2.754512778635398e-6 1.5399594676404648e-6 0.013100824171942804 1.684941470891932e-5 1.1003294947520281e-5 -9.541299236600581e-8 7.387780849940667e8 1.0400221013306087e8
3400 88907.13329831355 26.169034601216055 0.0022473440620312543 2.7931468927874474e-6 1.5317732299398708e-6 0.013198921485127357 1.802760841329576e-5 1.0876216771427138e-5 -9.568278085935311e-8 7.387780849935744e8 1.0400221013341236e8
3600 94132.25623607605 26.1098165252437 0.0022266948262081553 2.8369812715376415e-6 1.533447495273866e-6 0.013054234603714576 1.4341868904088617e-5 1.1718362692425544e-5 -9.544555864060258e-8 7.38778084993076e8 1.0400221013482125e8
3800 99357.3373665257 26.112350976016856 0.002232271423312816 2.892556579046669e-6 1.5458695377384245e-6 0.013774509652193956 1.5160852707363226e-5 1.1626650298773855e-5 -9.512809611067349e-8 7.387780849925746e8 1.0400221013680163e8
4000 104581.64230388068 26.157909464200486 0.002256442718088057 2.927678484406388e-6 1.5756947153508461e-6 0.01319080844950804 1.5913214281848553e-5 1.3602329443862526e-5 -9.56044482098686e-8 7.387780849920803e8 1.0400221013814498e8
4200 109824.13101199499 26.186887003012732 0.0022547927693331925 2.934227845920185e-6 1.6076956907110542e-6 0.01338183061716336 2.1320797488622034e-5 1.7925184911699032e-5 -9.57782374131482e-8 7.387780849915786e8 1.0400221013768215e8
4400 115050.88928864052 26.108217308897107 0.0022296934920345976 2.953288017241695e-6 1.618195269280218e-6 0.013220463744801236 1.4708087217707444e-5 1.1248896770956265e-5 -9.549942656821831e-8 7.387780849910758e8 1.0400221013547093e8
4600 120275.82759606974 26.11797748033219 0.002225811501813141 2.998938638827029e-6 1.612205992399764e-6 0.013062785774309305 1.487886449280662e-5 1.2285940030748455e-5 -9.512636057755455e-8 7.387780849905765e8 1.0400221013315102e8
4800 125499.27005715435 26.143886577074973 0.0022484980573393484 3.037802630304638e-6 1.6098609051074118e-6 0.01326185027255633 1.5452938084026258e-5 1.1098050425872863e-5 -9.555432762337308e-8 7.387780849900848e8 1.040022101324947e8
5000 130727.76916117723 26.20739030313069 0.002255093730473976 3.050175730473648e-6 1.6144707277339299e-6 0.013657963552759611 2.158326062318139e-5 1.1458095129035506e-5 -9.596791416623061e-8 7.387780849895786e8 1.0400221013372183e8
5200 135956.67325250356 26.1090281418957 0.0022332673294476607 3.059210869781495e-6 1.6235639592044397e-6 0.013170232938591653 1.5988532049593385e-5 1.1043252842790618e-5 -9.579871666259945e-8 7.387780849890798e8 1.0400221013565549e8
5400 141181.28817309652 26.12616176602944 0.002228630967264421 3.0848561539087825e-6 1.6382718550013615e-6 0.012636206722618226 1.4627444738124495e-5 1.315625582551383e-5 -9.535551888940406e-8 7.387780849885806e8 1.0400221013731042e8
5600 146404.3348310015 26.131935499155016 0.002247663414092497 3.1046317616035345e-6 1.6625558347420081e-6 0.013291978359120549 1.5251762462642482e-5 1.1689896358246799e-5 -9.558387438638098e-8 7.38778084988076e8 1.0400221013807596e8
5800 151643.80246876023 26.22967691250171 0.002254241887743525 3.0980749529051528e-6 1.6892065152541235e-6 0.014589581329801149 2.219270247938443e-5 1.895238468604954e-5 -9.605187602317378e-8 7.387780849875795e8 1.0400221013695405e8
6000 156875.27131877228 26.112206272018565 0.0022338784404647553 3.096163216192329e-6 1.6983460560930323e-6 0.014602221197947074 1.8216680689575604e-5 1.4787265185271792e-5 -9.599219115672274e-8 7.387780849870747e8 1.0400221013476545e8
6200 162099.394790842 26.136565068682895 0.002228740842600954 3.124232833920226e-6 1.6888731987379586e-6 0.012879613334007445 1.4365109995972958e-5 1.2786981431894828e-5 -9.546784797177912e-8 7.387780849865776e8 1.0400221013343923e8
6400 167322.52970239724 26.122561803419984 0.0022461633201283637 3.160753358956994e-6 1.6771150463077446e-6 0.0127816741614879 1.4760386173318096e-5 1.1465801950216736e-5 -9.561320910444419e-8 7.387780849860774e8 1.040022101333139e8
6600 172559.27966685678 26.254104606812678 0.002259241966312118 3.173552711943148e-6 1.6694979811560906e-6 0.01420086554799127 2.2293480085977535e-5 1.2075931846156074e-5 -9.612829152675827e-8 7.387780849855709e8 1.0400221013407983e8
6800 177793.7666381733 26.11773750528357 0.00224194313315763 3.1743429025243094e-6 1.6675943998888658e-6 0.014126789991678379 2.0214098582660434e-5 1.0743457017903246e-5 -9.604604541130675e-8 7.38778084985065e8 1.04002210135492e8
7000 183017.2342493886 26.14452104670954 0.002227483689491627 3.190882879983137e-6 1.6731644666941973e-6 0.013085300963666668 1.4312418906925473e-5 1.2609468292568149e-5 -9.55024174548883e-8 7.387780849845682e8 1.0400221013692987e8
7200 188240.92163775457 26.11551848447058 0.0022496457444765865 3.2116781058334374e-6 1.6893855172863655e-6 0.013318075251390837 1.5027024834468605e-5 1.2043098814001896e-5 -9.560264388275325e-8 7.387780849840698e8 1.0400221013761733e8
7400 193474.4189233789 26.24521126250033 0.0022612666125921633 3.207711400754682e-6 1.71137849329705e-6 0.013710205963434419 2.1686228574679944e-5 1.8440377591744106e-5 -9.604651304354195e-8 7.387780849835694e8 1.0400221013707787e8
7600 198712.10390564747 26.12561113343166 0.0022449730872333195 3.196598314250639e-6 1.7215737938783464e-6 0.013958728210582194 2.0614353380521422e-5 1.7153526290739074e-5 -9.609762661338686e-8 7.387780849830661e8 1.0400221013547078e8
7800 203935.1591023999 26.132600983053955 0.002231900441570698 3.21410333190501e-6 1.7133718145443733e-6 0.013186034441787342 1.5157927074349598e-5 1.2969650246108522e-5 -9.549635665096542e-8 7.3877808498256e8 1.0400221013376358e8
8000 209159.45592356895 26.110820035616065 0.0022445834190577127 3.248408535517027e-6 1.7024040116617981e-6 0.012811874461476691 1.568408553520584e-5 1.1608469019042111e-5 -9.551645950340974e-8 7.387780849820656e8 1.0400221013302444e8
8200 214390.07656970943 26.2215415560024 0.00226176290011705 3.2618333688508355e-6 1.6951922805022095e-6 0.014239216752685024 2.171938801587281e-5 1.1821135525225124e-5 -9.604694681674056e-8 7.387780849815665e8 1.0400221013359965e8
8400 219630.2282741732 26.13581025572107 0.0022473105797192125 3.253383099826354e-6 1.6951626288824394e-6 0.014187523686359782 2.2865753860457083e-5 1.1143247987344118e-5 -9.615404300688444e-8 7.387780849810631e8 1.0400221013525072e8
8600 224853.34322055223 26.123035955893933 0.0022307678529804435 3.254919588382452e-6 1.7034392444491347e-6 0.01369074926014946 1.5256350675896257e-5 1.3255459466232633e-5 -9.567370834524215e-8 7.38778084980561e8 1.0400221013725165e8
8800 230078.07731270863 26.10847873495325 0.0022425450161790246 3.2687178416554895e-6 1.721371813482647e-6 0.013542154682909313 1.583967258822483e-5 1.2088745684285529e-5 -9.556669804899939e-8 7.387780849800649e8 1.040022101383357e8
9000 235306.27631580006 26.200025896578854 0.002262753531082878 3.264994881202229e-6 1.7454409111288836e-6 0.013643787898217852 2.0404723978684203e-5 1.733288941693778e-5 -9.6097530785383e-8 7.387780849795643e8 1.0400221013736898e8
9200 240548.08474043195 26.148312604229485 0.0022508052862596157 3.2464246218608284e-6 1.7602018674322936e-6 0.013165085431410262 2.2809106701493498e-5 1.9410130533262238e-5 -9.622954368088242e-8 7.387780849790572e8 1.0400221013507311e8
9400 245771.7300363855 26.115832645639188 0.0022307680932863866 3.2486655780144294e-6 1.7598425584311367e-6 0.013492163406681357 1.6266851298130103e-5 1.3006607131604841e-5 -9.574803205062229e-8 7.387780849785588e8 1.0400221013317657e8
9600 250996.72898502453 26.108501919523405 0.0022401302884411073 3.2751614356439945e-6 1.7523332659511219e-6 0.013352836534068047 1.602175693304897e-5 1.2077934197302076e-5 -9.558409277678405e-8 7.387780849780548e8 1.0400221013257822e8
9800 256222.96556279948 26.180699375788677 0.0022604808122189827 3.2906517449091624e-6 1.7435466329685666e-6 0.012869307152868714 1.814510450215412e-5 1.132515164381509e-5 -9.604244188781325e-8 7.38778084977556e8 1.0400221013390315e8
10000 261452.90747408324 26.163420151084882 0.002254436145340959 3.2824635156354617e-6 1.7389419658579756e-6 0.013599651261301915 2.1814772577677388e-5 1.1367279234231198e-5 -9.62918910017315e-8 7.387780849770534e8 1.0400221013628566e8
10200 266677.57718081865 26.110922763408027 0.0022339414300326715 3.2790391551180943e-6 1.7435110667510843e-6 0.013557788824073214 1.7233029455054893e-5 1.3137495677550959e-5 -9.585452091511716e-8 7.387780849765514e8 1.0400221013775644e8
10400 271902.66851735034 26.11096753669625 0.002237469473781758 3.292218121546665e-6 1.7561169739632423e-6 0.013296930981596233 1.7168538771539232e-5 1.2582845194897274e-5 -9.558609864519125e-8 7.387780849760499e8 1.0400221013771637e8
10600 277127.3801369993 26.163271438836002 0.002261200363805561 3.293399917668985e-6 1.7746979677250058e-6 0.013370264940022025 1.744371190337546e-5 1.4601320265650308e-5 -9.609402648039171e-8 7.38778084975546e8 1.0400221013662204e8
10800 282370.05502319755 26.18050190543039 0.0022583893332613334 3.274121701271154e-6 1.7872612175446105e-6 0.013471972333263693 2.3176728165152927e-5 1.980173245215433e-5 -9.639235584040407e-8 7.387780849750444e8 1.0400221013493282e8
11000 287596.19992106734 26.108506682412482 0.002238125713329724 3.2684878143375814e-6 1.7862103618856887e-6 0.013166392413950234 1.8359545311763537e-5 1.3189519575018682e-5 -9.59879710765608e-8 7.387780849745419e8 1.0400221013346845e8
11200 292821.207571401 26.115777131930997 0.0022383073422704834 3.293326958594222e-6 1.7768596222869664e-6 0.013061961112271092 1.6628417083996982e-5 1.3044955184171592e-5 -9.564745008899344e-8 7.387780849740293e8 1.0400221013321732e8
11400 298044.8955423774 26.14846716723597 0.002260300927557456 3.31601380369435e-6 1.7658308565601997e-6 0.012993878976885753 1.7183475670923265e-5 1.061400770419052e-5 -9.606221700867584e-8 7.387780849735371e8 1.0400221013432331e8
11600 303286.7697132523 26.199808357597956 0.0022609674484179634 3.310560062456951e-6 1.7591766825078339e-6 0.013458241695389006 2.4349036825299653e-5 1.1796054493973251e-5 -9.639367238756846e-8 7.387780849730314e8 1.0400221013599981e8
11800 308514.85338580265 26.108461133725513 0.0022365343019320133 3.2983515861529695e-6 1.761502141394946e-6 0.013714620781684062 1.8233656673416476e-5 1.3104544820896624e-5 -9.610605427232495e-8 7.387780849725344e8 1.040022101372331e8
12000 313739.60504416964 26.122955125365564 0.0022342008683022005 3.303415159517861e-6 1.7727052548367135e-6 0.013404321672624064 1.614646567893452e-5 1.3575854266922871e-5 -9.569509252655181e-8 7.387780849720359e8 1.040022101375307e8
12200 318962.7382738953 26.135943628456392 0.002253113640862424 3.3075995141518497e-6 1.7881191812016708e-6 0.01382512820100601 1.6299733956115503e-5 1.3808076332111341e-5 -9.604374316912002e-8 7.387780849715381e8 1.0400221013689367e8
12400 324202.9990224933 26.221305196001808 0.0022546499817819826 3.291982290329795e-6 1.7973219022957904e-6 0.013976242391890992 2.2766568770982154e-5 1.9352977441544628e-5 -9.639132740327776e-8 7.38778084971026e8 1.0400221013550481e8
12600 329433.48108807654 26.1107808091479 0.00223294291008202 3.2803288803144516e-6 1.7968372667903912e-6 0.01412458824506757 1.848328918918618e-5 1.3249786754140902e-5 -9.613117995184069e-8 7.387780849705268e8 1.040022101337952e8
12800 334657.8047087821 26.132497821185748 0.0022276709820601053 3.3003674381730467e-6 1.7872777105077074e-6 0.013419257831174036 1.700783546032536e-5 1.3727267485941219e-5 -9.561411585359824e-8 7.387780849700221e8 1.040022101327705e8
13000 339880.8540670118 26.12572368237601 0.002248275592902954 3.3328763375849202e-6 1.7732118580400577e-6 0.013636643378504232 1.6583944938308726e-5 1.1721628844996168e-5 -9.581927035560139e-8 7.387780849695227e8 1.0400221013374236e8
13200 345118.6915495713 26.244956370180166 0.0022608986417943606 3.3447688278785246e-6 1.7613154728260293e-6 0.013554886751990125 2.1501326647854757e-5 1.1348711619729723e-5 -9.625958211784109e-8 7.387780849690225e8 1.0400221013601078e8
13400 350352.0270755322 26.115456186876084 0.0022396721515847563 3.344960867922763e-6 1.7569962615056435e-6 0.01381009015494783 1.8661586717927392e-5 1.2128918035980707e-5 -9.609876083750765e-8 7.387780849685124e8 1.0400221013765739e8
13600 355575.75020594924 26.1443930207929 0.0022271306534844297 3.3616904077857298e-6 1.7579314114222185e-6 0.013229454061729484 1.6761138092291628e-5 1.3759471620578001e-5 -9.560617903343026e-8 7.387780849680148e8 1.0400221013815896e8
13800 360799.18715236575 26.11782537255918 0.002243698494274953 3.3842191213683974e-6 1.7653676978982292e-6 0.013523905231977551 1.6381885081129255e-5 1.2370362635516496e-5 -9.56768122727735e-8 7.387780849675195e8 1.0400221013722278e8
14000 366033.8483326546 26.25438771295706 0.002260266843961454 3.386780497367174e-6 1.7779619065611717e-6 0.013837456583587482 2.0779937832338113e-5 1.7602381417430868e-5 -9.6109004714236e-8 7.387780849670153e8 1.0400221013493215e8
14200 371270.43431516894 26.122476920118828 0.002249543702451745 3.3813201331515683e-6 1.7886948181264726e-6 0.013909858118495322 1.933316189955958e-5 1.6043980909277722e-5 -9.611612373461993e-8 7.387780849665083e8 1.0400221013290884e8
14400 376493.58673476055 26.136683296294436 0.002236706058128172 3.3993361538645068e-6 1.7883942276761604e-6 0.01316459547570048 1.6194757245069358e-5 1.3673138687442243e-5 -9.568552736116122e-8 7.387780849660108e8 1.0400221013278748e8
14600 381717.68153342756 26.11226638640609 0.0022432633553795835 3.4317646628690425e-6 1.7783927661673862e-6 0.012901027681436972 1.6388380544518633e-5 1.0856254567037649e-5 -9.565264250894539e-8 7.387780849655119e8 1.0400221013449171e8
14800 386949.30060461117 26.22993806952116 0.0022535033032934763 3.447403436653672e-6 1.7638613750500954e-6 0.013687497644241375 1.881699616124166e-5 1.143069683134934e-5 -9.598199255300678e-8 7.387780849650079e8 1.040022101366608e8
15000 392176.1036013315 26.13203739480619 0.0022343281293985386 3.44781969256917e-6 1.7520267231612723e-6 0.014117991634975624 1.8885042492255977e-5 1.1356567766268588e-5 -9.59870316950567e-8 7.387780849645143e8 1.0400221013789676e8
15200 397399.14556748536 26.126070765013022 0.002214710119297596 3.4610287408872467e-6 1.7439728062712921e-6 0.013218089527072152 1.6133696655484808e-5 1.3554091821688097e-5 -9.554468904345093e-8 7.387780849640081e8 1.0400221013768852e8
15400 402623.7487381971 26.109022620372738 0.002216089495256668 3.4892728483983253e-6 1.7387382005306637e-6 0.012989241488412517 1.6608829257247493e-5 1.1438363267751717e-5 -9.533661546547537e-8 7.387780849635144e8 1.0400221013643631e8
15600 407852.73188176786 26.20720334156468 0.0022331962350134204 3.5059810695980855e-6 1.7411305758215578e-6 0.013574484772107098 1.6247333914920503e-5 1.3624355911873165e-5 -9.561639539945207e-8 7.387780849630089e8 1.0400221013478568e8
15800 413094.06104347325 26.143744944556136 0.002232047309512185 3.509104750596706e-6 1.7529394724480019e-6 0.013391090245477244 1.9505877423053875e-5 1.634677853583344e-5 -9.57451811397481e-8 7.387780849625045e8 1.0400221013349941e8
16000 418317.47093389183 26.11805219882963 0.002219022695221796 3.5296942123878213e-6 1.761172770689036e-6 0.012946552269568201 1.640046553685881e-5 1.3407560704725707e-5 -9.540699193678848e-8 7.387780849620061e8 1.0400221013338858e8
16200 423542.3984118508 26.10822881081585 0.0022279519099655306 3.5736234767675474e-6 1.7584517746094315e-6 0.012333746564763715 1.6888471637055424e-5 1.1969068910572256e-5 -9.518426335901887e-8 7.387780849615122e8 1.040022101346681e8
16400 428769.2600395583 26.187116449059932 0.0022492459501557097 3.610634519618806e-6 1.7504169539315465e-6 0.013016949049415416 1.7156437008725156e-5 1.1461854849643266e-5 -9.553949212740335e-8 7.387780849610138e8 1.0400221013632274e8
16600 434011.7135052615 26.157742460582877 0.0022453413918925315 3.6274473921716675e-6 1.7436831117041287e-6 0.013415433487807604 1.9307621355935112e-5 1.1960849010478336e-5 -9.572580519981159e-8 7.387780849605095e8 1.0400221013733973e8
16800 439235.960982406 26.112399763243726 0.0022220204070648895 3.6464016324240894e-6 1.7413836271258633e-6 0.013288659846693918 1.7081851359984634e-5 1.2746262968710287e-5 -9.541212341057031e-8 7.387780849600062e8 1.0400221013769852e8
17000 444461.0402151627 26.109801857889877 0.0022197037276849127 3.67882021450392e-6 1.7421187563249113e-6 0.012619661523785908 1.6542650359441247e-5 1.2086997653759646e-5 -9.510474851110634e-8 7.387780849595104e8 1.0400221013693e8
17200 449686.2420114697 26.16924056883559 0.0022404723989064715 3.7026351266883266e-6 1.749227829879733e-6 0.013083889273730165 1.6803825589106758e-5 1.1656940664295234e-5 -9.536573299636995e-8 7.38778084959015e8 1.040022101351335e8
17400 454929.0059520252 26.17400331252787 0.002244362828137407 3.706140535029318e-6 1.763406007116628e-6 0.013644885777921445 1.816172593344101e-5 1.4917905647837681e-5 -9.563117686186711e-8 7.387780849585164e8 1.0400221013361713e8
17600 460154.5583805297 26.109116925592886 0.0022288077564026694 3.716776838764097e-6 1.7707888407228291e-6 0.01304359658206522 1.6468223138110805e-5 1.2464670483491869e-5 -9.54062399607252e-8 7.387780849580158e8 1.0400221013313358e8
17800 465379.61691027496 26.11374541719276 0.002222918220649502 3.7518180551592343e-6 1.7644152114416625e-6 0.012411467205311055 1.6074413337618942e-5 1.2601390660615941e-5 -9.500715792385468e-8 7.387780849575235e8 1.0400221013401985e8
18000 470603.62418914266 26.153608259549742 0.0022386486347729427 3.7874804799442945e-6 1.754041138244657e-6 0.01334200923656681 1.7579881755880322e-5 1.2575126940195247e-5 -9.522108912951741e-8 7.387780849570241e8 1.0400221013619444e8
18200 475845.8843970271 26.192499023324537 0.0022375834272367855 3.8031782383516363e-6 1.7450521993249375e-6 0.014086154300002818 1.838122034331091e-5 1.248236614678766e-5 -9.55309598033409e-8 7.387780849565245e8 1.0400221013822785e8
18400 481073.20639879385 26.10820481347895 0.0022147884909750133 3.814493842634091e-6 1.740560284894202e-6 0.013558540925714624 1.661593927865246e-5 1.2191397090355327e-5 -9.535973598014581e-8 7.387780849560249e8 1.0400221013839608e8
18600 486298.0719953508 26.120060195673005 0.0022109200309247115 3.8421471085140315e-6 1.7399695154663045e-6 0.012470337730064784 1.632955407482317e-5 1.2508588341703097e-5 -9.495670450471428e-8 7.387780849555262e8 1.0400221013669719e8
18800 491521.3531599956 26.14024891639109 0.002232600625993769 3.871114499981841e-6 1.748485497459649e-6 0.012970539568868844 1.764154669947615e-5 1.101696482508352e-5 -9.511051696830405e-8 7.387780849550257e8 1.0400221013446932e8
19000 496762.2965849346 26.213198142568146 0.002243364702114484 3.877961562344212e-6 1.768033391207455e-6 0.013522306533559458 1.8491492785210895e-5 1.5794258228785107e-5 -9.5538523980268e-8 7.387780849545326e8 1.0400221013307686e8
19200 501991.8491752735 26.109659119690157 0.0022259372823102744 3.881687835713697e-6 1.780787182858747e-6 0.013172158980978566 1.9260440419222036e-5 1.1888335663456928e-5 -9.547962510446624e-8 7.387780849540274e8 1.0400221013323116e8
19400 507216.34939615725 26.128741314966643 0.0022201865273535548 3.911027892819381e-6 1.7744462064823857e-6 0.012908482477541838 1.744941913528475e-5 1.2576969150385198e-5 -9.499689679597972e-8 7.387780849535389e8 1.0400221013479868e8
19600 512439.3747555817 26.12918607093516 0.0022397196078711283 3.951930115247496e-6 1.7612988846325788e-6 0.012798015975931776 1.8416779209551315e-5 1.2593540236589817e-5 -9.507544532984679e-8 7.387780849530445e8 1.0400221013686025e8
19800 517678.1904291589 26.236067364873858 0.0022515053255238214 3.9739022217873515e-6 1.750585674707776e-6 0.01370552724256413 1.8397467620778762e-5 1.2386682092579981e-5 -9.548266783838426e-8 7.387780849525384e8 1.0400221013814649e8
20000 522898.06887570326 26.113574954703097 0.0022314419113849135 3.981728121501211e-6 1.7470039327768601e-6 0.013533856543290312 1.8421903324017386e-5 1.1852535647283169e-5 -9.547834126383702e-8 7.387780849520401e8 1.0400221013786747e8
20200 528122.0191035983 26.140022409909406 0.0022191145468329777 4.000567861614052e-6 1.7496859354652873e-6 0.01303118745863685 1.7644690727958157e-5 1.2625512151587248e-5 -9.496730725736492e-8 7.38778084951539e8 1.0400221013613068e8
20400 533345.2691601744 26.120289876420316 0.002235072257788716 4.027092728872504e-6 1.7600861672209153e-6 0.012900510708732327 1.9443999590307293e-5 1.0667569497656293e-5 -9.495594673694848e-8 7.387780849510418e8 1.0400221013436525e8
20600 538581.0834449176 26.26158382482245 0.0022500975175971695 4.034218627583205e-6 1.7800494125739588e-6 0.013467077802943095 1.9547326198909865e-5 1.617376119672498e-5 -9.544666133174862e-8 7.387780849505513e8 1.0400221013374975e8
20800 543816.5306589018 26.119787854493367 0.0022364740374940214 4.029097841805033e-6 1.7951201868708697e-6 0.013478747063345509 1.8632913773242166e-5 1.2623810168935212e-5 -9.553671882419399e-8 7.387780849500413e8 1.0400221013382183e8
21000 549039.8319038994 26.140832915508806 0.002224079799623801 4.044786183610814e-6 1.790051043185009e-6 0.013065579437352426 1.8464029029052753e-5 1.3126020981357733e-5 -9.504766463645918e-8 7.387780849495493e8 1.0400221013466723e8
21200 554263.7147448483 26.113923306984105 0.0022372578700878896 4.078809988392992e-6 1.776565211257832e-6 0.013038748462804506 1.9618231694051858e-5 1.137491482311459e-5 -9.495938672393724e-8 7.387780849490572e8 1.0400221013646503e8
21400 559496.3339054389 26.238143902896645 0.002249948049556193 4.100420779829857e-6 1.7641067593874058e-6 0.013660122809142194 1.9920361951530907e-5 1.2106460300670419e-5 -9.542379326083491e-8 7.38778084948555e8 1.0400221013785698e8
21600 564734.8183674512 26.12833662304761 0.002235190519947673 4.1029507891615635e-6 1.758259740885838e-6 0.014259738934470079 1.914768158450819e-5 1.2180913000425786e-5 -9.560079711218879e-8 7.387780849480593e8 1.0400221013775438e8
21800 569957.8439557943 26.129593436300485 0.0022194935180518908 4.1119097215956695e-6 1.7586611586241438e-6 0.01292476271328269 1.8637776136309903e-5 1.3169349174890765e-5 -9.512922460100402e-8 7.387780849475555e8 1.0400221013658735e8
22000 575182.2862012659 26.109905274341315 0.0022330373754341527 4.133636293406128e-6 1.7673210297459971e-6 0.012693427736849117 1.9961405318791314e-5 1.1209500790282378e-5 -9.497146779895917e-8 7.387780849470577e8 1.0400221013502654e8
22200 580412.1597559949 26.215092953403843 0.0022516428041621456 4.142816675273446e-6 1.784733058439576e-6 0.013336425045963551 1.9659410985806147e-5 1.4486820155173996e-5 -9.547032118644993e-8 7.387780849465615e8 1.0400221013358256e8
22400 585652.8761728607 26.13920266892651 0.0022410674348345254 4.134747500783363e-6 1.800956048943183e-6 0.013811479867399612 2.0308587154183044e-5 1.3882013955315853e-5 -9.567171217258812e-8 7.387780849460611e8 1.0400221013313036e8
22600 590876.0975027096 26.12070963199587 0.002224567241457682 4.1415731725744755e-6 1.8000942855709644e-6 0.013133391534665861 1.9853103204181544e-5 1.3307301879428302e-5 -9.524281698933349e-8 7.387780849455631e8 1.0400221013435021e8
22800 596100.9268559322 26.108247780796543 0.002233457687803989 4.172098901345965e-6 1.7857934954817321e-6 0.012657812108045619 2.0422479398707338e-5 1.1796386782503276e-5 -9.49994462908807e-8 7.387780849450653e8 1.0400221013672864e8
23000 601328.5113247675 26.194207980353582 0.0022540485032107533 4.196063879653797e-6 1.770887326541836e-6 0.013160001985397685 2.019688222054672e-5 1.2490586707158968e-5 -9.545202982500849e-8 7.387780849445654e8 1.0400221013852297e8
23200 606570.64917598 26.15236720836869 0.0022475414733742014 4.198523464531485e-6 1.7620616620790645e-6 0.014124785066087497 2.1379631762408202e-5 1.2998881196740752e-5 -9.572222533897172e-8 7.387780849440656e8 1.0400221013829266e8
23400 611794.5368655975 26.114192439680206 0.002227964929163387 4.201620546688907e-6 1.7623400839170689e-6 0.013244874393421924 2.1127053416392094e-5 1.385295342826165e-5 -9.530711904878342e-8 7.387780849435633e8 1.0400221013629363e8
23600 617019.5810282486 26.108956427207136 0.002234079488673587 4.219901889597449e-6 1.772199118684405e-6 0.012641736715977459 2.0707313462042798e-5 1.2076297790042378e-5 -9.500373940076893e-8 7.387780849430676e8 1.040022101341852e8
23800 622245.3369404715 26.1755233789293 0.002254086404370326 4.2320680673539175e-6 1.7893114470381903e-6 0.01351634445882155 2.055535992617763e-5 1.416943597137843e-5 -9.542561650275754e-8 7.387780849425731e8 1.0400221013320112e8
24000 627488.0833820187 26.16780655288351 0.002251208904122978 4.223476391298203e-6 1.805852343293951e-6 0.01427008183372891 2.127473824653503e-5 1.623203120461325e-5 -9.575151670613454e-8 7.387780849420696e8 1.0400221013343205e8
24200 632713.1060064978 26.11004558493366 0.0022314244848706502 4.221082023294625e-6 1.8081356008876262e-6 0.01363278074450136 2.1440301553155017e-5 1.3787930671527171e-5 -9.54287391096183e-8 7.387780849415758e8 1.0400221013508336e8
24400 637938.1925878003 26.11203406935556 0.002234644147439964 4.24378376530364e-6 1.7971186248156075e-6 0.012950618153809046 2.070218646521571e-5 1.248856642910301e-5 -9.50606747348309e-8 7.387780849410753e8 1.0400221013733809e8
24600 643162.5838937961 26.159070178365717 0.0022536966084748013 4.26910069617013e-6 1.7826049651183796e-6 0.013165882890461944 2.040755148702278e-5 1.1907289286461342e-5 -9.54063814494184e-8 7.387780849405782e8 1.0400221013826303e8
24800 648392.8728174084 26.185860483287925 0.002252321192317751 4.272894377354765e-6 1.7722328140042142e-6 0.014026948293121677 2.0572232040216853e-5 1.3009638669070345e-5 -9.578006243168431e-8 7.387780849400768e8 1.0400221013753027e8
25000 653619.5319934897 26.108257639486716 0.002230028363498216 4.271223581288749e-6 1.76935791179281e-6 0.0136891626666511 2.1126695876394486e-5 1.336722072253771e-5 -9.549630124091816e-8 7.387780849395719e8 1.040022101360111e8
25200 658844.4844342486 26.11761282457694 0.0022312400786761682 4.28567195915184e-6 1.7748230380403174e-6 0.01305763795880921 2.0555872701444322e-5 1.2477100765351246e-5 -9.506857534740564e-8 7.387780849390869e8 1.0400221013440807e8
25400 664067.9652553299 26.144621774999695 0.0022501899554112177 4.3023768630571545e-6 1.7868710564052426e-6 0.012831702341827622 2.0452061827880286e-5 1.0831604072503165e-5 -9.533450437388044e-8 7.387780849385843e8 1.0400221013354495e8
25600 669309.4582258944 26.205802770413836 0.002254572902633929 4.2982732759037136e-6 1.8036621525585267e-6 0.014024859297478542 2.0799075225674812e-5 1.5071738920985345e-5 -9.57461687626258e-8 7.387780849380791e8 1.0400221013396138e8
25800 674538.1892287305 26.108895040845518 0.0022331634635111538 4.292201341108181e-6 1.8113293329353107e-6 0.013876405317660101 2.146394355673209e-5 1.3211756910602723e-5 -9.556086559159852e-8 7.387780849375787e8 1.0400221013521247e8
26000 679762.8358169777 26.125474073161282 0.0022296176266750588 4.311959260824764e-6 1.8006526481286367e-6 0.012748142804866802 2.0604071087060305e-5 1.295733417977507e-5 -9.511041532466702e-8 7.387780849370846e8 1.0400221013665332e8
26200 684985.8976255631 26.13276071811978 0.0022487128242224927 4.343287624171646e-6 1.7824237095352014e-6 0.0128940769836845 2.0672349702044457e-5 1.062384694000551e-5 -9.526739011956313e-8 7.387780849365836e8 1.0400221013776112e8
26400 690225.5427713414 26.227924940190356 0.0022577753162157438 4.356412427180877e-6 1.766987782867544e-6 0.014006612331286306 2.050880673720723e-5 1.2524932334084804e-5 -9.571657059652324e-8 7.387780849360842e8 1.040022101378798e8
26600 695456.8039897544 26.11189606821141 0.0022391661222210197 4.357337043574307e-6 1.7609060596317407e-6 0.01388730137659877 2.114429278476937e-5 1.2731738417648408e-5 -9.56354687197023e-8 7.387780849355853e8 1.0400221013665144e8
26800 700680.9726773552 26.135695087220157 0.00223267450823131 4.371383717980673e-6 1.7662757797962534e-6 0.012543552842544159 2.0192974691468635e-5 1.3613526642808349e-5 -9.510984898078137e-8 7.387780849350795e8 1.0400221013468617e8
27000 705904.086401016 26.123208870588872 0.002249066551577886 4.394246020179774e-6 1.7805943849693292e-6 0.01282364008602599 2.0162415176772086e-5 1.0404896504834227e-5 -9.516972157478014e-8 7.387780849345936e8 1.0400221013324843e8
27200 711141.0750065909 26.25218938364965 0.0022584938618742884 4.400003056351496e-6 1.7973282326770814e-6 0.01370228055611733 2.0766144301020972e-5 1.657868904464399e-5 -9.561775260196538e-8 7.387780849340873e8 1.0400221013329382e8
27400 716375.320021777 26.1172501992471 0.002238771863970094 4.395426470085846e-6 1.8064324324578763e-6 0.013964193504762079 2.0912199927392017e-5 1.2174502333150983e-5 -9.563581482047187e-8 7.387780849335916e8 1.0400221013500755e8
27600 721598.8407330547 26.145530715122682 0.0022285994836889218 4.410501158259005e-6 1.7990650099944494e-6 0.012665673992614757 1.994884391720575e-5 1.3742559895668638e-5 -9.5089288542245e-8 7.387780849330951e8 1.0400221013722904e8
27800 726822.4763998366 26.11598575429759 0.0022419235868622292 4.4432263662342175e-6 1.7849564105503187e-6 0.013238587469004415 1.9723043033548215e-5 1.0944275712937435e-5 -9.503035697996497e-8 7.387780849325974e8 1.0400221013840397e8
28000 732056.2142847741 26.24711685014538 0.0022542838390601826 4.463981101576031e-6 1.7729260370675535e-6 0.01380022668854508 2.0842059968328996e-5 1.1775366161648204e-5 -9.549810693112488e-8 7.387780849320921e8 1.0400221013813648e8
28200 737293.681737412 26.124945836296916 0.0022376049112558176 4.46944779177837e-6 1.7667579448993496e-6 0.014407766237127362 2.092841304335291e-5 1.1997118239737148e-5 -9.556052680595838e-8 7.387780849315993e8 1.0400221013632824e8
28400 742516.7542344268 26.133433687360295 0.00222599823491493 4.485662249909051e-6 1.7675991239650286e-6 0.013161424302325031 1.996271609316924e-5 1.3726337988073656e-5 -9.501519505807126e-8 7.387780849310962e8 1.0400221013386093e8
28600 747741.0122137337 26.111106332849115 0.0022400579183920397 4.518285804305643e-6 1.7750181087805824e-6 0.013163448020804935 1.9767704515949447e-5 1.1319841867363234e-5 -9.48387061834044e-8 7.387780849306028e8 1.0400221013286784e8
28800 752971.8385564474 26.22328208072566 0.0022581790913735315 4.539588641088466e-6 1.7914790659211565e-6 0.0136334055550833 2.0065319716322527e-5 1.4038181449932408e-5 -9.533008295727324e-8 7.38778084930103e8 1.0400221013395022e8
29000 758211.83353076 26.134965976926875 0.0022445856601755673 4.542421804218662e-6 1.8089852736706716e-6 0.013974709077956504 2.1047735441093174e-5 1.2618484918763828e-5 -9.552666343696613e-8 7.387780849295979e8 1.0400221013577007e8
29200 763434.9295514262 26.123688596690712 0.0022281322369493268 4.5572320047139605e-6 1.8110323084744884e-6 0.01299278188162134 2.0211681239890034e-5 1.3436770393671083e-5 -9.503030276693019e-8 7.387780849291079e8 1.0400221013734432e8
29400 768659.6375469608 26.10858180919366 0.0022364718983790993 4.5949001660340675e-6 1.799687459677047e-6 0.012984940570277104 1.981791505378805e-5 1.1915810771728763e-5 -9.47129491412056e-8 7.3877808492861e8 1.0400221013817848e8
29600 773888.0067112667 26.201597640330228 0.002257296072705491 4.628800317478108e-6 1.7865113145263528e-6 0.013403969142018468 1.999903416638471e-5 1.1443563515678434e-5 -9.515514731374072e-8 7.387780849281136e8 1.040022101376196e8
29800 779117.6209723847 26.14755265730637 0.0022517014605831394 4.643628706285299e-6 1.7781020722004316e-6 0.013974939154650201 2.079335841886909e-5 1.2235260443027585e-5 -9.546499867455048e-8 7.38778084927616e8 1.0400221013584065e8
30000 784341.2254701223 26.11618521235674 0.002235786636116624 4.658517092602365e-6 1.777548932189461e-6 0.01311571740097861 2.0125709969454064e-5 1.3484690139009547e-5 -9.507784416964796e-8 7.387780849271176e8 1.0400221013412686e8
30200 789566.2148132073 26.108442380470695 0.0022405991123599475 4.688836055406883e-6 1.7817656222054e-6 0.01301677100445886 1.9859163400304247e-5 1.2454053314570057e-5 -9.467414318278821e-8 7.38778084926619e8 1.0400221013361354e8
30400 794792.551792572 26.18174510411983 0.0022558621577587843 4.71598084121377e-6 1.7899183680826185e-6 0.013321838976025902 2.049774824930406e-5 1.4415856346816636e-5 -9.498686425297635e-8 7.387780849261242e8 1.040022101342716e8
30600 800035.1797306249 26.16220388565428 0.002248659189528751 4.724079921671607e-6 1.7993020282184714e-6 0.014204576218162401 1.98806052613687e-5 1.419368959500178e-5 -9.533742784496103e-8 7.387780849256326e8 1.0400221013549945e8
30800 805259.7566489873 26.111215528595512 0.0022271502990343912 4.733580471067506e-6 1.8003476075545276e-6 0.013361440048811346 1.9658336796402054e-5 1.3148727990741627e-5 -9.502313776279277e-8 7.387780849251292e8 1.0400221013681062e8
31000 810484.8481755389 26.110698691113214 0.002227494819463155 4.764165765640902e-6 1.792322191499828e-6 0.013483329704740754 1.940256178123434e-5 1.299733689105742e-5 -9.456005489387178e-8 7.38778084924638e8 1.0400221013784398e8
31200 815709.6592399202 26.164513897096857 0.0022450875260935075 4.7997539909187524e-6 1.782951817283139e-6 0.013320908053628955 2.0116313841134215e-5 1.1105924319687599e-5 -9.479037800463253e-8 7.387780849241455e8 1.0400221013803603e8
31400 820952.363225935 26.179111491594195 0.002245529438353761 4.818952003560197e-6 1.775598794916863e-6 0.014290524262378312 2.02702307634528e-5 1.24213105389126e-5 -9.52097919086139e-8 7.387780849236478e8 1.0400221013654727e8
31600 826178.3793265782 26.108616556469087 0.0022273223589345057 4.832916239627075e-6 1.7714487236796176e-6 0.013569394927799294 2.0374917252374836e-5 1.2685213941321383e-5 -9.502513176062683e-8 7.387780849231426e8 1.040022101341851e8
31800 831403.400718582 26.115326371666637 0.0022295748282802064 4.862560830676454e-6 1.7709615429388936e-6 0.01284208562128697 1.9967193123693328e-5 1.3103106358686167e-5 -9.449639069178606e-8 7.387780849226568e8 1.0400221013311265e8
32000 836627.1521168931 26.14953432248086 0.0022499401399029687 4.896505280431323e-6 1.779996482219309e-6 0.012727452905892278 2.083738816749392e-5 1.2816776314511502e-5 -9.463712496369795e-8 7.387780849221548e8 1.0400221013373917e8
32200 841869.1181650155 26.198246279815102 0.0022541391832853054 4.910248776765277e-6 1.799849322639482e-6 0.01377571028569946 2.0440462609072618e-5 1.554773206241533e-5 -9.512852044561302e-8 7.387780849216584e8 1.0400221013536976e8
32400 847097.0372316347 26.10838775368279 0.0022330854993738783 4.9163055656331305e-6 1.8128211532204206e-6 0.013498693301244202 2.0760065256975047e-5 1.2589474103097409e-5 -9.506340608660588e-8 7.387780849211632e8 1.0400221013744524e8
32600 852321.8161269228 26.122322804506084 0.0022265993818422875 4.94086874817341e-6 1.8092241811703001e-6 0.012867562961673684 2.077341345796402e-5 1.3465540246115903e-5 -9.450775322381523e-8 7.38778084920667e8 1.0400221013869573e8
32800 857544.9766007374 26.13683373693513 0.0022455096645149246 4.977280612344527e-6 1.798885612328003e-6 0.012642306474390352 2.1779140415789655e-5 1.0469006053824906e-5 -9.455784167476153e-8 7.387780849201664e8 1.0400221013795179e8
33000 862785.3918166745 26.219574586633527 0.002255189964692231 4.99985602238527e-6 1.7902735823562236e-6 0.013726495777063974 2.092126857788923e-5 1.1631006347878614e-5 -9.504834846130405e-8 7.387780849196842e8 1.0400221013579291e8
33200 868015.6737693073 26.110524231653514 0.0022379348886026776 5.009579661983298e-6 1.7864037647992868e-6 0.013334017105535168 2.1575955981179007e-5 1.1940193702486557e-5 -9.511555149651939e-8 7.387780849191747e8 1.040022101337701e8
33400 873240.0376856124 26.131681210731525 0.002230148298151435 5.029154480820896e-6 1.7865813634039439e-6 0.012602123706983548 2.1571481433668716e-5 1.3753851914877213e-5 -9.455528735064989e-8 7.387780849186876e8 1.0400221013308175e8
33600 878463.0775721575 26.126434247153895 0.0022446163308151713 5.0589371109129195e-6 1.7922386657668466e-6 0.012569401049404405 2.245037928416682e-5 1.0817623198239312e-5 -9.44962781065648e-8 7.387780849181874e8 1.0400221013408758e8
33800 883701.1317128765 26.243060207787465 0.002251829501478645 5.074009763817691e-6 1.806097578663247e-6 0.013938056707502255 2.1695865388360325e-5 1.4622038747108546e-5 -9.499279229141648e-8 7.387780849176886e8 1.0400221013611999e8
34000 888934.2321157975 26.115018306520597 0.002232545175497833 5.075195870639174e-6 1.8182802310194947e-6 0.01384445576923099 2.1764666347401374e-5 1.1731394836012043e-5 -9.514715179305738e-8 7.387780849171966e8 1.0400221013780339e8
34200 894158.0088996197 26.1433945372731 0.002220998281317504 5.090894077059102e-6 1.8151760968008945e-6 0.012477766862502904 2.179174919347826e-5 1.3603007812001966e-5 -9.459928982254104e-8 7.387780849167006e8 1.0400221013815959e8
34400 899381.4000733467 26.118357790197827 0.0022352893608438523 5.124172507627887e-6 1.8060106597463353e-6 0.012608329921022232 2.293987883850157e-5 1.1349518353354071e-5 -9.444806026544499e-8 7.387780849162031e8 1.0400221013724281e8
34600 904616.3160194911 26.256369263067597 0.002250171825693651 5.149157399472587e-6 1.7983617284087712e-6 0.013786086381514906 2.196259052711369e-5 1.1644643920505349e-5 -9.496627446676981e-8 7.387780849157066e8 1.0400221013562398e8
34800 909840.7154466759 26.12201207431429 0.0022362929571357456 5.157106541817446e-6 1.7951075326349895e-6 0.01391543220188396 2.2871506773713968e-5 1.1976147949455118e-5 -9.52147201003864e-8 7.387780849152153e8 1.0400221013422161e8
35000 915063.8899699844 26.137364288413917 0.002225138633632567 5.1703850408107075e-6 1.7961898417110064e-6 0.012801364788629144 2.285545347924245e-5 1.3478914372200279e-5 -9.469485743914755e-8 7.387780849147124e8 1.0400221013381225e8
35200 920287.9519476033 26.112533473208295 0.002238507565935961 5.197871400121989e-6 1.804701378889219e-6 0.012612944989086827 2.3984482646954852e-5 1.1773071509818545e-5 -9.44321506190121e-8 7.387780849142281e8 1.0400221013425452e8
35400 925519.7371137806 26.231308398701835 0.0022560582615551647 5.215530847395654e-6 1.824992821376625e-6 0.013406050037701789 2.2984314164475883e-5 1.4403014093722355e-5 -9.494895633725401e-8 7.387780849137297e8 1.0400221013555811e8
35600 930758.947176645 26.13122941828615 0.002243331435380444 5.214611219602301e-6 1.8477007633614502e-6 0.013876908993552206 2.3656787979109417e-5 1.3293973903691358e-5 -9.526932512157726e-8 7.387780849132316e8 1.0400221013736627e8
35800 935981.9818515886 26.126802293810847 0.0022250195011245936 5.222301376779446e-6 1.8535546766313754e-6 0.012949064495842322 2.4068838121560354e-5 1.3602535944012839e-5 -9.478992495670925e-8 7.387780849127398e8 1.0400221013821909e8
36000 941206.5537852192 26.10919350753413 0.0022348689665081644 5.251096194436795e-6 1.8469326334819937e-6 0.012552384765058378 2.4978350968818397e-5 1.2139949133321837e-5 -9.443922901084947e-8 7.387780849122396e8 1.0400221013762759e8
36200 946435.7241929065 26.208876759218807 0.002253819851708148 5.277859583785951e-6 1.8380933032234079e-6 0.01320194887193793 2.419955573329524e-5 1.1658861366808937e-5 -9.489316691409836e-8 7.38778084911747e8 1.0400221013619791e8
36400 951676.9337476254 26.142759244833226 0.002246898843887854 5.284824562420908e-6 1.832940538618019e-6 0.013735248974171554 2.4359884805646992e-5 1.265737845443371e-5 -9.530167851461285e-8 7.38778084911246e8 1.0400221013433327e8
36600 956900.2998391804 26.11859953720885 0.002229665859293558 5.289874780439241e-6 1.8331326989848538e-6 0.013157030793990998 2.4673224589766285e-5 1.3720515352699802e-5 -9.490956383123741e-8 7.387780849107556e8 1.0400221013302751e8
36800 962125.2091592547 26.108213122149756 0.0022352113316371235 5.31082296934262e-6 1.8380807122636307e-6 0.012585577459049091 2.507339507817896e-5 1.2922628852468643e-5 -9.447756810377055e-8 7.387780849102539e8 1.0400221013367864e8
37000 967352.2220339362 26.188619120203892 0.002252500847944343 5.329678058509013e-6 1.8516646715447983e-6 0.013408546404662047 2.440406753367874e-5 1.3829991863029134e-5 -9.487817095240838e-8 7.387780849097588e8 1.0400221013598461e8
37200 972594.6195157254 26.156579312890273 0.002245818676797321 5.328775659090682e-6 1.8699301916134348e-6 0.014202422501057299 2.440104183998315e-5 1.446210317118668e-5 -9.531814450525863e-8 7.387780849092554e8 1.0400221013806541e8
37400 977818.7866618978 26.11276222248759 0.002226146659759106 5.3288662135289705e-6 1.876721318505684e-6 0.013178801794765604 2.5007484364403254e-5 1.3548268488094983e-5 -9.500971196654155e-8 7.387780849087608e8 1.0400221013857229e8
37600 983043.8611200413 26.109601246420393 0.002230150894844112 5.351388290396788e-6 1.8702912427139104e-6 0.012575323773035052 2.5295397100721928e-5 1.2978960392678873e-5 -9.452131422695688e-8 7.387780849082682e8 1.0400221013755655e8
37800 988269.1782254194 26.1705717362361 0.002250708533782305 5.379396448752885e-6 1.8615019547863174e-6 0.013154526076050388 2.453937378044113e-5 1.1289156513355492e-5 -9.485759137407151e-8 7.387780849077783e8 1.0400221013562265e8
38000 993511.9501761835 26.172665490709605 0.0022502879684647096 5.389475926246495e-6 1.8553562389459286e-6 0.014008725987423531 2.4826160947455378e-5 1.2402206094302981e-5 -9.535206668053984e-8 7.387780849072796e8 1.0400221013373476e8
38200 998737.3861278284 26.10929566088121 0.002230467610016681 5.392092658771343e-6 1.8545127207480512e-6 0.013427731725187186 2.5457812107831934e-5 1.3569996189011224e-5 -9.513547589120311e-8 7.387780849067737e8 1.0400221013314176e8
38400 1.003962453490054e6 26.113360632862523 0.002231083843888959 5.408959195375875e-6 1.8590115996098831e-6 0.012649949382648629 2.5745524196874037e-5 1.305285387157018e-5 -9.460289731810819e-8 7.38778084906279e8 1.0400221013431518e8
38600 1.0091865400487292e6 26.154766047065294 0.0022518718375328663 5.43013267327166e-6 1.8708872575743542e-6 0.012626180378902063 2.520623331747629e-5 1.2898546774525732e-5 -9.484347755840632e-8 7.387780849057858e8 1.0400221013658136e8
38800 1.014428872457255e6 26.190990107052098 0.0022543040625162534 5.432718536512803e-6 1.890612314124098e-6 0.013925575990469952 2.4478438239494693e-5 1.4654858918244917e-5 -9.535392556959924e-8 7.387780849052925e8 1.0400221013822126e8
39000 1.0196560423214466e6 26.108201154178477 0.002233062093814953 5.429343627326565e-6 1.9031175825827636e-6 0.013371335912324867 2.525774362227562e-5 1.3732830930590634e-5 -9.521946343533522e-8 7.387780849047961e8 1.04002210137979e8
39200 1.0248809304002e6 26.119489172052297 0.0022300393900198945 5.446394431007006e-6 1.8989118722664645e-6 0.012364998847260722 2.5313156445827545e-5 1.3684102035865786e-5 -9.463551371167946e-8 7.387780849042972e8 1.0400221013683859e8
39400 1.03010425412117e6 26.14122876990568 0.002249695306530662 5.475036046035544e-6 1.8881679924757332e-6 0.012499524765189562 2.492849649826656e-5 1.0845008741988682e-5 -9.476836621163879e-8 7.387780849038035e8 1.0400221013569999e8
39600 1.0353453334859645e6 26.21151970909104 0.002256682559604108 5.488665744355368e-6 1.8781911430022373e-6 0.013661049327765795 2.3706128586264974e-5 1.2471951327502895e-5 -9.529643210609588e-8 7.38778084903301e8 1.0400221013436519e8
39800 1.0405628766798817e6 26.10952018572552 0.002237297735566892 5.489100950129793e-6 1.8744410165576928e-6 0.01325047771251775 2.4467775467718056e-5 1.3450309692908391e-5 -9.530226007984506e-8 7.387780849027988e8 1.040022101335943e8
40000 1.045787404638993e6 26.128165700793115 0.002231131850802792 5.500464409957609e-6 1.876316891244706e-6 0.012556528596633143 2.4965149792666175e-5 1.3672751505378056e-5 -9.470315632232541e-8 7.387780849023099e8 1.0400221013437806e8
40200 1.0510104340433527e6 26.12979168198662 0.0022483805890031127 5.522385143367001e-6 1.8837425310192805e-6 0.012563029652937985 2.4790768354709947e-5 1.2062758655811967e-5 -9.474051543678433e-8 7.387780849018114e8 1.0400221013609944e8
40400 1.0562494014924625e6 26.234670800233996 0.0022554555756320194 5.530996373362627e-6 1.896358596796258e-6 0.013900188102525135 2.404349061735367e-5 1.5394668191739957e-5 -9.525868480925013e-8 7.387780849013158e8 1.0400221013759568e8
40600 1.061481473246579e6 26.11319631327409 0.0022375141046281238 5.528137919495574e-6 1.9060683064380825e-6 0.013803226840536809 2.4623841532567248e-5 1.28377863011786e-5 -9.533418538561094e-8 7.387780849008174e8 1.040022101382411e8
40800 1.066705473868231e6 26.139062127998116 0.0022281397128425533 5.541584818160656e-6 1.9021657127032168e-6 0.01240036664330546 2.506100540988765e-5 1.3747144872122696e-5 -9.471562329471346e-8 7.387780849003243e8 1.0400221013766788e8
41000 1.071928690498794e6 26.120905755440717 0.0022456924182267368 5.572967365171735e-6 1.8906279331117117e-6 0.01271500588472918 2.5042129267904834e-5 1.1031901210656336e-5 -9.463092074418372e-8 7.387780848998287e8 1.0400221013592333e8
41200 1.0771647704269805e6 26.25954222945458 0.002258728588374229 5.595425704181639e-6 1.8793406807758376e-6 0.01385511960961594 2.438991050779382e-5 1.2147115486527138e-5 -9.515203024922481e-8 7.387780848993307e8 1.0400221013396503e8
41400 1.0823999551469425e6 26.119223417430817 0.0022424062824836586 5.601163936601243e-6 1.8736283392657855e-6 0.014075178884922934 2.4823073830004816e-5 1.2690225240002961e-5 -9.533788467967466e-8 7.387780848988253e8 1.0400221013315704e8
41600 1.0876232998468664e6 26.1418243272731 0.0022298907891766667 5.613320757263623e-6 1.8726378855063791e-6 0.012698253899998235 2.5154503583313392e-5 1.4453396312064104e-5 -9.475692547559231e-8 7.387780848983371e8 1.0400221013411641e8
41800 1.0928471323186508e6 26.11435259269628 0.002243715306230645 5.6401270183277585e-6 1.8764324863981642e-6 0.012761535678237124 2.508685389568388e-5 1.0975605628044116e-5 -9.454076769750144e-8 7.3877808489784e8 1.0400221013633029e8
42000 1.098079990771726e6 26.240074288979102 0.002259040299418763 5.658326194301985e-6 1.8881124925016108e-6 0.013691144431049906 2.403773118753172e-5 1.492777154106506e-5 -9.50482731811369e-8 7.387780848973453e8 1.0400221013831563e8
42200 1.1033182667873483e6 26.1275877695753 0.0022469458424086153 5.659399196521082e-6 1.9040093566757218e-6 0.0139346124151416 2.412406259422184e-5 1.2050387587281275e-5 -9.531306900580944e-8 7.387780848968468e8 1.04002210138651e8
42400 1.1085412987449204e6 26.130401497441877 0.0022323822689201416 5.669940641401433e-6 1.908299975426148e-6 0.012888825076061039 2.4525255750917907e-5 1.4598839689017318e-5 -9.478362389022294e-8 7.387780848963488e8 1.0400221013740265e8
42600 1.1137657040835745e6 26.110147153626446 0.0022436322060364095 5.701424464884801e-6 1.9002578798773972e-6 0.012542088377358596 2.449573188856302e-5 1.1704096326115021e-5 -9.445840296821243e-8 7.387780848958614e8 1.0400221013527697e8
42800 1.1189957808406139e6 26.216852829817352 0.0022585399557594832 5.729686888060674e-6 1.8900346704341293e-6 0.013536942884911696 2.3660174213402385e-5 1.1602725754900067e-5 -9.487987882166445e-8 7.387780848953583e8 1.0400221013341811e8
43000 1.124236352711913e6 26.13827036645182 0.0022477454113142923 5.739276385682404e-6 1.884355105188029e-6 0.013897616927806666 2.3496639141251663e-5 1.2786056102664922e-5 -9.521688056958348e-8 7.387780848948561e8 1.0400221013338464e8
43200 1.1294595432533883e6 26.121332749475684 0.0022297009493752046 5.7487919185630326e-6 1.8847495232036762e-6 0.01284878894330177 2.3920492523976655e-5 1.4576109063635379e-5 -9.472611528003673e-8 7.387780848943628e8 1.0400221013500935e8
43400 1.1346843492405904e6 26.108300200328387 0.002237329777880855 5.775085910374168e-6 1.8879137441050199e-6 0.012608929118869128 2.4004770766583583e-5 1.2039827047338747e-5 -9.430522355527107e-8 7.387780848938724e8 1.0400221013681781e8
43600 1.1399121001145283e6 26.195792547295923 0.0022531970235499235 5.800695156194185e-6 1.895418761521325e-6 0.013586205998308287 2.3506907733228388e-5 1.43383280671594e-5 -9.466425241181726e-8 7.387780848933809e8 1.0400221013802166e8
43800 1.1451541573645691e6 26.151252696929607 0.0022483584116850318 5.807855356474966e-6 1.9098766560478702e-6 0.014262577667523146 2.3624607166983225e-5 1.2428063882019558e-5 -9.506682760389796e-8 7.387780848928789e8 1.0400221013815396e8
44000 1.1503779769615373e6 26.114628101641287 0.0022303409023770875 5.816964042421531e-6 1.9177377227321915e-6 0.013328153965630918 2.417968320744812e-5 1.4624719686551213e-5 -9.468424873828779e-8 7.387780848923877e8 1.0400221013693307e8
44200 1.1556030112055354e6 26.10881908806189 0.0022380858550088228 5.849053252882312e-6 1.910747516427103e-6 0.012753903512930265 2.4320883441064645e-5 1.2413288802387568e-5 -9.42052675268286e-8 7.387780848918884e8 1.0400221013524723e8
44400 1.1608288964043353e6 26.176929787103177 0.002257658973560369 5.88612842172244e-6 1.899286009765109e-6 0.01335583855279765 2.4127088859571266e-5 1.1316159758051336e-5 -9.452731773796682e-8 7.38778084891401e8 1.0400221013419427e8
44600 1.1660716260603382e6 26.166510358482327 0.0022547487449114845 5.9049001384424285e-6 1.8908918796863195e-6 0.014245000777918904 2.3490855818653067e-5 1.2930330946264723e-5 -9.502002236959534e-8 7.387780848909044e8 1.0400221013398314e8
44800 1.1712848347175813e6 26.110234133200102 0.0022334586155039857 5.916144490199376e-6 1.8870127053553364e-6 0.013362587230403733 2.4215963645435323e-5 1.446417835332392e-5 -9.47458231576108e-8 7.387780848904057e8 1.0400221013458009e8
45000 1.1765099243743217e6 26.111784434713282 0.002234643062851755 5.9421652996217654e-6 1.8847079235484868e-6 0.012708750316960504 2.4416848960262527e-5 1.2990464511031252e-5 -9.417105666908752e-8 7.387780848899143e8 1.0400221013612346e8
45200 1.181734385817908e6 26.16000543957268 0.002253850266710909 5.97306884396018e-6 1.887712144968983e-6 0.012972775923572044 2.4562550950402162e-5 1.3572863559102588e-5 -9.439581286968576e-8 7.387780848894231e8 1.0400221013792162e8
45400 1.1869769635250445e6 26.18436670946331 0.002256653332534645 5.984971235607449e-6 1.9035949160709242e-6 0.014198412043697317 2.36700814955082e-5 1.38468675243697e-5 -9.491094356687638e-8 7.387780848889288e8 1.040022101385437e8
45600 1.1922034781160338e6 26.10831432721257 0.002237730755564059 5.989128939995195e-6 1.920300872692834e-6 0.013528013947961881 2.435635258402069e-5 1.3823243511346117e-5 -9.478012878657702e-8 7.387780848884308e8 1.0400221013746914e8
45800 1.1974284482687714e6 26.117087845580755 0.0022361100303524683 6.011954823109073e-6 1.922327935353576e-6 0.012358654814306647 2.489863999821651e-5 1.3144386745517211e-5 -9.416091305758918e-8 7.387780848879349e8 1.0400221013542749e8
46000 1.2026519835787334e6 26.145674276364367 0.002253369223834113 6.04682533794938e-6 1.9152199838329706e-6 0.012805365894109855 2.5432671277525465e-5 1.1002176796393037e-5 -9.426597307495208e-8 7.387780848874459e8 1.0400221013372314e8
46200 1.2078935903558296e6 26.204131844898587 0.0022569278563208234 6.067654052442349e-6 1.907452808758419e-6 0.014091284462665499 2.360759391406564e-5 1.2583735236743054e-5 -9.480609624393677e-8 7.387780848869518e8 1.0400221013346164e8
46400 1.213122139838521e6 26.10876294196412 0.002235618618609211 6.076439240591448e-6 1.9021366990925786e-6 0.013728200297919102 2.429945349824436e-5 1.3597364757589325e-5 -9.478881154461982e-8 7.387780848864509e8 1.0400221013450402e8
46600 1.2183468181811403e6 26.124761060707062 0.0022310535368819137 6.097285067267878e-6 1.896672958183068e-6 0.012590229481702409 2.5103620564626006e-5 1.3371781499349478e-5 -9.415420939191885e-8 7.387780848859577e8 1.0400221013645792e8
46800 1.223569897085963e6 26.13363057264419 0.002247594228382186 6.12995378340288e-6 1.8930771975871066e-6 0.01275392797015229 2.5858759319041802e-5 1.156417915565422e-5 -9.415128830624817e-8 7.387780848854672e8 1.0400221013857858e8
47000 1.22880972107568e6 26.226080749835404 0.002256916004925231 6.14737066818658e-6 1.903325340734855e-6 0.014225471422832925 2.3561829776808096e-5 1.3361697680375206e-5 -9.473035760328453e-8 7.387780848849741e8 1.040022101389528e8
47200 1.2340407642033827e6 26.111574747691186 0.002238250728371472 6.149210934510335e-6 1.9211173783577506e-6 0.013924462784871139 2.481375670571051e-5 1.3300445112662818e-5 -9.484643379919906e-8 7.387780848844799e8 1.0400221013695526e8
47400 1.2392649783851288e6 26.13479450846723 0.0022322258570446857 6.1648491032791225e-6 1.9275630970624753e-6 0.012506632803251705 2.588688723748067e-5 1.377410793640399e-5 -9.420186038613017e-8 7.38778084883986e8 1.040022101345982e8
47600 1.2444880716385962e6 26.123893795411774 0.002249597173138864 6.198496974355102e-6 1.923754819380842e-6 0.01281620631516489 2.6670337702983105e-5 1.2450504288663566e-5 -9.407599383428074e-8 7.387780848834938e8 1.040022101335509e8
47800 1.249725303714465e6 26.250176560931067 0.002261698694420214 6.223761943732856e-6 1.9189852045157714e-6 0.014059372248993895 2.463699556598531e-5 1.2457516042285732e-5 -9.465559176572022e-8 7.387780848829988e8 1.040022101338396e8
48000 1.254959294759763e6 26.116741828195583 0.0022438507815280857 6.232471629363627e-6 1.9152725313804996e-6 0.01392365284209518 2.5244429515014488e-5 1.2840916092937693e-5 -9.489178495386364e-8 7.387780848824992e8 1.0400221013516447e8
48200 1.2601828726901328e6 26.146602460194003 0.0022314087463854615 6.246929968322537e-6 1.912171203565629e-6 0.01246767245220326 2.671750415705887e-5 1.3904426935662517e-5 -9.427626282966033e-8 7.387780848820064e8 1.0400221013700478e8
48400 1.2654064521175313e6 26.11648386418048 0.0022458703213886254 6.2763530015548056e-6 1.9102243636386505e-6 0.012615476940027293 2.76847463449581e-5 1.0831976794495324e-5 -9.40498233145953e-8 7.387780848815203e8 1.040022101382323e8
48600 1.2706404437934295e6 26.249122605971333 0.002261121059382926 6.296994438097632e-6 1.9190305577084753e-6 0.013821112197547336 2.59752691057491e-5 1.4384913723214376e-5 -9.45967515755968e-8 7.387780848810192e8 1.0400221013802262e8
48800 1.2758776755509758e6 26.124250911602697 0.002248305121165184 6.298005003906761e-6 1.9379855679635645e-6 0.013909850083564379 2.5960672361602377e-5 1.2181123606680444e-5 -9.49450732785627e-8 7.387780848805223e8 1.0400221013671169e8
49000 1.2811007675208643e6 26.134317924352658 0.0022350717518571026 6.305190384223313e-6 1.947910541462255e-6 0.012616772869932902 2.7514979400566908e-5 1.4265595524087793e-5 -9.438646722255105e-8 7.387780848800317e8 1.0400221013516806e8
49200 1.2863249828720659e6 26.11141667781169 0.0022463719629120314 6.3323421372523525e-6 1.9466370193263074e-6 0.012583648204781639 2.8258855816698514e-5 1.4264909670602677e-5 -9.404803732220761e-8 7.387780848795395e8 1.0400221013409281e8
49400 1.291556027119315e6 26.225119636650096 0.002260743159844761 6.357840021249118e-6 1.941582142569441e-6 0.013649283020185976 2.6871558936880646e-5 1.3290294522239066e-5 -9.455469981232065e-8 7.387780848790476e8 1.0400221013398086e8
49570 1.296e6 14.53896169248037 0.002252113253695952 6.365064645864518e-6 1.937771230045873e-6 0.014120030790763849 2.5821444617379896e-5 1.2998744050057853e-5 -9.495653944813291e-8 7.387780848786236e8 1.0400221013462886e8
