#timestep time dt l2_h l2_h_vcon1 l2_h_vcon2 linf_h linf_h_vcon1 linf_h_vcon2 dsdu_ut entropy h_squared 
0 0.0 100.0 0.0 0.0 0.0 0.0 0.0 0.0 -2.2519054435414836e-13 7.387780849021574e8 1.0400221015783924e8
200 1655.949091552509 8.26920938747078 0.0010797445208286076 1.1689486620701566e-6 2.444474569612434e-6 0.0044379555256455205 1.4612236091782194e-5 1.3441835930994017e-5 -2.6256356158759073e-13 7.387780849021599e8 1.0400221015783262e8
400 3307.975320077188 8.251935458487623 0.0019524037522140008 2.3729683237108304e-6 4.400846970244389e-6 0.008898875561499153 4.4767203753126594e-5 3.773730679990095e-5 1.7773352262957003e-12 7.387780849021889e8 1.0400221015781224e8
600 4957.033178616166 8.239531001869784 0.002698753233762908 3.5127169215709215e-6 5.373556807643133e-6 0.012970205112651456 8.341163765757109e-5 6.979954234376251e-5 -4.339694302684389e-13 7.387780849021417e8 1.0400221015778537e8
800 6604.030181285881 8.230645697247708 0.0032478101833825854 4.490938225799345e-6 5.665831174450746e-6 0.014183316943672253 0.00012216253913599484 0.00010713469283851751 -4.636942030612593e-13 7.38778084902171e8 1.0400221015774542e8
1000 8249.56512784405 8.225577843307933 0.003566774747716185 5.222545109563615e-6 5.781274298813281e-6 0.01424187984503078 0.00014777084920791772 0.00014828278996037447 1.6822002548344167e-12 7.387780849021504e8 1.0400221015770811e8
1200 9894.600040490539 8.225626589518464 0.003635368132208131 5.795102395701939e-6 6.033446298762701e-6 0.01474191878696729 0.00016786286435588327 0.00018313692930027603 2.804637081507486e-13 7.38778084902157e8 1.040022101576707e8
1400 11539.928185021883 8.225836997494014 0.0034861139805785423 6.2979369423925446e-6 6.426190640649816e-6 0.015114252634703007 0.0001954338407267331 0.00021874680459066376 -2.9954181836955467e-12 7.387780849021641e8 1.0400221015763251e8
1600 13184.966413980774 8.225403204289055 0.0032122973843416117 6.717871244060805e-6 6.9062045648271955e-6 0.01413401616923693 0.0002166280876464005 0.0002541545912733145 -1.6579240186318365e-12 7.387780849021608e8 1.040022101576023e8
1800 14830.433019103813 8.230088979775896 0.0029504984006162903 7.025177375118236e-6 7.4288138060243355e-6 0.013381102288803959 0.00023666279880929508 0.00028784633250067415 4.5616695212467916e-12 7.387780849021703e8 1.0400221015757276e8
2000 16477.306730449865 8.238800690994397 0.0028707312572804943 7.230296580844722e-6 7.950384913902787e-6 0.014649402246959653 0.00026386827214741615 0.0003182728150763481 5.703561031275455e-13 7.387780849021517e8 1.0400221015754916e8
2200 18126.19333098863 8.250832931365457 0.003045605089952294 7.35788579779483e-6 8.425453189461212e-6 0.01588086287574697 0.00028793034242347026 0.00035106018853037213 -2.3200188515091104e-12 7.387780849021603e8 1.0400221015753745e8
2400 19777.980095710613 8.267749103059765 0.0033726697596369115 7.447517092859892e-6 8.828191490059102e-6 0.01737951517861802 0.0003101439745758494 0.0003948643776303662 1.022059122445667e-12 7.387780849021754e8 1.0400221015753073e8
2600 21433.624574370522 8.289348695296859 0.0037512873234621484 7.521981586618192e-6 9.18634146200421e-6 0.022619572132043686 0.000333787905352545 0.00043904421922547066 2.834914174330624e-13 7.387780849021715e8 1.0400221015752983e8
2800 23089.838335348166 8.2704935550213 0.004151734192919081 7.646882416738796e-6 9.50626226647455e-6 0.02501899503090499 0.00035736776352124355 0.00048035855678119077 -2.0920810654097075e-12 7.38778084902162e8 1.0400221015753631e8
3000 24742.09030206829 8.252908131169153 0.004511270828596116 7.975741659154852e-6 9.782846728910247e-6 0.027174680097687087 0.0003782434264988366 0.0005204793883466508 -1.8496977653111272e-13 7.38778084902165e8 1.040022101575469e8
3200 26391.310493813424 8.240181859643284 0.004734926838904467 8.549250307875239e-6 1.00585148256766e-5 0.030325052237458294 0.0003928891880387031 0.000559446745898029 -2.6841087898308302e-12 7.387780849021707e8 1.0400221015756562e8
3400 28038.423128210416 8.231147248057463 0.004773734051501147 9.194569321847172e-6 1.0381629966464827e-5 0.031153043415997672 0.000402257090418634 0.0005903700772285081 -1.2593260437538687e-12 7.387780849021662e8 1.0400221015758671e8
3600 29684.02523888251 8.22574884972963 0.004689501847296152 9.715830373268942e-6 1.06615963450206e-5 0.02984172023593601 0.00040639291534676214 0.0006044298754521726 -6.36416737602943e-13 7.387780849021415e8 1.040022101576171e8
3800 31329.06090046425 8.22546460148591 0.004566251915413564 1.003954078493036e-5 1.0853134739414597e-5 0.027554837770821905 0.000399340979165011 0.0006144357855139421 -2.2559006701039425e-13 7.38778084902176e8 1.0400221015764752e8
4000 32974.38395224962 8.226044794681554 0.004452127419953035 1.0216311951846308e-5 1.0985602043295661e-5 0.025898058152506565 0.00038405188724693895 0.0006519332592743732 3.2516886950936807e-12 7.387780849021701e8 1.0400221015767321e8
4200 34619.430219804424 8.225277489033166 0.004397932494712226 1.0335635718151725e-5 1.1087926989863252e-5 0.02773629308398995 0.0003631521837206275 0.0006866653334999251 -1.9111479155126504e-12 7.387780849021496e8 1.040022101577017e8
4400 36264.838302242875 8.229631761419212 0.004434371977942409 1.0461982802441912e-5 1.1141258254192593e-5 0.025900360094965436 0.00033111178780842465 0.000699216279677839 2.172453680705375e-12 7.387780849021727e8 1.040022101577202e8
4600 37911.60001633422 8.238193070523225 0.004603617732607459 1.0612967546585253e-5 1.1152491190493882e-5 0.027032634487113683 0.0003426874668595037 0.0006601545213562598 5.714090529253784e-13 7.387780849021755e8 1.0400221015773664e8
4800 39560.332448657784 8.24990217471885 0.004928114828946067 1.0807907751777095e-5 1.1179641556190328e-5 0.026438051158038434 0.0003497097629021617 0.0006882999526434119 -1.7683526072930976e-13 7.387780849021546e8 1.0400221015774474e8
5000 41211.90153227309 8.266506685151889 0.005329251332771282 1.1058804925333079e-5 1.1239007540128736e-5 0.02457978233906033 0.00035266093617858374 0.0007208687139157455 -1.3617895458080689e-13 7.387780849021581e8 1.0400221015774947e8
5200 42867.26738467997 8.287809035519627 0.005718704936351565 1.133171995157905e-5 1.130361704054424e-5 0.02670764088315991 0.00035829571589662823 0.0007461213183690418 1.1393874039639995e-12 7.387780849021467e8 1.0400221015774879e8
5400 44516.57999078947 8.271890876676867 0.00606758316945746 1.162773559002431e-5 1.1319407158597823e-5 0.031218509478094347 0.0003640442893647622 0.0007624374428734093 1.1177780024312033e-12 7.387780849021697e8 1.0400221015774147e8
5600 46169.078461975725 8.253974901698804 0.006302389743444297 1.2028055644394676e-5 1.128960382970401e-5 0.03823973687576654 0.0003680667554795125 0.0007622125398245583 -2.6525729433857374e-12 7.387780849021641e8 1.0400221015773392e8
5800 47818.47767677995 8.240905160436833 0.006341115578719782 1.2600749953470984e-5 1.1228553817363776e-5 0.03941072833004 0.00036625358101693983 0.0007606942735314259 -3.680921047805733e-13 7.387780849021689e8 1.040022101577202e8
6000 49465.71669799949 8.2317091962669 0.006171791727645041 1.3328091350216354e-5 1.1159720869761356e-5 0.034021526123751755 0.000377571157958112 0.0007606103271345921 -9.837145197169516e-13 7.387780849021775e8 1.0400221015770295e8
6200 51111.395828535446 8.22595801346589 0.005867661957802291 1.4110737532980003e-5 1.111672994982849e-5 0.03065973167304037 0.0003682867769327913 0.000753999724837473 -1.812117029799385e-12 7.387780849021648e8 1.0400221015768825e8
6400 52756.437563463594 8.225317704415833 0.005540865005699307 1.4825853971917504e-5 1.1097995796773181e-5 0.03098011594829586 0.00044329790652097856 0.0007368980669344438 4.021981059594671e-13 7.38778084902148e8 1.0400221015766999e8
6600 54401.75023606007 8.22629333661438 0.005305406912501317 1.5394938588436212e-5 1.112367211504969e-5 0.03106106075028947 0.0004534031740712763 0.0007653217857068184 4.63438240537677e-12 7.387780849021628e8 1.0400221015765136e8
6800 56046.81052803253 8.225170882874599 0.0052257916084241275 1.578205555957932e-5 1.1296341425971908e-5 0.032142326507710095 0.00041176019339683734 0.0008082946481291486 2.748823084405635e-12 7.387780849021461e8 1.0400221015763643e8
7000 57692.16174241805 8.22917212348411 0.005278308856007013 1.6041680041695395e-5 1.1606858176974824e-5 0.03376044631477271 0.00046149928651240124 0.0008386284929160492 -5.379376933064511e-13 7.387780849021583e8 1.0400221015762028e8
7200 59338.80714366344 8.237574099263087 0.005389448644144938 1.6225658077347577e-5 1.207004886148381e-5 0.03499209445544693 0.0005044761263217623 0.0008074341212601643 2.061484258738864e-13 7.387780849021544e8 1.0400221015761137e8
7400 60987.380938899565 8.24893814580778 0.005460014927239635 1.6383894035319056e-5 1.2685136941304155e-5 0.030090137874140055 0.0005500873211501389 0.0008100545749605281 1.6535648064688087e-12 7.387780849021659e8 1.0400221015759872e8
7600 62638.7234765973 8.265209170667946 0.005461511297279328 1.656021787276982e-5 1.3289659324974114e-5 0.030103604609394097 0.0005880442101511285 0.0008601356825417295 -3.5246001208194734e-12 7.387780849021615e8 1.0400221015759027e8
7800 64293.79758715214 8.286193635756606 0.005454361773090613 1.6805871632491914e-5 1.3768876482464358e-5 0.028145147998657194 0.0006042344233141428 0.0009374871369829396 1.0456078660606533e-13 7.387780849021735e8 1.040022101575871e8
8000 65950.44242550172 8.273217265144408 0.005474596762578659 1.7089629393163725e-5 1.4126725973405408e-5 0.026016188283392694 0.000651573991922838 0.0009878022616629512 1.2857981588984746e-12 7.387780849021537e8 1.0400221015758856e8
8200 67603.17555095992 8.254994441439269 0.005489555215615068 1.7426050628146378e-5 1.446788594071179e-5 0.032555293904806604 0.0005882544586426341 0.001020215426977611 -1.0852629126741262e-12 7.387780849021559e8 1.0400221015759423e8
8400 69252.74676366017 8.241605242011202 0.00547667829182134 1.780506264982488e-5 1.484037166937723e-5 0.029509497753224423 0.0005922032651329845 0.001035457141545848 -9.883029877677804e-13 7.387780849021442e8 1.0400221015760867e8
8600 70900.10650156415 8.232259844798014 0.005447862580789887 1.8213079393474166e-5 1.5170599339557959e-5 0.03290843292097634 0.0006059455066479424 0.001032612521245757 -9.936634594658383e-13 7.387780849021518e8 1.0400221015761948e8
8800 72545.86260462269 8.226177929934208 0.005424241040793253 1.8673389115133394e-5 1.5420578000791e-5 0.033293352224291084 0.0006234473442485872 0.0010314817219002625 1.8881565173701986e-12 7.38778084902157e8 1.0400221015763037e8
9000 74190.91476614948 8.225203536273153 0.005383155181354046 1.919075359963104e-5 1.5554496384476838e-5 0.03190334917394466 0.0006328425314554575 0.001035798342996358 -1.7320287109491322e-12 7.387780849021425e8 1.0400221015764263e8
9200 75836.2126183663 8.226544540953652 0.005323195537403721 1.9736976849951652e-5 1.5593923449541855e-5 0.029837881651474163 0.0006232971935442588 0.0010853686671977725 1.91226398247166e-12 7.387780849021424e8 1.0400221015765028e8
9400 77481.28950652233 8.225087343187719 0.005337040544736233 2.023457727049896e-5 1.5620864144897857e-5 0.03240336365161056 0.0005724608366871609 0.0011412344724904266 -8.764143884891152e-14 7.38778084902177e8 1.0400221015765932e8
9600 79126.59051513443 8.228755886137355 0.005509363044381335 2.0581778828387977e-5 1.5703242463236092e-5 0.03349266266377526 0.0005530304500198646 0.001161021583176547 1.2020075249749782e-12 7.387780849021697e8 1.040022101576634e8
9800 80773.12732817423 8.237007399271087 0.005796744253943483 2.0734033304658153e-5 1.5870091355809574e-5 0.03602137087727897 0.0005946577628441752 0.001102701272647888 -1.7407327768688538e-12 7.387780849021366e8 1.0400221015766296e8
10000 82421.5551197547 8.248047875606888 0.006049520381986477 2.0751670882955175e-5 1.6111965851237814e-5 0.03308071958917935 0.0006722588290365428 0.0009348931466721666 1.6315275244272568e-12 7.387780849021525e8 1.0400221015766081e8
10200 84072.6879385956 8.26400578910729 0.006145770843993063 2.0754523358488964e-5 1.6390621299429856e-5 0.03158255829839618 0.0007745142030299856 0.0009178220255696701 -1.304913026637496e-12 7.387780849021722e8 1.0400221015765907e8
10400 85727.49103390837 8.284691002286875 0.006077510456094442 2.083875267230031e-5 1.6694363705479867e-5 0.030534461426213966 0.0007067280948135357 0.0009556521040414712 -7.26664586161649e-13 7.38778084902176e8 1.0400221015764946e8
10600 87377.16125536147 8.274654405123112 0.005886850280794207 2.1035296096263425e-5 1.6951056305619734e-5 0.028628989906792413 0.0007533145076191738 0.000991329138014141 -2.0048786348344604e-12 7.387780849021518e8 1.0400221015763296e8
10800 89030.1489768745 8.256102472823716 0.005613565878548755 2.1325225988435718e-5 1.7176046389950827e-5 0.032664946684235474 0.0008029857997112755 0.0010482176749198047 2.7358765880277363e-12 7.387780849021578e8 1.0400221015762119e8
11000 90679.90769109366 8.242372355910366 0.00532796318591557 2.1644819937781132e-5 1.737373418534348e-5 0.027631413431663532 0.0008304427562636496 0.0011036121662530984 1.8724826417091405e-12 7.387780849021628e8 1.0400221015760005e8
11200 92327.39785505629 8.232869051824705 0.005134999009804155 2.1874382484538905e-5 1.7534736761312893e-5 0.02972701882572437 0.0008281273277724877 0.0011316605257100099 -7.093014439953859e-13 7.387780849021474e8 1.0400221015757118e8
11400 93973.2407602635 8.2264376909626 0.005085162998470658 2.2001893194946162e-5 1.767728680401509e-5 0.028336113389741513 0.0007913068720309946 0.001114316084267819 3.471403182578782e-13 7.387780849021653e8 1.0400221015754215e8
11600 95618.30943005845 8.225110266254068 0.005160503888821897 2.2032760801558836e-5 1.7867360270612405e-5 0.03382764012349071 0.0008346155998704141 0.0010724740747393574 -1.2591116248859464e-12 7.387780849021554e8 1.040022101575121e8
11800 97263.58684599331 8.226830176585793 0.005260389664284029 2.1965331213673645e-5 1.821607951515636e-5 0.046129773632856086 0.0007617411415581365 0.0011117014448379092 2.1065476384048415e-12 7.387780849021542e8 1.0400221015747806e8
12000 98908.68511009419 8.225017429005463 0.005299377634713449 2.1840426673829725e-5 1.8726389020125107e-5 0.04540976417592901 0.0007095532449821196 0.0011588951120079516 -4.742326032515146e-12 7.387780849021393e8 1.0400221015744463e8
12200 100553.93654663081 8.228332564279386 0.005278404258360188 2.1762574527007457e-5 1.9164861715389323e-5 0.04554697589628631 0.0007493145548598257 0.0011667184079467985 2.961343771010588e-12 7.387780849021475e8 1.040022101574184e8
12400 102200.35920544792 8.236424937244314 0.005237130575350261 2.1784079562216516e-5 1.9461273254494897e-5 0.055709049831421 0.0007749502005591768 0.0011016418531388794 -7.119692358922587e-13 7.387780849021683e8 1.0400221015740156e8
12600 103848.6355651197 8.247119385259266 0.005234425190620878 2.1829785717579165e-5 1.9638646150275847e-5 0.03856357711265446 0.0007684194687845869 0.0009157566268929163 7.003283972636725e-13 7.387780849021591e8 1.0400221015739729e8
12800 105499.5488177283 8.26274252990922 0.00525771905673291 2.1873926620046043e-5 1.966555875671121e-5 0.0322215071755636 0.0008287562777226087 0.0009172539913948619 1.6453900871292704e-12 7.387780849021478e8 1.0400221015740602e8
13000 107154.06686640385 8.28310814767208 0.005269248735252394 2.1976595895328173e-5 1.9684301477496335e-5 0.029951429582069977 0.000764922384178579 0.0009058566943058732 3.988604465457549e-12 7.38778084902149e8 1.0400221015742679e8
13200 108810.9842243168 8.276022934599142 0.0052423530144805 2.21527174652819e-5 1.9705602789761782e-5 0.02726089843417867 0.0007576228158434617 0.0009203665528183524 1.364601400381827e-12 7.387780849021666e8 1.0400221015745269e8
13400 110464.21516734407 8.257165232969733 0.005238364402429923 2.236244629151928e-5 1.9692098706866828e-5 0.032002387844840996 0.000757787242239405 0.0009652563183573104 -1.3019542377055858e-12 7.387780849021894e8 1.0400221015748376e8
13600 112114.15452836094 8.243115764503663 0.005312181553536064 2.257366856372918e-5 1.9612660355286733e-5 0.03107680721768702 0.000768592714041727 0.0010230757069387142 -9.94263640850603e-13 7.387780849021639e8 1.0400221015751982e8
13800 113761.76930186128 8.233463254272449 0.005457359133245051 2.2788242327119104e-5 1.944782851532212e-5 0.03761242383006902 0.0007634414669931422 0.0010654863375817447 -1.980026626537884e-12 7.387780849021546e8 1.0400221015755281e8
14000 115407.69803471923 8.22670234289527 0.005631220691488619 2.302762575448813e-5 1.9249867160747205e-5 0.0394479277638311 0.000744235049904618 0.001070229448121518 1.3785247470039882e-12 7.387780849021349e8 1.0400221015757881e8
14200 117052.78615759726 8.225041422136426 0.005754298331318513 2.3262432321580968e-5 1.9096128653319157e-5 0.04356733434906346 0.0007209440708481618 0.0010457197970075716 2.0774449435664454e-12 7.387780849021417e8 1.0400221015760435e8
14400 118698.03905415809 8.22712326702091 0.005803225476966576 2.35004803295797e-5 1.8972009151706168e-5 0.053694183014158625 0.0006909448794442108 0.0010836444327207428 -6.847353474649366e-13 7.387780849021503e8 1.0400221015762031e8
14600 120343.16250077965 8.224977713304295 0.005795609946982921 2.3750101678654047e-5 1.8889325076617878e-5 0.05349151897098636 0.0006375890078879065 0.0011275766006151877 2.7689125289745823e-12 7.387780849021671e8 1.0400221015762733e8
14800 121988.37260699074 8.227960871224845 0.005740382909349383 2.396331684227578e-5 1.877154471868057e-5 0.04818387729028473 0.0006239596627494737 0.0011494053939683502 2.9934604149918944e-12 7.387780849021587e8 1.040022101576285e8
15000 123634.69070248652 8.235901574280923 0.0056141343217937295 2.413782133677868e-5 1.8655785425974774e-5 0.05400042933251825 0.0006501291725088398 0.001099027309092171 -8.11155192393932e-13 7.387780849021612e8 1.0400221015762188e8
15200 125282.82949001876 8.24627028392318 0.005415959571478209 2.432202812855334e-5 1.863060711264061e-5 0.03712616795564827 0.0007010723976431654 0.0009375280826937615 -1.4288452178424183e-12 7.387780849021467e8 1.0400221015760666e8
15400 126933.54110648358 8.261578879904038 0.00517552356207705 2.445632057903324e-5 1.8722433218971792e-5 0.024905059530283324 0.0007455276510521802 0.0006804702021427911 3.187974463520045e-12 7.387780849022076e8 1.0400221015758324e8
15600 128587.79588385456 8.281643020701177 0.004951116545495047 2.456381594137987e-5 1.8920130789314863e-5 0.025953520967959776 0.0006930735876233829 0.0006777084470654948 1.6845952370109417e-13 7.387780849021683e8 1.0400221015754607e8
15800 130237.69057905748 8.27749906671012 0.004751044153194132 2.4691309359588742e-5 1.9149543724778234e-5 0.024989745468701585 0.0005507385189821301 0.0006494519603301718 -7.007754223142069e-13 7.387780849021429e8 1.0400221015749685e8
16000 131891.1844431897 8.25831737350388 0.0046436483250781105 2.480923252850345e-5 1.9368482297983426e-5 0.028413532136255526 0.0005300031018875551 0.0006359566703340036 -1.5859290548185623e-12 7.387780849021722e8 1.0400221015743873e8
16200 133541.32053691882 8.24393063482882 0.0046920834368579245 2.4855713980990963e-5 1.9481653878994948e-5 0.02699171281346935 0.0007195979503711314 0.0007002947390055692 -9.653127861591898e-13 7.38778084902143e8 1.0400221015738328e8
16400 135189.07029306723 8.234120987959257 0.004900940335419825 2.474500028265983e-5 1.955407274699481e-5 0.03332869990117615 0.0007672067904782587 0.0007328228771898981 -8.40901024182709e-13 7.387780849021343e8 1.040022101573254e8
16600 136835.09543411148 8.227009226339662 0.0052638778764853575 2.451163872206473e-5 1.9595248684413365e-5 0.03431400929730444 0.0006938018793114509 0.0007301394572808428 -2.0003586085204908e-12 7.387780849021609e8 1.0400221015727541e8
16800 138480.20918112298 8.224991974794573 0.0056751154725437685 2.4249623527796298e-5 1.9560145427221486e-5 0.03613931211111776 0.0007605487539437128 0.0007079676480807318 3.2545347705358684e-12 7.387780849021457e8 1.0400221015723416e8
17000 140125.43070188313 8.227458976150478 0.006002139693979974 2.4047852120137623e-5 1.9512719833840483e-5 0.04389692503355036 0.0007702002959084631 0.000776206324263562 -1.4267996235533557e-12 7.387780849021727e8 1.0400221015720561e8
17200 141770.5856490551 8.224958601548979 0.00615195763201326 2.3929918815102274e-5 1.959264027156347e-5 0.046111577010378824 0.0005354148492315858 0.0007516904690663129 1.6550925409027553e-12 7.387780849021481e8 1.0400221015718639e8
17400 143415.7563611635 8.227588345887758 0.0061349861907675435 2.3910064374761262e-5 1.974041089612734e-5 0.04187384128817939 0.0005310817692364411 0.000780246098421089 1.7159415524924246e-12 7.387780849021597e8 1.0400221015717837e8
17600 145061.9654599177 8.235305806228943 0.006013269081186619 2.398223986707711e-5 1.982476457354581e-5 0.04649085156415822 0.0005880288695109259 0.0007524082096377338 8.736487201223984e-13 7.387780849021556e8 1.0400221015718056e8
17800 146709.9627561799 8.2453915153 0.005860632941825339 2.410556510220721e-5 1.9809630597587114e-5 0.035218329378039925 0.000647675677162951 0.0005897129284302416 -2.1237403941492734e-12 7.387780849021524e8 1.0400221015719531e8
18000 148360.4645125584 8.26036264549037 0.00574260278961502 2.4157210565812297e-5 1.975390132362448e-5 0.028683663077799793 0.00067547047619676 0.0004308816703886831 1.7008680975229035e-13 7.387780849021583e8 1.040022101572185e8
18200 150014.44323745326 8.28010302864228 0.005683191371143254 2.4120617112057682e-5 1.9702412435591808e-5 0.027627195423747253 0.0006554719094129524 0.0005285614832708507 -7.162327253463926e-13 7.387780849021412e8 1.0400221015724728e8
18400 151671.47394955243 8.278905748630978 0.005664575821656575 2.4002983593242798e-5 1.9684984743990056e-5 0.029421400946375798 0.0006581637805016527 0.0006601179699247117 -1.515378546682497e-12 7.387780849021447e8 1.0400221015727793e8
18600 153325.21883586727 8.259419959935206 0.005659321132528921 2.3878732510902843e-5 1.9675233500216586e-5 0.03216077810884599 0.0005359840637654267 0.0007691356772410174 1.2891920075423076e-12 7.387780849021671e8 1.0400221015730613e8
18800 154975.54371772715 8.244715557792334 0.0056730557761851185 2.3702741415133617e-5 1.9651971026790115e-5 0.03503025653662917 0.0005673554854113139 0.0008743117380860532 7.591461729706135e-13 7.387780849021612e8 1.0400221015733565e8
19000 156623.42170382786 8.23475681108194 0.0056942043316636414 2.348542265286517e-5 1.9601255718690774e-5 0.03873783909693884 0.0005033620429846231 0.0009054411628950376 -2.5917299144653737e-12 7.387780849021642e8 1.0400221015736386e8
19200 158269.5410680355 8.227316524484712 0.005705306543207685 2.3342680846617496e-5 1.944902592070738e-5 0.03827700272813672 0.00043318162004557514 0.0007749446409397454 3.0218352582825385e-12 7.387780849021745e8 1.0400221015738657e8
19400 159914.68293187744 8.22496727510467 0.00574176340922948 2.324370742721409e-5 1.9221865093727113e-5 0.038552791862457525 0.00045252873311207864 0.0008489805605267353 1.8888064745635882e-12 7.387780849021502e8 1.0400221015740009e8
19600 161559.87034494418 8.227748243405832 0.00581842182621278 2.310583182063385e-5 1.9066826180413748e-5 0.044251974126382265 0.000509382268240488 0.0008924762105789741 6.284045323045298e-13 7.387780849021816e8 1.0400221015740857e8
19800 163205.05951966034 8.22496347877743 0.00585894349732372 2.299190364270829e-5 1.9044537298582724e-5 0.04518710316733632 0.00044175038587757065 0.0008344158843973659 -5.185430759506873e-14 7.38778084902152e8 1.0400221015740985e8
20000 164850.19764057937 8.227259777853817 0.005799772128678778 2.301137868781632e-5 1.9091081920423723e-5 0.039668623914622 0.0004663825550346168 0.0008374186895673263 6.48440706373877e-13 7.387780849021833e8 1.0400221015739603e8
20200 166496.30790428384 8.234648640547006 0.005678822786335594 2.3192567536710066e-5 1.9154422441711874e-5 0.0423904713079537 0.0004788352764877324 0.000801529878375784 2.405424327531647e-12 7.387780849021764e8 1.0400221015737872e8
20400 168144.1745495721 8.24458594019195 0.005534328085714554 2.345571621875047e-5 1.9242452034175492e-5 0.0313216261438356 0.0004778585234479493 0.0005616224385373014 2.3193612364990094e-13 7.387780849021648e8 1.0400221015735418e8
20600 169794.48310079015 8.259239754041364 0.005379786918721422 2.371641886223861e-5 1.927286302473966e-5 0.0250694487203873 0.0005595816137837772 0.0004510471905025959 8.47011961918495e-14 7.387780849021536e8 1.040022101573207e8
20800 171448.20643614975 8.278676013261586 0.005317373226640567 2.3897893505694358e-5 1.9190860997413022e-5 0.022510102380692842 0.000518698127046413 0.0005838941502536166 -1.8118174177205472e-12 7.387780849021701e8 1.0400221015728983e8
21000 173098.16606734027 8.280431729037149 0.005409317194511756 2.393524087143209e-5 1.900861612415972e-5 0.02582881143553095 0.0004916100270375701 0.0005512407559968846 -4.1112405711840475e-12 7.387780849021597e8 1.0400221015725498e8
21200 174752.18381396003 8.260621657712873 0.0056102336457210114 2.385412487116771e-5 1.877819480610814e-5 0.03156254845998774 0.000505027025327287 0.0006055388886433422 2.5552229484406492e-12 7.387780849021572e8 1.0400221015722269e8
21400 176402.71525014486 8.245578943838098 0.005889370150212382 2.3682884605066347e-5 1.855723911109135e-5 0.03413019574873033 0.0005425887662564577 0.0005742757665530007 1.23437209077232e-12 7.387780849021605e8 1.0400221015719153e8
21600 178050.73273472357 8.235461277280299 0.0061522712665721445 2.344822630197278e-5 1.848860816824196e-5 0.034694429285991646 0.0005534554134376535 0.00045956684847481277 -2.8108743732190117e-12 7.387780849021518e8 1.0400221015716124e8
21800 179696.95796692846 8.227671267421501 0.006292670192457182 2.3301436329967758e-5 1.8484283664818514e-5 0.03445996190839651 0.00045453445354581845 0.0004605841661740051 -8.99139677500842e-13 7.387780849021679e8 1.0400221015713847e8
22000 181342.1351944996 8.224967410594788 0.0062984294553345465 2.32398015632607e-5 1.850437069452867e-5 0.033290681688413315 0.0004321163427816188 0.0004847833774428434 -8.670515110254314e-13 7.387780849021516e8 1.0400221015711886e8
22200 182987.28680992418 8.227392024624049 0.006198733927746639 2.3243333502690346e-5 1.8593102483642354e-5 0.0309384497204519 0.00043740487013232965 0.0005131429842980539 -3.6146809332511596e-12 7.38778084902153e8 1.0400221015710677e8
22400 184632.51205658264 8.224994308166478 0.006024193888402758 2.332575503814108e-5 1.8719242268519243e-5 0.032603404863948526 0.00037174165179049146 0.0005005646792646257 2.054070534935032e-12 7.38778084902172e8 1.0400221015709867e8
22600 186277.62063382944 8.226935548422912 0.005796211704620189 2.3422394065811226e-5 1.8851672354497767e-5 0.03002128837579221 0.0003579612402428989 0.0005096239229916977 -3.5984846509063133e-13 7.387780849021624e8 1.0400221015709846e8
22800 187923.63062674078 8.233973029323328 0.005558028719940625 2.3536186194924987e-5 1.8951838630569284e-5 0.028144687377789523 0.0003470979212234493 0.0004753909667581935 3.801665672804489e-13 7.387780849021524e8 1.0400221015709995e8
23000 189571.36028930146 8.243750843251247 0.00531339807659535 2.3744982694904852e-5 1.891631396165023e-5 0.023536349838650494 0.00031361149856568016 0.0003463501095595234 -6.110152809573152e-13 7.387780849021481e8 1.0400221015710615e8
23200 191221.4675039278 8.258064944537962 0.00513315019171326 2.39492450070943e-5 1.8792482706738586e-5 0.02355484527470253 0.000344928465835892 0.00029759583292721103 5.9636913216029635e-12 7.387780849021708e8 1.0400221015711391e8
23400 192874.92284582157 8.27717542520176 0.005087434261493919 2.4011099589403033e-5 1.8719546681286023e-5 0.02495769142478821 0.0003616866430489196 0.0002720729517520226 3.4832440816689564e-13 7.387780849021546e8 1.0400221015712579e8
23600 194531.9089284776 8.281878305642886 0.005120195156680183 2.387864781446725e-5 1.876645797084945e-5 0.02571427492694056 0.0003712407628944092 0.0002865343155495914 2.3878814659794356e-12 7.38778084902173e8 1.0400221015713248e8
23800 196186.1858641761 8.261765884406836 0.0051871798627762 2.3665739928153136e-5 1.881532647829338e-5 0.025819104174843233 0.0003716470212533629 0.0003260673551129245 1.6406709575808014e-12 7.387780849021602e8 1.040022101571441e8
24000 197836.91459632525 8.246407355962333 0.005249758470624388 2.3436930797209197e-5 1.8878511734886723e-5 0.025163207651530684 0.0002807286425317024 0.0003215976243882146 -2.4465829385950703e-12 7.387780849021683e8 1.0400221015715486e8
24200 199485.06517710717 8.235985908063983 0.005293189413057264 2.317946045564187e-5 1.902923801667245e-5 0.02314188803484285 0.00025903814408367865 0.0003566187287947775 -9.068826874232689e-13 7.387780849021692e8 1.040022101571754e8
24400 201131.39247787802 8.228021855068912 0.005330055653996636 2.2994906179677615e-5 1.9106232420546537e-5 0.025095564772527723 0.0002715883771080563 0.00036749550136006004 6.802443370971005e-13 7.387780849021363e8 1.0400221015719268e8
24600 202776.6064816017 8.224985795339787 0.0053666441281139616 2.285104159633149e-5 1.9154639615359144e-5 0.025191261306645174 0.0003078841129847687 0.00039451470804559817 -9.033025384572513e-13 7.387780849021345e8 1.0400221015721782e8
24800 204421.7282753828 8.227077500903542 0.005380117470054719 2.2731293937030087e-5 1.9266721850114372e-5 0.026673274136555847 0.0003309316493806391 0.0004594034336773689 6.821294163686865e-13 7.387780849021602e8 1.0400221015724184e8
25000 206066.98259520336 8.225046296661516 0.005326623627510669 2.2662860159306887e-5 1.9401972791980615e-5 0.02694490523026616 0.00034211757534557963 0.0005083399892689688 -4.625676664309643e-13 7.387780849021723e8 1.0400221015726183e8
25200 207712.06812553867 8.226655070486741 0.005229827076615983 2.2687182405558724e-5 1.939522196794278e-5 0.024874382308553322 0.00033310310918155395 0.0005464145886202587 -1.5905907507416949e-13 7.387780849021511e8 1.0400221015727511e8
25400 209357.98884972226 8.233363396901547 0.005141232703804538 2.2738441976862232e-5 1.9282122250415912e-5 0.025210598159901565 0.0002751450638558417 0.000541123884940875 2.681720029630383e-12 7.387780849021618e8 1.0400221015727954e8
25600 211005.59288696205 8.242994577571311 0.005074712720822975 2.2704323564864793e-5 1.9190150710002188e-5 0.02437573642055213 0.0003028595350356156 0.0004705082115536996 -1.6910828436062254e-12 7.387780849021596e8 1.0400221015727627e8
25800 212655.51680575067 8.256991631897383 0.00501557253309593 2.2607125951345716e-5 1.9197836276559147e-5 0.026804576458744123 0.0004581724772334539 0.0005260526833996693 1.2499011858361761e-12 7.387780849021616e8 1.0400221015726212e8
26000 214308.72667605203 8.27579782757038 0.005007469719460471 2.2493711974490997e-5 1.9285040008424578e-5 0.030066405790421413 0.0004748274816277487 0.0005366858199528368 -1.794609346342692e-14 7.387780849021736e8 1.0400221015724108e8
26200 215965.6352637317 8.283342564874824 0.0050462756749311615 2.234957283466069e-5 1.945092717259411e-5 0.026539722613961203 0.00043594194218465887 0.0005101183433785239 1.7019344484999814e-12 7.387780849021506e8 1.0400221015721521e8
26400 217613.14172258295 8.26300669597645 0.00511586882581879 2.2161301129245698e-5 1.9609708696030535e-5 0.027440665557151078 0.0004028040803780719 0.000536867596694357 2.403372271959734e-12 7.387780849021574e8 1.040022101571935e8
26600 219264.08511420968 8.24731252396391 0.00514157989615637 2.195279289991527e-5 1.971106272929843e-5 0.023837012491867426 0.00034500504684142896 0.000488699079265853 2.537211763535174e-12 7.38778084902174e8 1.0400221015716498e8
26800 220912.38203042708 8.236544332239237 0.005018006185072279 2.176067307182682e-5 1.9879635018820694e-5 0.02497708062765014 0.0002972149655384726 0.0003793041739442726 7.764729405074969e-13 7.387780849021533e8 1.0400221015714405e8
27000 222558.8203718243 8.228419537920898 0.004771232640878149 2.1690901032735857e-5 2.0034775503035447e-5 0.024772732504061423 0.00025980162242245086 0.00037849463118300175 -1.4447945355983186e-12 7.387780849021752e8 1.0400221015712549e8
27200 224204.07837931384 8.225029505076845 0.004468884174030089 2.181565562010971e-5 2.0037616547120932e-5 0.023537693784192015 0.0002806026679609275 0.0003988922059699235 8.929684344584528e-14 7.387780849021567e8 1.0400221015710695e8
27400 225849.17324428237 8.226766401609655 0.004140222060521762 2.2086011520591262e-5 1.9910308356871742e-5 0.02149302147790877 0.00033174302198135663 0.000475823922835239 3.84472366171914e-12 7.387780849021523e8 1.0400221015709326e8
27600 227494.45395433312 8.225129811528701 0.0038475609936082346 2.2394432356943805e-5 1.9699667659922722e-5 0.020860801447270205 0.0003533147269745296 0.0005371915506915403 2.7496137539810985e-12 7.387780849021645e8 1.040022101570812e8
27800 229139.5204870915 8.226383535993746 0.0036551079257188183 2.2694590610437032e-5 1.9406563140972656e-5 0.020610322833817918 0.00032654425661926556 0.000593252121926513 2.2457791901722745e-12 7.387780849021474e8 1.0400221015707192e8
28000 230785.3515185363 8.23274093535624 0.003624586895552996 2.2940430244299095e-5 1.913794434498237e-5 0.027509484425536357 0.0003245317229454425 0.0006189384839905276 1.1099430987082383e-12 7.387780849021555e8 1.040022101570688e8
28200 232432.82434318552 8.242214130870487 0.0037177374545736388 2.307723011244857e-5 1.9054568455223557e-5 0.026942948439682368 0.0003964698431784264 0.0005715175994869259 2.796258472798003e-12 7.387780849021693e8 1.0400221015707946e8
28400 234082.55790892534 8.255872207436333 0.0038666000403605174 2.317240201953527e-5 1.9100030604144568e-5 0.027016074129278422 0.0005239293043044491 0.00046319633591229703 -1.051647011764769e-12 7.387780849021704e8 1.0400221015709074e8
28600 235735.51083961106 8.274351808924036 0.004011984874185577 2.328684544500942e-5 1.9160126412345685e-5 0.03003391148922674 0.000496601324751822 0.0004648292430536882 -7.411579615152733e-13 7.387780849021432e8 1.04002210157112e8
28800 237392.29645199995 8.284926015600556 0.004154989480442297 2.3382844506787696e-5 1.9260169494095624e-5 0.026696990731579717 0.0005320067979472931 0.00046722314449754165 6.953843193493029e-13 7.387780849021655e8 1.0400221015714772e8
29000 239047.12113611164 8.264193432823575 0.004273027769782819 2.3493521529315854e-5 1.939937127146459e-5 0.028603625596588245 0.0004693155044521724 0.00051196317189528 1.536486361220689e-12 7.387780849021615e8 1.0400221015718623e8
29200 240698.27057825917 8.248185857580951 0.0043406817904684675 2.3616096298178587e-5 1.9629547581766363e-5 0.028259819922823226 0.0004458853578057642 0.00045349793283699924 1.312958998933572e-12 7.387780849021591e8 1.0400221015722567e8
29400 242346.70971719723 8.23709355606769 0.004309649950386732 2.3723353499536473e-5 1.992824287722664e-5 0.030079760048465687 0.00039509612830146423 0.0003847106045955506 8.403353029731461e-13 7.387780849021603e8 1.0400221015726739e8
29600 243993.2551736093 8.228820313304825 0.004144033833943962 2.384062139082033e-5 2.0180541387223802e-5 0.027399765445807134 0.00035588445463519136 0.0004080185233212852 1.3453608965873823e-12 7.38778084902168e8 1.0400221015729594e8
29800 245638.56015969283 8.225099787047384 0.003920241440005015 2.3867038520784886e-5 2.042250941751007e-5 0.021386873928349814 0.00034341423401462734 0.00037747417062838906 9.870145601060685e-13 7.38778084902162e8 1.0400221015731414e8
30000 247283.6357082421 8.226504256087056 0.0037178492798744 2.3773942850963977e-5 2.06893285793867e-5 0.022328168131934945 0.0003788243688753745 0.00042639959052775955 3.797976459777025e-13 7.387780849021734e8 1.0400221015731996e8
30200 248928.93499297055 8.225220512983867 0.003658551166660454 2.3637118558074264e-5 2.0869803634847748e-5 0.023604855750818388 0.0004234878352871174 0.0005043938911430956 -2.5954357593135077e-12 7.387780849021635e8 1.0400221015731433e8
30400 250573.98626199205 8.226142326335447 0.0037158901229419196 2.345915068184316e-5 2.101679243897651e-5 0.024870090430340497 0.00038956358728126084 0.0005899420983662695 -3.5725981194333654e-12 7.387780849021528e8 1.0400221015729629e8
30600 252219.73592641845 8.232170700374812 0.0038305847542677474 2.3272099004805344e-5 2.1200897610028515e-5 0.02622088348653051 0.00041914630645889517 0.0006220638630022313 -1.493792836520152e-12 7.387780849021435e8 1.0400221015726455e8
30800 253867.08601142454 8.24149552556228 0.003884538054255825 2.3192656053816623e-5 2.1408517372218203e-5 0.026681741917855106 0.0005039236595618668 0.0005622650335121993 4.943213059694679e-12 7.38778084902154e8 1.0400221015723212e8
31000 255516.6435321611 8.254833965980456 0.00386586533232583 2.318870801271376e-5 2.1641408121799978e-5 0.029037054953732877 0.0005280702509826152 0.00044640284721797485 2.056568419023618e-12 7.387780849021597e8 1.0400221015719391e8
31200 257169.35776189866 8.273007001531555 0.003816418546038129 2.3199135362378573e-5 2.18642351167365e-5 0.033368455413437914 0.0005636871482867789 0.00040540472330360955 2.878690562175523e-12 7.387780849021584e8 1.0400221015715297e8
31400 258825.98845035318 8.286426170847701 0.0036900553007622014 2.324061767053121e-5 2.199299858631094e-5 0.02682722573445062 0.0004880100499462664 0.0004914744564352702 -2.186272689574842e-12 7.387780849021432e8 1.0400221015711392e8
31600 260474.0569177574 8.265474881985927 0.003511607317962241 2.3335690455955657e-5 2.1991949270307542e-5 0.02285788888048046 0.0004372827097798293 0.0005713920212451207 -1.1804974357526595e-12 7.387780849021736e8 1.0400221015708001e8
31800 262125.42941302483 8.24913443232933 0.0033181290612688185 2.3513280563938015e-5 2.191792716052349e-5 0.026386239575003856 0.00046343637337198373 0.0004280140407580957 2.5192254665340118e-12 7.387780849021561e8 1.0400221015704916e8
32000 263774.0238005831 8.237697409258923 0.0031453854586666326 2.3695515834767824e-5 2.1804427492072943e-5 0.02458423146754285 0.0004212165119960032 0.00045117815461559463 -1.7138768136615833e-13 7.387780849021591e8 1.0400221015702967e8
32200 265420.6843213441 8.229263516845753 0.0030946956320693692 2.393837728469279e-5 2.1565809063126168e-5 0.025224921635526698 0.00045629239167366276 0.0005053329610361645 -3.0474855939712907e-13 7.387780849021475e8 1.0400221015701611e8
32400 267066.0423238029 8.22518819359756 0.00319607555629007 2.4170224204359353e-5 2.1257992265955793e-5 0.02689563572539555 0.0004684335305248921 0.0005306106856546311 2.9188725623014566e-13 7.387780849021965e8 1.0400221015701266e8
32600 268711.0998544689 8.226237533419809 0.003418967491760616 2.4318182788064863e-5 2.101162480954914e-5 0.0289966749614905 0.0005144762772355538 0.0005461021995494808 3.864047204963549e-12 7.387780849021815e8 1.0400221015702224e8
32800 270356.4141894344 8.225346402806341 0.0038381459945256336 2.4334731339939757e-5 2.0878979684186462e-5 0.032044006175055983 0.0005241824089439184 0.0005816753184925694 8.167530564100468e-13 7.387780849021511e8 1.0400221015703946e8
33000 272001.4547493667 8.22591155849265 0.00432122579488032 2.4246730582667634e-5 2.0849994724529563e-5 0.032749653254541045 0.0005282670492143815 0.0006978240942629999 2.273890078093144e-12 7.387780849021592e8 1.040022101570684e8
33200 273647.1227306927 8.231587290625056 0.004718309976316924 2.421839048931562e-5 2.080793225761718e-5 0.036361239310281235 0.0005651075034451836 0.0007776158384064091 1.2430751994649527e-12 7.387780849021612e8 1.0400221015710677e8
33400 275294.3441598036 8.24075308790175 0.004943847476479317 2.4250403580784795e-5 2.0857376210776253e-5 0.03689801554719452 0.0005857624617524593 0.0007303124272209915 -2.3891469201910127e-12 7.387780849021622e8 1.0400221015714827e8
33600 276943.71884435543 8.253751175083233 0.004989138364978636 2.4321358380754756e-5 2.0930197146620648e-5 0.03800619866888155 0.0005513318140559775 0.0006604775994097367 -2.4470716030239737e-12 7.387780849021633e8 1.0400221015718901e8
33800 278596.1832529862 8.271595519061506 0.004854420740971525 2.4492425538255612e-5 2.101298619712415e-5 0.04290417203628749 0.0005411128193713033 0.0006298080652135662 -3.206337429380705e-13 7.387780849021584e8 1.0400221015722972e8
34000 280252.6082437151 8.288047727444532 0.004582171011382128 2.4683082402940273e-5 2.11509040169393e-5 0.031170974076985658 0.000599613499461249 0.00048572775495418774 -5.017143058068243e-13 7.387780849021772e8 1.0400221015726484e8
34200 281907.99601698335 8.266700268290933 0.004239757277073658 2.4832345567835844e-5 2.1359014176651843e-5 0.030006700507783535 0.0006049627116286871 0.000489476862666649 8.721956494013892e-13 7.387780849021517e8 1.040022101572948e8
34400 283559.5824005355 8.250047258688225 0.00391371520529497 2.4919047169427008e-5 2.1633592830025343e-5 0.03663873309119481 0.0005746429254376295 0.00045205824017546803 3.511238187884975e-13 7.387780849021714e8 1.0400221015731552e8
34600 285208.326960345 8.23828601352585 0.003747348905548706 2.4953649530258405e-5 2.186642564073857e-5 0.034156257739596185 0.0005596777772011174 0.0004714373139782513 1.945616705758252e-13 7.387780849021616e8 1.0400221015732706e8
34800 286855.0974250295 8.229701750941805 0.0038138876566829643 2.493874793532983e-5 2.1973300383062744e-5 0.0343486426625077 0.0005481608450856601 0.0005064905471698911 -1.9148456837572214e-12 7.38778084902173e8 1.0400221015732773e8
35000 288500.5098401612 8.225294780161551 0.00400715151648776 2.48540404230738e-5 2.2094555033569654e-5 0.03487885232721055 0.0005442588122876041 0.0005380308046284421 1.6933380706277655e-12 7.38778084902153e8 1.040022101573182e8
35200 290145.555143631 8.226009973375595 0.004162617505921075 2.4721052584900785e-5 2.2370524829973813e-5 0.0314744860600058 0.000552774774722431 0.0006123512958438049 4.692964942526605e-13 7.387780849021512e8 1.0400221015729935e8
35400 291790.87912020856 8.225492017641622 0.004285852293192193 2.460023088409921e-5 2.2701004654784972e-5 0.031393727384511294 0.0005880814113929378 0.000625145279111991 -1.0892516181270415e-12 7.38778084902181e8 1.0400221015727071e8
35600 293435.91523758 8.225723502234366 0.004427129905210594 2.449576846365829e-5 2.2970128179419466e-5 0.03235539708998658 0.0005919290510695285 0.000746311723210602 1.8419442258907218e-12 7.387780849021529e8 1.0400221015723492e8
35800 295081.51236759225 8.23106889175637 0.004596054521769145 2.4490501285924443e-5 2.3083504206213462e-5 0.035630684897114406 0.0005566370097218609 0.0008482902478531562 -6.633030927702871e-13 7.387780849021714e8 1.0400221015720363e8
36000 296728.6163184056 8.240083024697103 0.004694973219379708 2.464389977785294e-5 2.3116916707881974e-5 0.041846135400192 0.00048675999416447624 0.0008338169895603098 2.980923372501289e-12 7.387780849021567e8 1.0400221015717189e8
36200 298377.8245218958 8.252759837214565 0.004664687371959689 2.4839370574592727e-5 2.319181689801325e-5 0.03746336592485022 0.0005759509824811992 0.000663448280121326 -4.8392615481307236e-14 7.387780849021496e8 1.0400221015714444e8
36400 300030.0593911463 8.27029536153433 0.004581999218135583 2.5037664490480385e-5 2.322054516630224e-5 0.04133032724712393 0.0005867002397659249 0.0005981787417754791 -9.733563653875435e-13 7.387780849021505e8 1.040022101571175e8
36600 301686.25394387654 8.289587409323998 0.004468208198433409 2.5302708514432443e-5 2.3123514009414735e-5 0.03671660405552757 0.0005851479724512387 0.0006447940614422443 -5.969459572040909e-14 7.387780849021709e8 1.0400221015709722e8
36800 303334.9270149868 8.268025058155034 0.004393967509719753 2.5612387957592756e-5 2.301918604809628e-5 0.0317771511099636 0.0006507677687883628 0.0006808969890936822 1.876450347992792e-12 7.387780849021689e8 1.040022101570807e8
37000 304986.7452887715 8.251040903719657 0.004426922383423972 2.590194449125899e-5 2.3039466767646647e-5 0.03984407995994843 0.0006339590632196135 0.0006469324628617379 -8.941132780568237e-13 7.387780849021753e8 1.0400221015706363e8
37200 306635.6542312863 8.238936119304833 0.004637871680643053 2.6127010467563555e-5 2.31060598546793e-5 0.03210598618898075 0.0006104168414369227 0.0006804249382336147 1.024471334709793e-12 7.387780849021616e8 1.0400221015704909e8
37400 308282.543888947 8.230191687791104 0.004974300335407614 2.6250048535126294e-5 2.3134442840922172e-5 0.03140669071399316 0.0005723913505861766 0.0007010638683139225 -2.225867909495256e-12 7.387780849021857e8 1.0400221015703396e8
37600 309928.0189047081 8.225431730184555 0.005311700361781041 2.6287076443096645e-5 2.3167596024065935e-5 0.03167915562153212 0.0006210120058089963 0.0006861813573151299 -4.7008780995640905e-12 7.387780849021572e8 1.040022101570237e8
37800 311573.05596931744 8.225792626760303 0.005532354547494057 2.6318446057503347e-5 2.3174755808853717e-5 0.031419039941056326 0.0007945236718840398 0.0006506099092769002 -3.2586881788747744e-13 7.38778084902152e8 1.040022101570148e8
38000 313218.3847766075 8.225669608594783 0.005610552481880705 2.6396460219724573e-5 2.3143436924761327e-5 0.03603388044575695 0.0006725774988782796 0.0006789753062982351 -3.869194215020774e-12 7.387780849021643e8 1.0400221015701406e8
38200 314863.420730146 8.225545998164078 0.005580450344519734 2.6467641647705393e-5 2.3139679328335487e-5 0.03928157220434514 0.0005225683497105393 0.0007685899015917874 1.3487913591673672e-12 7.387780849021635e8 1.0400221015702093e8
38400 316508.9468423463 8.230539164083224 0.005428484487597829 2.656592164451921e-5 2.314712159701587e-5 0.0437762489727902 0.0006244871191891654 0.0008376990901615144 -4.991363975336029e-12 7.387780849021415e8 1.0400221015703927e8
38600 318155.92768736015 8.239391903105439 0.005185890303073325 2.6704808770995346e-5 2.3183715508967736e-5 0.051036078368269955 0.0005797621971721512 0.0008242139448129127 1.3548209326005936e-13 7.387780849021482e8 1.0400221015705998e8
38800 319804.96294584876 8.251725383167004 0.0049426020026613225 2.6837676109614744e-5 2.3182798505365334e-5 0.04223178874053701 0.0006556005446380908 0.000707626144132445 2.978124919106776e-14 7.387780849021748e8 1.0400221015708533e8
39000 321456.9575096484 8.268930867854195 0.004780756799278278 2.700081815130206e-5 2.3028611464580026e-5 0.0454600543325796 0.0007110515533015338 0.0007096806102874498 -7.267545655080093e-13 7.387780849021664e8 1.0400221015711404e8
39200 323112.86622045824 8.290805416602996 0.004721286925346874 2.710029350879598e-5 2.2931212733576737e-5 0.04002176219728426 0.000785617267806682 0.00063088530393407 -1.5319074654407497e-12 7.387780849021552e8 1.0400221015713672e8
39400 324768.8335918028 8.269291785891562 0.004742930325821237 2.7091238885035727e-5 2.3013268552300763e-5 0.03329191363081918 0.0008429904877869099 0.0006626224103369882 -2.1322233406114502e-13 7.387780849021823e8 1.040022101571604e8
39600 326420.87418060016 8.251996551902918 0.004788853608131321 2.7092145008665022e-5 2.321050147758034e-5 0.047118929842326907 0.0008022066253401405 0.0007128642523461792 -5.136522198624627e-12 7.387780849021662e8 1.0400221015717253e8
39800 328069.9419983931 8.239569505348337 0.004870425596731076 2.7111949759645142e-5 2.3499437678889835e-5 0.04095365684952412 0.0007602945114455473 0.0008343162880288801 2.313096185201904e-12 7.387780849021626e8 1.040022101571811e8
40000 329716.9459803443 8.230676448275824 0.005004122444121244 2.722389853264643e-5 2.3676657670138596e-5 0.03740120544352976 0.0007453036923337208 0.0008396751720218809 -3.1274628744792265e-12 7.387780849021505e8 1.0400221015718353e8
40200 331362.4848649555 8.22558630443795 0.005157798032297315 2.7338985005364926e-5 2.3794795477801153e-5 0.03953795058259857 0.0006913625624394015 0.0008808282098211606 -7.299898734152367e-13 7.387780849021571e8 1.0400221015718992e8
40400 333007.51930625667 8.225613518489077 0.00529318445584353 2.7366006326344642e-5 2.3963769119410068e-5 0.041091170691288426 0.000637554449363531 0.0009996514744714524 2.2733217843357794e-12 7.387780849021586e8 1.0400221015719564e8
40600 334652.8478132941 8.225857965785314 0.005394997628434601 2.7460037898692696e-5 2.3972990734487664e-5 0.0510263577925798 0.0006825405098891402 0.0008526709514455888 -7.379680620680774e-13 7.387780849021631e8 1.0400221015719454e8
40800 336297.88780860597 8.225399651877437 0.005403604723052083 2.754752320109664e-5 2.4005923226181473e-5 0.05124097794396221 0.0006635448425733603 0.0007976263783230353 1.057460012569123e-12 7.387780849021652e8 1.0400221015719835e8
41000 337943.3511699082 8.230060520548617 0.005321559329594008 2.7584691127748366e-5 2.409511331341397e-5 0.052439211676755804 0.0006556550805858485 0.0008705306875033125 -3.604524275223973e-12 7.387780849021604e8 1.0400221015719776e8
41200 339590.2178442803 8.238763060505155 0.005244346252553969 2.7710079074054854e-5 2.412307247592629e-5 0.05908971672397456 0.0006976198535153522 0.0008299870066488246 -3.446227152912599e-12 7.387780849021531e8 1.040022101571855e8
41400 341239.0950104579 8.25077612671969 0.005253000389591427 2.787379902031907e-5 2.4137893809549604e-5 0.046480327278914046 0.0007897594465564595 0.0007755218704217359 -5.57508919060124e-12 7.387780849021555e8 1.0400221015716419e8
41600 342890.8683205008 8.26767117114312 0.005360502882046456 2.795584736235558e-5 2.423915323938793e-5 0.04663156574497407 0.0008212668674731916 0.000791872063453436 4.0607008953422504e-13 7.387780849021502e8 1.0400221015712692e8
41800 344546.4949177926 8.289248094772683 0.005467917196968062 2.8087986110172875e-5 2.438876492430625e-5 0.04203962852079712 0.0007774789356851386 0.0008894839352335815 -1.5822906346535054e-12 7.387780849021608e8 1.0400221015708695e8
42000 346195.7502028875 8.270662329882745 0.005592093740355923 2.8280061933377162e-5 2.4527883193306044e-5 0.03458673052591621 0.0008323771398979218 0.0008857626725919943 6.550831444507964e-13 7.387780849021599e8 1.0400221015703633e8
42200 347848.03195231396 8.25303685311036 0.005717514013796069 2.847637453532339e-5 2.4657737753474825e-5 0.04617608111038862 0.0008377321296366702 0.000755271587704609 2.284920205838987e-13 7.387780849021605e8 1.0400221015699022e8
42400 349497.27352227975 8.240266495266292 0.005754183531842413 2.863653949549511e-5 2.4823734385095697e-5 0.037985511304214015 0.0007498068324616192 0.0007584579484016807 2.077967709210392e-12 7.387780849021531e8 1.0400221015694675e8
42600 351144.4008967546 8.23121231716768 0.00570381433810304 2.8802932842584963e-5 2.489880900264434e-5 0.03444160966500931 0.0007410109049428293 0.0007454112708272786 3.1652254831378667e-12 7.387780849021744e8 1.0400221015691885e8
42800 352790.01158167614 8.225769129650727 0.005558145386396589 2.9016856678310025e-5 2.4913253463212827e-5 0.04057164144796843 0.0007799542817590321 0.0007273545869765918 -1.512256071918378e-13 7.387780849021672e8 1.0400221015690622e8
43000 354435.0466881867 8.225438925299803 0.005292232275361244 2.9242148429027128e-5 2.496120921832159e-5 0.03800848389073508 0.0007612230883737858 0.0007873843043986195 -2.613132315640187e-12 7.38778084902163e8 1.040022101569066e8
43200 356080.36810650286 8.226075736917196 0.005007905288618651 2.947697674212523e-5 2.494494338538014e-5 0.037132836388991564 0.0007546979096537676 0.0007584794415997353 -1.1422045232867469e-12 7.387780849021516e8 1.0400221015691842e8
43400 357725.4158129848 8.225261234494608 0.004855458548109448 2.9615582615934697e-5 2.4953104152495368e-5 0.03572560827160487 0.0007589490282060574 0.0008252474663043019 1.5798745934810236e-13 7.387780849021662e8 1.0400221015694071e8
43600 359370.8159783437 8.229569399805966 0.004844180617907215 2.962173469430061e-5 2.499843910090639e-5 0.03610444344667485 0.0005494083747450418 0.0008548202819952389 1.9294232950946723e-12 7.387780849021549e8 1.040022101569736e8
43800 361017.56223063846 8.23811059798178 0.004967376960978837 2.9617452507816195e-5 2.506697878039039e-5 0.045770725244437926 0.0006217290863714808 0.0008119450980906828 -1.4545582519054956e-12 7.387780849021486e8 1.040022101570053e8
44000 362666.2740299016 8.249778616776752 0.005205568437380888 2.9668506343103152e-5 2.5136565836617525e-5 0.03662655768494005 0.0005953326735790299 0.0006996103859071567 3.300195459905344e-12 7.387780849021657e8 1.0400221015703927e8
44200 364317.8141479078 8.266340591036464 0.005455169285542427 2.9731619662077625e-5 2.522605813044941e-5 0.04134118988986302 0.0006536061430684192 0.0007894512865258552 2.387479430602081e-12 7.387780849021665e8 1.040022101570699e8
44400 365973.1425081031 8.287600445096851 0.005668504713858796 2.9975498046963168e-5 2.5237569419710103e-5 0.04156395117934153 0.0007723197046307639 0.0008557198618567297 -9.729964480021025e-13 7.387780849021276e8 1.0400221015710361e8
44600 367629.6099255309 8.27196556226956 0.005837327865984443 3.024890156556121e-5 2.5307648409542415e-5 0.03597126012937224 0.0008194250473789744 0.0008989751202400642 1.0851844200528331e-13 7.387780849021606e8 1.0400221015713224e8
44800 369282.12168245605 8.254033231438427 0.0059740473196743735 3.0423788794448138e-5 2.5397402963797693e-5 0.04609240953504923 0.0008225711674691993 0.0009571881443626307 9.739498461826857e-13 7.387780849021492e8 1.0400221015715946e8
45000 370931.530637752 8.240943560124789 0.0060862646674459805 3.0490426166669348e-5 2.5461694006622152e-5 0.03620237283212191 0.000743669467061725 0.0009774638736776975 -1.67929219893822e-13 7.387780849021695e8 1.0400221015718073e8
45200 372578.7761459279 8.231738743105629 0.0061239044984786745 3.0474668842447132e-5 2.5504605519862003e-5 0.03345060674473643 0.0007183549348819263 0.0009617406675241913 1.9569043275910196e-12 7.387780849021429e8 1.0400221015719223e8
45400 374224.4588811893 8.225963972349225 0.006053951005207593 3.048826758012755e-5 2.5497104951168263e-5 0.0361036818849243 0.0007373196688722494 0.0009238958526739116 -5.424830861382775e-13 7.387780849021566e8 1.0400221015720046e8
45600 375869.49944483966 8.22530028868845 0.005919828842099488 3.038529991619594e-5 2.561717762823743e-5 0.03446407009141694 0.0007199226317948781 0.000924159711110123 1.2987992172204431e-12 7.387780849021575e8 1.0400221015719026e8
45800 377514.80994159647 8.226308637775437 0.005815665477396262 3.0282855747457446e-5 2.5742432411004178e-5 0.03710775922081666 0.0007388524634224236 0.000935947173108076 -3.2895972509700378e-12 7.387780849021682e8 1.0400221015717329e8
46000 379159.87088182 8.225162102178766 0.005808968779591144 3.0195720917086188e-5 2.591780687096525e-5 0.03959758611017605 0.0007627888134029703 0.0009483527478364451 -2.06628606877714e-12 7.387780849021716e8 1.040022101571462e8
46200 380805.2178140599 8.229138278644905 0.005926208539907302 3.006707443481521e-5 2.6117086112063316e-5 0.04046227252547396 0.0007217500353156048 0.0009310028764346612 1.4437289025415574e-12 7.387780849021579e8 1.0400221015711391e8
46400 382451.8546477705 8.2375283260884 0.006134214312156762 2.9986158228148327e-5 2.6251932302058745e-5 0.04629868068150245 0.0007248883416623997 0.0008380365193862982 5.301798463641456e-13 7.387780849021494e8 1.0400221015707278e8
46600 384100.41716004146 8.248871766509374 0.006331557401817673 2.991873299645022e-5 2.6432716725366462e-5 0.03730996130980202 0.0008066083828023318 0.0006710830990686034 -3.124317426264973e-13 7.387780849021622e8 1.0400221015703714e8
46800 385751.74448051275 8.265123095187127 0.006466981928856022 2.985375825698337e-5 2.6561429403940907e-5 0.038058155767430435 0.0008592380255358911 0.0006193410591643911 3.42252716741756e-13 7.387780849021577e8 1.0400221015700427e8
47000 387406.79918133497 8.286085272337491 0.006522362648989499 2.985994828504794e-5 2.6678245597578713e-5 0.039207789001011406 0.0007713924762096092 0.0008513684823316936 -3.4314207643008917e-12 7.387780849021606e8 1.0400221015697809e8
47200 389056.52321220754 8.27337890217351 0.006474271688433863 2.991242131088004e-5 2.681684051584303e-5 0.03983741243973782 0.0008118800026553075 0.000928351437663455 -5.226774833318779e-12 7.387780849021809e8 1.0400221015696217e8
47400 390709.2847949241 8.255117361655229 0.00634827170976964 3.005733365651256e-5 2.6835311583384127e-5 0.05252357970857702 0.0008622943962448559 0.0008290915752304784 7.2111458349998115e-12 7.387780849021783e8 1.0400221015695053e8
47600 392358.8763971744 8.24168587380806 0.006187874835639264 3.02167556712073e-5 2.6843177540338395e-5 0.044994364767262596 0.0008569441422969781 0.000866309466914128 1.1311810961305263e-12 7.387780849021486e8 1.0400221015695547e8
47800 394006.24959984265 8.232322699509796 0.006013937642621989 3.031924759570134e-5 2.695545928587018e-5 0.03760679380320653 0.0008137464352291346 0.0008915012498416641 -3.330314610258807e-12 7.387780849021672e8 1.0400221015696675e8
48000 395652.01398580393 8.22619779945474 0.00587650763603735 3.0479058587533416e-5 2.6951252128313395e-5 0.04201281377027044 0.0008208884014391238 0.0009246930382273422 -5.4901108771671425e-12 7.387780849021498e8 1.040022101569846e8
48200 397297.06580198335 8.225180292476823 0.005806499614553202 3.0590569722441834e-5 2.6925399625229136e-5 0.043925072484853445 0.0008422088325001909 0.0009276744413485721 -1.3470635642718325e-12 7.387780849021635e8 1.0400221015701342e8
48400 398942.3599199145 8.22657930214841 0.005815967626493825 3.0691385251760785e-5 2.6893482730907034e-5 0.0449110127719905 0.0008464542503143768 0.0008996005363386406 1.7159252796319126e-14 7.387780849021603e8 1.0400221015704699e8
48600 400587.4392034365 8.225076653755131 0.005934658057279885 3.0845206039713665e-5 2.698946317342848e-5 0.04412309463623387 0.0008960959949688707 0.0008650543798382482 9.238284785787548e-13 7.387780849021621e8 1.040022101570784e8
48800 402232.73336940317 8.22869841558399 0.006162985989381269 3.111157527146676e-5 2.70196110846269e-5 0.038171262785908766 0.0007676611348448326 0.0008387694415631364 1.1848576051427762e-12 7.387780849021695e8 1.0400221015710886e8
49000 403879.2549729275 8.236928410107678 0.0064155654411112645 3.158292419013148e-5 2.685209544079042e-5 0.04457182585974806 0.0008102358269868049 0.0008557857998959806 -1.625180151600503e-14 7.387780849021391e8 1.0400221015713455e8
49200 405527.6626775396 8.247926875749362 0.006620528186684027 3.199145089009726e-5 2.6733920156482425e-5 0.03699432945541048 0.000647446978645938 0.0008460420409263092 1.385843705326015e-12 7.387780849021691e8 1.040022101571522e8
49400 407178.76719448913 8.263843948930113 0.006720852005731065 3.2224798965061715e-5 2.6707734511494467e-5 0.03866883831688028 0.0006441818729792104 0.0006927463964613301 5.03099413404519e-13 7.387780849021659e8 1.0400221015716745e8
49600 408833.53375962947 8.284487495910616 0.006691282297877062 3.236438641194754e-5 2.67619542520772e-5 0.037309515466404264 0.0007714532021765308 0.0005947148799884672 3.936127361987739e-13 7.387780849021698e8 1.040022101571734e8
49800 410490.3451248696 8.274730085808827 0.0065391135179607195 3.240115253607341e-5 2.6911124634424397e-5 0.03296204227081034 0.0007504542006548931 0.0006409025665363721 -2.46251933378527e-13 7.38778084902145e8 1.040022101571754e8
50000 412143.34620821336 8.256160504683313 0.006380753862780325 3.239983506965981e-5 2.7077191593020117e-5 0.04300548973878904 0.0006993125687526636 0.0007119356525562281 1.5873342641851247e-12 7.387780849021543e8 1.0400221015717283e8
50200 413793.1145235606 8.242409359125707 0.006259566995268197 3.2410209869202796e-5 2.7192147184358288e-5 0.03631812307571636 0.0006480188052897518 0.0007490519081418956 1.260170318046313e-13 7.387780849021508e8 1.0400221015717168e8
50400 415440.61041922803 8.232895722282684 0.006179484989923323 3.2418664916616125e-5 2.7295074319680085e-5 0.035270443033596166 0.0005843932049209855 0.0007821176109912842 -1.4271214911620115e-12 7.387780849021683e8 1.0400221015716536e8
50600 417086.456287623 8.226440713205122 0.00621048934166241 3.244719696251128e-5 2.725823330232148e-5 0.034992658083865535 0.0006625578073604643 0.0007832475663869937 7.736854952245068e-13 7.38778084902169e8 1.0400221015715894e8
50800 418731.52331778384 8.225091079633323 0.006307451435593739 3.2378885198372096e-5 2.727599068002696e-5 0.036950668842109735 0.0007383541205028266 0.0007884648753127971 1.8039628908422588e-12 7.387780849021746e8 1.0400221015714566e8
51000 420376.79714746075 8.226851636466714 0.006405818920545702 3.2290500677760215e-5 2.7339114036340155e-5 0.03949030448529811 0.0007295761742269757 0.0007963482843645342 9.994313509436258e-13 7.387780849021518e8 1.040022101571326e8
51200 422021.8972550366 8.225014225848332 0.006521287804994695 3.225158469711408e-5 2.7503246140103963e-5 0.04455856347703957 0.000835489534599887 0.0008132366197254326 2.6158060902063654e-13 7.387780849021555e8 1.0400221015711254e8
51400 423667.14552723727 8.22830411079948 0.006594746225150786 3.226677559693082e-5 2.773555652687625e-5 0.04075355105487688 0.0008279257707843879 0.0008119350493872579 1.3623610103801653e-12 7.387780849021635e8 1.0400221015708914e8
51600 425313.5602436591 8.236382596772279 0.006591974608059167 3.2356966779842515e-5 2.7967880786956972e-5 0.040858153994122404 0.000892727029613738 0.0007346058202470918 3.704907244200364e-12 7.387780849021722e8 1.0400221015706517e8
51800 426961.8258461187 8.247054746628939 0.0065152348521680895 3.2364868690799046e-5 2.8243694487534342e-5 0.04105200255798991 0.0009249840503012807 0.0005660960186690822 -5.030180491019591e-13 7.387780849021784e8 1.040022101570418e8
52000 428612.72394486994 8.26265557345897 0.0064081544086972975 3.239168113317167e-5 2.8391824045392628e-5 0.03768026301077043 0.0008307115424000533 0.0006342153316432064 9.166176869177778e-13 7.387780849021523e8 1.0400221015702643e8
52200 430267.22222290514 8.282997797367619 0.006326528243538794 3.2502335395826314e-5 2.8418647009072168e-5 0.0379238230689225 0.0007686189588990838 0.0006825503864824611 4.305047468200245e-13 7.387780849021684e8 1.040022101570188e8
52400 431924.1428468784 8.276100007048454 0.006229248338671783 3.262948557810535e-5 2.8442365607785755e-5 0.033700264642902766 0.0005806216454678492 0.0007008760489508603 -2.431395094988421e-12 7.387780849021521e8 1.0400221015702115e8
52410 432000.0 1.3770089787431061 0.00622416514634901 3.2635395769141514e-5 2.844469783758788e-5 0.03390373967886262 0.0005841181822603403 0.0006968658114359094 1.7895685884923399e-12 7.387780849021589e8 1.0400221015701865e8
