#timestep time dt l2_h l2_h_vcon1 l2_h_vcon2 linf_h linf_h_vcon1 linf_h_vcon2 dsdu_ut mass entropy 
0 0.0 100.0 0.0 0.0 0.0 0.0 0.0 0.0 -4.7254549072448834e-12 9507.350780128063 7.387780844940976e8
50 2123.653588830331 42.4520766866604 0.0061664439850703376 7.840076671546224e-7 1.3013875142524168e-6 0.03100518438623112 7.381660717675764e-6 1.0151757386167581e-5 -4.0160475706338966e-7 9507.35078012807 7.387780844937218e8
100 4245.977343042629 42.448944462327226 0.006206388359443531 1.0057272773387608e-6 1.2198508327995317e-6 0.04738710728315709 9.887407769859635e-6 7.396922177271836e-6 -3.859317824597879e-7 9507.350780128081 7.387780844928786e8
150 6369.374331806777 42.49409152065442 0.005787374637031814 1.2944404086258018e-6 1.2596681250092973e-6 0.048290632475755046 1.2892420496457557e-5 8.579351904097754e-6 -3.869922154229939e-7 9507.350780128076 7.387780844920359e8
200 8496.259314626466 42.58741825277805 0.005590583038534859 1.5758406009510335e-6 1.3584609970571009e-6 0.048207112630962 1.5489900933196576e-5 9.35390897616184e-6 -3.5674998385462115e-7 9507.350780128067 7.387780844912549e8
250 10629.021795187158 42.72802692283513 0.005662833033245938 1.8518546523176653e-6 1.4599587978933893e-6 0.046947359197474725 1.7476451601994292e-5 1.0149978240725499e-5 -3.5326109176394845e-7 9507.35078012805 7.387780844904985e8
300 12762.837292274444 42.60831091084986 0.0056650933028871715 2.103525367672124e-6 1.5591709603951592e-6 0.06063283871526437 1.9142151206852365e-5 1.2846332905269708e-5 -3.458431327475694e-7 9507.350780128067 7.387780844897517e8
350 14890.46399610595 42.50673730681257 0.0057560218767764215 2.331352248794946e-6 1.6624953418472867e-6 0.06805032872875927 2.0279353411367662e-5 1.5482434360836184e-5 -3.427677858171945e-7 9507.35078012807 7.387780844890213e8
400 17014.23544541108 42.45324510729667 0.005834076914185485 2.539014889285174e-6 1.7685561919109807e-6 0.06499858666256841 2.0893905385011013e-5 1.7376160861573564e-5 -3.4613460707914086e-7 9507.35078012805 7.387780844882873e8
450 19136.56506989896 42.44807254829616 0.005858166426538571 2.7331886667207354e-6 1.838841821739505e-6 0.05761842074002743 2.094180653433586e-5 1.8184619208438946e-5 -3.477132218629469e-7 9507.35078012808 7.387780844875497e8
500 21259.859056579055 42.49072510876749 0.005780648256254593 2.9159510397611426e-6 1.9007602193328737e-6 0.053556405822064335 2.225668639199707e-5 1.779975879151463e-5 -3.446408130607158e-7 9507.350780128065 7.387780844868182e8
550 23383.78808086683 42.456036427374706 0.005806121427258764 3.0836185922808673e-6 1.9530090244214932e-6 0.05391710394519578 2.447660530330298e-5 1.70560266091746e-5 -3.4466801048981163e-7 9507.350780128078 7.387780844860855e8
600 25506.148158686636 42.44655663434004 0.005805390624586611 3.248275206577861e-6 1.980334417476207e-6 0.05844310782345019 2.6865881930904223e-5 1.92268401184581e-5 -3.4628883552309724e-7 9507.35078012807 7.387780844853504e8
650 27629.263055193318 42.485323400047434 0.005703113945975508 3.408529008844067e-6 1.98668766520844e-6 0.06308034340622726 2.8020863124700313e-5 2.0764285010133054e-5 -3.433288585637995e-7 9507.35078012807 7.387780844846202e8
700 29755.54788623245 42.572324959390144 0.005621809145037651 3.558628793061178e-6 1.995210123622916e-6 0.06382344602138801 2.7646131455727474e-5 2.224458873145707e-5 -3.387199307141652e-7 9507.350780128085 7.387780844838918e8
750 31887.39765184007 42.706770999013635 0.005658376156709076 3.703565790895041e-6 2.0019695948939667e-6 0.06471375991486639 2.7479814267650227e-5 2.3129978894753656e-5 -3.3991929413892576e-7 9507.350780128034 7.387780844831675e8
800 34021.89785466345 42.62529923236242 0.005661756346364471 3.838051748195727e-6 2.004519024276036e-6 0.06585729443349919 2.808288338351783e-5 2.3590193124700676e-5 -3.418902491274016e-7 9507.350780128078 7.387780844824437e8
850 36150.214195305554 42.51743791629069 0.005662366370446159 3.95488546657624e-6 2.0095402012453397e-6 0.06584596581819824 2.8547046823368394e-5 2.3853108545857094e-5 -3.4037011298142955e-7 9507.350780128067 7.387780844817168e8
900 38274.35819874503 42.45756559213369 0.005727073427048985 4.061747644522647e-6 2.0223212994476577e-6 0.0639264201242895 2.8141204679976717e-5 2.4066030350877732e-5 -3.4146559683234795e-7 9507.350780128085 7.387780844809943e8
950 40396.74099660402 42.44601645495379 0.005781437129453475 4.150594798911894e-6 2.045528425105685e-6 0.06164928428847816 2.6894688473722006e-5 2.4091580072715946e-5 -3.448525852838994e-7 9507.350780128058 7.387780844802648e8
1000 42519.77157302476 42.482393999331016 0.005762452526997511 4.227363718647677e-6 2.07254009188497e-6 0.05922597941139429 2.7882438616011473e-5 2.413095622555428e-5 -3.434355282825457e-7 9507.350780128054 7.387780844795312e8
1050 44601.77136654296 42.46163583494528 0.005769404682076814 4.2985116234927935e-6 2.1003451878358887e-6 0.055627783192903735 3.170929914081411e-5 2.4324335065273317e-5 -3.3942234602953423e-7 9507.35078012808 7.387780844788232e8
1100 46724.225973743174 42.44486573280002 0.005795068165643195 4.363376869493228e-6 2.1459352584352473e-6 0.053960253363129596 3.483980634771955e-5 2.5179758805837782e-5 -3.3808101052686167e-7 9507.350780128047 7.387780844781023e8
1150 48847.06891515075 42.47628193637131 0.005755038570591898 4.423635727023459e-6 2.196785832317657e-6 0.060683515190703474 3.6224629594849844e-5 2.60427701468946e-5 -3.3705045444367546e-7 9507.35078012809 7.387780844773864e8
1200 50972.71508053275 42.555984203645096 0.005704288027199749 4.483126112785156e-6 2.2464879428223026e-6 0.0660355842712761 3.521537196665703e-5 2.629295812972554e-5 -3.327377920941595e-7 9507.350780128083 7.387780844766744e8
1250 53103.565121251704 42.68330520485443 0.005706689876024718 4.539054510160123e-6 2.305816062720348e-6 0.0683070884067547 3.1888837473903475e-5 2.598654487151464e-5 -3.3108613054538125e-7 9507.350780128054 7.387780844759681e8
1300 55238.53994835563 42.64588244128791 0.005709999568633508 4.5896990216581065e-6 2.3706318173434337e-6 0.0705240506008522 2.807601503906909e-5 2.4217844450835635e-5 -3.3256725325872394e-7 9507.350780128054 7.387780844752632e8
1350 57367.70179375876 42.53078860164882 0.00569767002019323 4.636948178360498e-6 2.4282802031172675e-6 0.07197785936818946 2.8619734233070737e-5 2.286541947021936e-5 -3.3397320029575863e-7 9507.350780128074 7.3877808447455e8
1400 59492.326122197475 42.463566126245006 0.005704479882149178 4.680865075469593e-6 2.4775434596289328e-6 0.06995452136197855 2.9125811888741637e-5 2.26888488488175e-5 -3.3462055426825937e-7 9507.350780128058 7.387780844738396e8
1450 61614.82132885225 42.44466797969595 0.005734864472639137 4.722870973987746e-6 2.514481164316681e-6 0.06630674080588506 3.16094441949466e-5 2.1991695239642617e-5 -3.360708605487338e-7 9507.350780128067 7.387780844731275e8
1500 63737.599049380544 42.473798534460514 0.005743304035834517 4.7654793761639924e-6 2.5349437237082017e-6 0.06509814274977543 3.2193645366773715e-5 2.1636157861631977e-5 -3.372885282232931e-7 9507.350780128081 7.387780844724154e8
1550 65861.8340253244 42.46745342416689 0.005692731342413948 4.813726534350988e-6 2.5388855157883675e-6 0.06256151164257062 3.1028850839665e-5 2.4760901485981757e-5 -3.351349161095161e-7 9507.350780128061 7.387780844717003e8
1600 67984.41843006232 42.4443475693368 0.005626359970222145 4.872750223280778e-6 2.52466981085286e-6 0.05664281047575059 2.882842349349879e-5 2.6471671640188044e-5 -3.3088165535236484e-7 9507.350780128061 7.387780844709888e8
1650 70107.07220039141 42.46935725278472 0.005576210797185445 4.941357007052715e-6 2.5008665577291096e-6 0.05746788173632922 3.073942813996977e-5 2.721325834567634e-5 -3.2699160095566553e-7 9507.35078012806 7.387780844702945e8
1700 72232.20910092043 42.54267895831779 0.005548201939900291 5.0155406779148665e-6 2.4739075669500972e-6 0.06375809508745078 3.196740280131394e-5 2.8581186346576803e-5 -3.2327369877768745e-7 9507.350780128085 7.38778084469605e8
1750 74362.23381836947 42.66375474752204 0.005552841252854904 5.092554407678126e-6 2.446794336856305e-6 0.06344814232784302 3.1994755302189315e-5 3.058060089283776e-5 -3.224711319374049e-7 9507.350780128128 7.387780844689156e8
1800 76497.34902946437 42.66464995631994 0.005563730594035679 5.167096636428958e-6 2.4242389776568993e-6 0.06132779168979141 3.089371179060274e-5 3.158537051906052e-5 -3.2299993661817497e-7 9507.350780128081 7.387780844682237e8
1850 78627.29004714638 42.54328491925094 0.005601752919506224 5.235355705147196e-6 2.409427703632641e-6 0.0635596025031191 2.8938498912334243e-5 3.209620460165041e-5 -3.2301222388374907e-7 9507.350780128043 7.387780844675404e8
1900 80752.37656385166 42.469674351166304 0.00567669689734111 5.296771652911826e-6 2.4010853677639807e-6 0.06439608223877258 3.021706784589462e-5 3.2027300132964065e-5 -3.258038298761752e-7 9507.35078012808 7.387780844668475e8
1950 82875.01378147013 42.44437436875403 0.005726925525259134 5.349758339923637e-6 2.396974627428878e-6 0.06003020065190867 3.3734811235197615e-5 3.166371258539469e-5 -3.2949309885717266e-7 9507.350780128074 7.387780844661561e8
2000 84997.61517854274 42.46718702251843 0.005761072089002475 5.392747106398506e-6 2.39874954490846e-6 0.055293898624540816 3.537137819553671e-5 3.1439147001099954e-5 -3.2976000005897627e-7 9507.350780128078 7.387780844654543e8
2050 87079.74420345975 42.47516771803775 0.00581242477280824 5.427227201379005e-6 2.4101016071176906e-6 0.05317822703909769 3.497171357869089e-5 3.203403061957655e-5 -3.279582774577558e-7 9507.350780128038 7.387780844647732e8
2100 89202.52955388627 42.44479239549406 0.00584822643441719 5.458182902418826e-6 2.4315459899137904e-6 0.052151454972772626 3.406297330427188e-5 3.353831115460171e-5 -3.2615051066432724e-7 9507.350780128078 7.387780844640746e8
2150 91325.01804387775 42.462442381299184 0.005829389226734063 5.487449195502808e-6 2.4629988748981725e-6 0.0511922776981919 3.569354004284708e-5 3.447032840198094e-5 -3.2399438806552315e-7 9507.35078012808 7.387780844633862e8
2200 93449.62166469985 42.52842141409635 0.005763926197438097 5.516400957910766e-6 2.505086881502935e-6 0.05730144873359677 3.635312993044426e-5 3.4443480057044784e-5 -3.2118659061708367e-7 9507.350780128045 7.387780844626979e8
2250 95578.74884773228 42.64228814857104 0.0057223169898617384 5.544648570020398e-6 2.556327212334393e-6 0.06396549256010076 3.6048829443191543e-5 3.3544749490077574e-5 -3.18319058813512e-7 9507.350780128056 7.387780844620173e8
2300 97713.71173162322 42.687255265361216 0.005760651385332779 5.5719570504730205e-6 2.6132261147379058e-6 0.069052988474823 3.422244036938027e-5 3.132970397906609e-5 -3.173374513033229e-7 9507.350780128058 7.387780844613386e8
2350 99844.6008199714 42.558709250146165 0.005845620151445442 5.597494505671152e-6 2.6721805038015055e-6 0.06994851284866854 3.403247089950323e-5 2.78098073687727e-5 -3.196224253140325e-7 9507.350780128036 7.387780844606646e8
2400 101970.27183650584 42.47776123402481 0.005906793675719963 5.620781136875163e-6 2.728172991862455e-6 0.06677907926200533 3.402392800477827e-5 2.336926291512942e-5 -3.229805465840136e-7 9507.350780128016 7.38778084459979e8
2450 104093.12533925372 42.44509045308965 0.0059342613149813575 5.643542211065185e-6 2.774002690949101e-6 0.06284529939125605 3.64432851389096e-5 2.265722446509466e-5 -3.2480983048697785e-7 9507.350780128034 7.387780844592881e8
2500 106215.57604135638 42.46061074211663 0.005937705734834869 5.669695710543437e-6 2.8019241428103153e-6 0.0608395278743501 3.787713288766481e-5 2.2930915457256007e-5 -3.25116249116789e-7 9507.350780128094 7.387780844586014e8
2550 108339.71217063049 42.48275969586368 0.005922163560903402 5.7033106141284575e-6 2.809804405325964e-6 0.06009337994419184 3.7127253371571634e-5 2.7044095825962122e-5 -3.2411465382432473e-7 9507.350780128074 7.387780844579105e8
2600 110462.71686628036 42.4460775584308 0.005899818761868529 5.7465759874276165e-6 2.798671237841877e-6 0.0588129656593992 3.66561440617863e-5 2.9673179978984e-5 -3.2190391793576495e-7 9507.350780128081 7.387780844572207e8
2650 112585.10662340815 42.45732800662082 0.005869968840895999 5.799242006920433e-6 2.770600016282459e-6 0.05632068367708598 3.799748092386812e-5 3.0929768551984926e-5 -3.185470281499211e-7 9507.350780128101 7.387780844565483e8
2700 114709.29117189137 42.516909640165935 0.005855858695716913 5.858375172144064e-6 2.732820024463849e-6 0.060639492827476715 3.8400368206570334e-5 3.145449008157275e-5 -3.148740241935821e-7 9507.350780128063 7.38778084455878e8
2750 116837.68165670372 42.62448423673087 0.005870308710310287 5.920090060604159e-6 2.694461174931076e-6 0.06370015740799317 3.7544921980381396e-5 3.3853248111281875e-5 -3.13366339469015e-7 9507.350780128063 7.387780844552059e8
2800 118972.238282503 42.70776205160508 0.005879525303062518 5.97931185484711e-6 2.661259625281952e-6 0.06573715797640034 3.517625650534262e-5 3.533090422308538e-5 -3.149563628538047e-7 9507.3507801281 7.387780844545373e8
2850 121103.9950062089 42.5729978367951 0.005861713905915119 6.031609010300226e-6 2.637236400919406e-6 0.06642820381330239 3.49759421648943e-5 3.592482971614963e-5 -3.1751923495531544e-7 9507.350780128034 7.387780844538623e8
2900 123230.21848944778 42.48568331224138 0.005862279064567933 6.075256325902514e-6 2.623459949524834e-6 0.0653556089630456 3.648514737975006e-5 3.576486200751461e-5 -3.204173684493446e-7 9507.350780128074 7.38778084453184e8
2950 125353.30466515421 42.44660476894857 0.005913220372050992 6.10965808003712e-6 2.6186383440047023e-6 0.06284224575688313 3.873178125340937e-5 3.526322411023797e-5 -3.22939027517584e-7 9507.350780128076 7.387780844524984e8
3000 127475.66866041857 42.45577208791959 0.005999465442107748 6.136855685622738e-6 2.620235051949418e-6 0.05981725824631212 3.986178475473556e-5 3.463478458776148e-5 -3.2380422911107965e-7 9507.350780128078 7.387780844518127e8
3050 129599.61904374542 42.491126677589406 0.0060799551588574564 6.159692346340232e-6 2.6299151668781497e-6 0.057197280657192096 3.877289790299443e-5 3.459962066426625e-5 -3.232592409690569e-7 9507.350780128058 7.38778084451128e8
3100 131680.81491783893 42.44855180987724 0.006103263599565557 6.1790781903543526e-6 2.6511237023060653e-6 0.05572406773376315 3.581748972886212e-5 3.543703214337057e-5 -3.212914513910498e-7 9507.35078012812 7.387780844504565e8
3150 133803.1415113204 42.45246319440855 0.006061476963166722 6.197644580210965e-6 2.6844141760184452e-6 0.05467165215463865 3.7747651037811636e-5 3.659887669416051e-5 -3.177206686607214e-7 9507.350780128085 7.387780844497764e8
3200 135926.89520844832 42.50469452268462 0.005990177261786101 6.216092424401885e-6 2.728874685991771e-6 0.06018850215900784 3.894532195974909e-5 3.7007868452343384e-5 -3.142671173788729e-7 9507.35078012807 7.387780844491113e8
3250 138054.4894082026 42.60501995732926 0.005932524075770521 6.233366552990441e-6 2.7842256095100066e-6 0.0651273912922079 3.902904804781171e-5 3.636963771935786e-5 -3.1231556321466153e-7 9507.350780128088 7.387780844484372e8
3300 140188.26629168264 42.73237387686745 0.005922843332845765 6.248881867791724e-6 2.845619817121162e-6 0.06841660586769649 3.732347670137859e-5 3.412520906509453e-5 -3.127870095789529e-7 9507.350780128094 7.387780844477705e8
3350 142321.07352840228 42.590505338365716 0.005961615198262602 6.2612129502628395e-6 2.9072554428716245e-6 0.06942601654759528 3.602407227620841e-5 3.0189720273132714e-5 -3.153382069215305e-7 9507.350780128078 7.387780844471033e8
3400 144447.98681306076 42.4958920408454 0.0060289859732375 6.26962826638164e-6 2.9637907966851607e-6 0.06829053020874198 3.61948240987231e-5 2.5907004776060116e-5 -3.188387699154256e-7 9507.350780128078 7.387780844464301e8
3450 146571.39556128733 42.449444620814916 0.006092489448622222 6.27789544887754e-6 3.0087388383908004e-6 0.06610017898583465 3.9327256363130836e-5 2.3413039581060557e-5 -3.2227912973499136e-7 9507.350780128081 7.387780844457484e8
3500 148693.7143946641 42.45128887418611 0.006125221890505289 6.2906387454991165e-6 3.0352847563407535e-6 0.06361631546292301 4.101378401299982e-5 2.3526398855708286e-5 -3.243874220547468e-7 9507.350780128072 7.387780844450637e8
3550 150817.34563624297 42.500831006151635 0.006121887691509869 6.311480270610942e-6 3.0411237619596596e-6 0.06087892620416824 4.0304064616858426e-5 2.866371543472357e-5 -3.2384630024100295e-7 9507.350780128036 7.38778084444375e8
3600 152940.95908374342 42.45162050312191 0.006103438120641498 6.343439131229656e-6 3.027340167459476e-6 0.05780297210662866 3.729069340102642e-5 3.209031015008468e-5 -3.209947744766429e-7 9507.350780128063 7.387780844436855e8
3650 155063.27681516638 42.44915481671379 0.0060781199018856424 6.387435338496555e-6 2.9963707760785073e-6 0.054814054194594064 3.8191222469619035e-5 3.363010301721259e-5 -3.1728761233683183e-7 9507.350780128052 7.38778084443005e8
3700 157186.70166267487 42.494980632156235 0.0060376565555699205 6.441569641509264e-6 2.953400910110755e-6 0.057378511981823976 3.95979674748248e-5 3.357523460942313e-5 -3.139044069405459e-7 9507.350780128116 7.387780844423378e8
3750 159313.64821140742 42.588976073992676 0.006010809681127188 6.500622054892607e-6 2.905438302572314e-6 0.06207386284563654 3.968909335899662e-5 3.2483191465426664e-5 -3.115598362995804e-7 9507.350780128072 7.387780844416733e8
3800 161446.50524312045 42.73023383184915 0.006012803515343162 6.5585309582800145e-6 2.8621033922384386e-6 0.06578485294380698 3.798362935514277e-5 3.3133999202350495e-5 -3.115701654693176e-7 9507.350780128034 7.387780844410145e8
3850 163580.23735302105 42.606630085844515 0.006030251274940973 6.610757373374779e-6 2.8295398403769456e-6 0.06724914537221593 3.497597900986582e-5 3.348131405478405e-5 -3.137034430718694e-7 9507.350780128065 7.387780844403483e8
3900 165707.7959402617 42.50568527694105 0.0060705414380195525 6.654766067790307e-6 2.806996072837639e-6 0.06582478243240075 3.553359986901983e-5 3.3485549863765396e-5 -3.173425468509397e-7 9507.35078012806 7.387780844396753e8
3950 167831.5311623606 42.45283490459133 0.006125573936060235 6.689344903692487e-6 2.793724195441054e-6 0.06286158337934467 3.905938380116547e-5 3.329152552311587e-5 -3.2125586670373667e-7 9507.350780128067 7.387780844389949e8
4000 169953.85657937315 42.44830126125398 0.006176165677334318 6.714652882093046e-6 2.789940765632495e-6 0.06044799730989325 4.100051891170464e-5 3.301628494606357e-5 -3.233232993065684e-7 9507.35078012804 7.387780844383143e8
4050 172077.17809088656 42.491581490735655 0.006211938976844281 6.73294991212185e-6 2.7961883598270072e-6 0.05903565038192937 4.06056467894822e-5 3.284355667265704e-5 -3.2331345368990694e-7 9507.350780128083 7.387780844376262e8
4100 174159.03223737475 42.456214418162226 0.006223466006645107 6.746606443414474e-6 2.811885697316143e-6 0.05755488573299772 3.813284261167116e-5 3.259722617493521e-5 -3.214113360126557e-7 9507.350780128074 7.387780844369519e8
4150 176281.39347502028 42.44643087714854 0.0062019961009464 6.759119532208887e-6 2.836610949021589e-6 0.056087769599116655 3.4418035938232894e-5 3.3596368179955594e-5 -3.1718609653932485e-7 9507.350780128047 7.387780844362733e8
4200 178404.49432393585 42.484893542482006 0.006157833976770797 6.7717617128979355e-6 2.8723219173669315e-6 0.05828175032957006 3.58029191552256e-5 3.4224665505511176e-5 -3.129552318023071e-7 9507.350780128088 7.387780844356062e8
4250 180530.7499486492 42.571593068185 0.006119437350578772 6.783500906014786e-6 2.918916223121551e-6 0.06420060685763929 3.657270559709325e-5 3.4245737867977244e-5 -3.105185694531033e-7 9507.350780128054 7.387780844349458e8
4300 182662.55554958974 42.70574432268876 0.006111841240106482 6.793310664139582e-6 2.973196469600357e-6 0.06837868116440404 3.611357757610234e-5 3.314427107237172e-5 -3.1033410477841985e-7 9507.35078012808 7.387780844342805e8
4350 184797.0828706231 42.62615307155399 0.0061357623590287715 6.800014987107765e-6 3.031570596388333e-6 0.06999354916638367 3.404874102008737e-5 3.062338768489159e-5 -3.123168449417342e-7 9507.350780128088 7.387780844336184e8
4400 186925.43326479237 42.51795261662073 0.006182877679217368 6.803660501403947e-6 3.087047051900658e-6 0.06957145851970381 3.491469727762153e-5 2.7597450749261565e-5 -3.154200754071224e-7 9507.350780128067 7.387780844329512e8
4450 189049.59440913185 42.457744508673485 0.006243395315971398 6.806819287479211e-6 3.1323239458731415e-6 0.0683486250882197 3.891204465078513e-5 2.305273447991696e-5 -3.186164167375594e-7 9507.350780128063 7.387780844322766e8
4500 191171.9777602546 42.44586761285837 0.006298731446269779 6.81276477950062e-6 3.1625903801245205e-6 0.06665635494391609 4.1491948080230046e-5 2.2452900084984906e-5 -3.2094095487364284e-7 9507.350780128065 7.387780844315962e8
4550 193294.9927358033 42.481926955568476 0.0063307257058024076 6.825803926358849e-6 3.1735618510554813e-6 0.06413119899571029 4.243299454159688e-5 2.7432960975570797e-5 -3.215226336104086e-7 9507.350780128061 7.387780844309177e8
4600 195419.11991113453 42.461113519159696 0.006335958173192108 6.849373008058575e-6 3.1619627097742124e-6 0.060982940815392794 4.111862046701775e-5 3.060610910093908e-5 -3.203094654889923e-7 9507.350780128045 7.387780844302355e8
4650 197541.5644838299 42.444975661066586 0.006313013648709909 6.883889326549288e-6 3.1291509755852114e-6 0.058954081757974564 3.898196676177523e-5 3.1845562652871306e-5 -3.1696263501501417e-7 9507.350780128072 7.387780844295553e8
4700 199664.42918817868 42.477029958588346 0.006280489689738872 6.927616764197333e-6 3.0828474457253228e-6 0.061205361062548036 3.572422845377066e-5 3.343117515261507e-5 -3.1256673378297386e-7 9507.350780128098 7.387780844288875e8
4750 201790.12893636955 42.557364861380144 0.006257156547160137 6.976772953294942e-6 3.031855080903849e-6 0.0662517567507166 3.660756516771224e-5 3.565554519974201e-5 -3.093499732997028e-7 9507.350780128096 7.387780844282279e8
4800 203921.0638236055 42.68530297324861 0.006241286612099135 7.026659785181507e-6 2.98398759390229e-6 0.06847609405645017 3.650628613793838e-5 3.658915085735792e-5 -3.08745660781953e-7 9507.350780128056 7.38778084427572e8
4850 206056.0107077744 42.644028271357726 0.006235755382957824 7.072442432022253e-6 2.9446452873171556e-6 0.06819776720772097 3.551467602630476e-5 3.668306070070404e-5 -3.1068560524517043e-7 9507.350780128072 7.387780844269098e8
4900 208185.09508289362 42.529536007048634 0.006265571579957308 7.109769200339831e-6 2.9159564380490664e-6 0.06653337988086605 3.648580818643721e-5 3.57569208283004e-5 -3.142575348445903e-7 9507.350780128063 7.387780844262477e8
4950 210309.67253760228 42.46293335549053 0.006339585445865601 7.137678883391987e-6 2.897071753631047e-6 0.06466349317952336 3.875438031930578e-5 3.451644904189921e-5 -3.1808652153582774e-7 9507.350780128114 7.387780844255708e8
5000 212432.15208338268 42.444662412160355 0.006428900925594137 7.1574107476142255e-6 2.8869619237282032e-6 0.06324557464267855 4.189214151345544e-5 3.346424120631575e-5 -3.2061002564779523e-7 9507.350780128058 7.387780844248973e8
5050 214554.94554814047 42.47442068025311 0.006487770737927205 7.17130613635218e-6 2.8863422432756273e-6 0.0620703477961797 4.316225420486486e-5 3.282216507372038e-5 -3.2094555841610796e-7 9507.350780128065 7.387780844242108e8
5100 216637.12505913974 42.46775154012528 0.006482932956768998 7.181912122931012e-6 2.896690486281115e-6 0.060350609744091344 4.297864344765534e-5 3.2829008373147506e-5 -3.191045075579263e-7 9507.350780128047 7.387780844235469e8
5150 218759.7162019498 42.4443247102744 0.006419777839350006 7.191339696167892e-6 2.918189829898434e-6 0.05853686700106664 4.115077693256364e-5 3.334749887928812e-5 -3.151411782201191e-7 9507.350780128092 7.387780844228715e8
5200 220882.36063681945 42.469013697799404 0.006346198015106348 7.200123610890193e-6 2.9510932571126024e-6 0.05818530272222233 3.7145803992111315e-5 3.4072488021452685e-5 -3.1084765767089227e-7 9507.350780128076 7.38778084422209e8
5250 223007.4722552774 42.542018098972456 0.006308730508320552 7.208208558726637e-6 2.9946229849791947e-6 0.0627155876386496 3.668102599507783e-5 3.461032177853873e-5 -3.079819398586019e-7 9507.350780128065 7.387780844215539e8
5300 225137.45593878772 42.66278185304896 0.006328075911506445 7.214729828677138e-6 3.0458377131112697e-6 0.06608536897761041 3.6985637533848426e-5 3.423190252838104e-5 -3.072171398273078e-7 9507.35078012805 7.387780844208957e8
5350 227272.5707966804 42.66560934963941 0.00638264943681203 7.218076581263984e-6 3.102005344447781e-6 0.06793752628891525 3.652311852930801e-5 3.3362534256398124e-5 -3.0898119150689176e-7 9507.350780128047 7.387780844202393e8
5400 229402.5513038053 42.54391082323127 0.006436376397521994 7.2181805167291275e-6 3.1575295352738076e-6 0.06793338486158973 3.803692075782239e-5 3.1669945305679015e-5 -3.1244775611489063e-7 9507.350780128083 7.38778084419578e8
5450 231527.66055183808 42.46996457802047 0.006471038146086557 7.217743249988202e-6 3.2045688170695093e-6 0.06647168794006575 4.225401928065198e-5 2.824819305430326e-5 -3.1639878719815674e-7 9507.350780128088 7.38778084418907e8
5500 233650.3037845197 42.444332367988515 0.006477501353227036 7.219776208819539e-6 3.23815272708329e-6 0.06432482101490677 4.556258432031335e-5 2.3904514532976928e-5 -3.196219929537008e-7 9507.350780128034 7.387780844182322e8
5550 235772.89478811793 42.46682181129755 0.00647149322610045 7.228016973833711e-6 3.253595122352861e-6 0.06178717790362498 4.653219332478864e-5 2.8958501825340766e-5 -3.204143871847193e-7 9507.350780128054 7.387780844175519e8
5600 237897.13010060778 42.4744242286458 0.0064851797202882 7.246551985061607e-6 3.2461749720071047e-6 0.05871026970612547 4.5607583741114066e-5 3.188318297298043e-5 -3.185670348125433e-7 9507.350780128045 7.387780844168755e8
5650 240019.89412488096 42.44467300543408 0.00651113874639658 7.276534305723027e-6 3.2167620124103867e-6 0.056324372450490046 4.3667332739749654e-5 3.2916449487607746e-5 -3.147940983639935e-7 9507.350780128078 7.387780844161997e8
5700 242142.39281698246 42.4629582214584 0.006513536192494751 7.3172743414488514e-6 3.17301886487447e-6 0.05495539995990839 3.9448549943754685e-5 3.6699145084195806e-5 -3.1020427635545553e-7 9507.35078012807 7.387780844155426e8
5750 244267.0384884448 42.52957438535292 0.006478072218109103 7.366065530463065e-6 3.123963956655548e-6 0.06032961092341793 3.839797327781502e-5 3.857257459327634e-5 -3.0683720229174936e-7 9507.350780128056 7.387780844148829e8
5800 246396.23940675287 42.644069539735824 0.0064328763031768306 7.416713654697652e-6 3.0779986040063058e-6 0.06371651595736694 3.8712956168640567e-5 3.8791447703523385e-5 -3.056666764403287e-7 9507.350780128078 7.387780844142318e8
5850 248531.2279053764 42.68525081393834 0.006414075827039535 7.463611775705474e-6 3.0404534788996764e-6 0.06503661436090624 3.8759130108423356e-5 3.8113848192633526e-5 -3.069824473111924e-7 9507.350780128076 7.387780844135776e8
5900 250662.03209003917 42.55730926845415 0.006435584606595803 7.502776208222849e-6 3.0130405998924413e-6 0.06479081707925616 3.8304631312324755e-5 3.713537168620329e-5 -3.1056636587120097e-7 9507.350780128038 7.387780844129187e8
5950 252787.64894688895 42.47698482652726 0.006486397213842816 7.532707147960355e-6 2.994824931260414e-6 0.06370121476220447 4.320456058354294e-5 3.669723378624257e-5 -3.1490333517243354e-7 9507.350780128056 7.387780844122543e8
6000 254910.4797437477 42.44494641868964 0.006547941748590232 7.554180529416588e-6 2.9848486822135044e-6 0.062388293804815476 4.678445622974259e-5 3.606362347957637e-5 -3.1813017413891446e-7 9507.350780128078 7.387780844115865e8
6050 257032.93934443116 42.4610971449267 0.006599995023603323 7.569086719087945e-6 2.9838838741780367e-6 0.06104616439142774 4.8079360809694105e-5 3.5521279903583114e-5 -3.1916573466658645e-7 9507.350780128076 7.387780844109087e8
6100 259157.0868805461 42.48192821350444 0.006629436979532849 7.580305379848741e-6 2.993175834824336e-6 0.05937205795680711 4.691061571926447e-5 3.5596077905875045e-5 -3.177251401517951e-7 9507.350780128036 7.387780844102323e8
6150 261238.0520678705 42.44612386820191 0.006627026211296583 7.590139224527801e-6 3.0124997823179535e-6 0.057945460315067976 4.471145416679034e-5 3.616981447879253e-5 -3.142792363715825e-7 9507.350780128092 7.387780844095736e8
6200 263360.4360951361 42.457058832489786 0.0065925961040944865 7.6001022859176255e-6 3.043400850680744e-6 0.05658984413594226 4.061259023363517e-5 3.680723561766408e-5 -3.097759889981878e-7 9507.35078012808 7.387780844089094e8
6250 265484.59916213434 42.51632625128693 0.0065429329458167795 7.610345824972523e-6 3.0848789259042377e-6 0.062247395415852225 3.9221010297851855e-5 3.723902789354305e-5 -3.0637708583384537e-7 9507.350780128021 7.387780844082592e8
6300 267612.9525541894 42.62359134445795 0.006503632874517486 7.620007779210382e-6 3.1340649920499235e-6 0.06732649112746003 3.960098622973751e-5 3.69302786447645e-5 -3.0501006775223496e-7 9507.350780128054 7.387780844076064e8
6350 269747.4816509099 42.70882263146018 0.00649980073775573 7.626786003324616e-6 3.1888568744487654e-6 0.0697209026282053 3.985351372737256e-5 3.673644863361192e-5 -3.061604919927211e-7 9507.350780128056 7.38778084406954e8
6400 271879.28337867995 42.5737421420059 0.006538303875597225 7.62963281947802e-6 3.2438647716890124e-6 0.06961928816053842 3.866989187906178e-5 3.518233792415559e-5 -3.0955994169544245e-7 9507.35078012804 7.387780844062991e8
6450 274005.5358684895 42.48610519039745 0.006604195863558463 7.630335662470146e-6 3.2911104369368158e-6 0.06819023629691401 4.415807587493381e-5 3.197778509991811e-5 -3.13972495041375e-7 9507.350780128088 7.38778084405633e8
6500 276128.63488387497 42.44670309072342 0.006666655320272463 7.631462937873918e-6 3.3265478690935947e-6 0.06650527360807246 4.8654904119649345e-5 2.6976730776506752e-5 -3.1773795282017403e-7 9507.350780128101 7.38778084404962e8
6550 278250.9956046973 42.455550211304825 0.006705382298206371 7.636546834087961e-6 3.346064339143414e-6 0.06474090041638192 5.072788462145983e-5 3.187758382072747e-5 -3.1929799360016904e-7 9507.350780128061 7.387780844042891e8
6600 280374.9345441342 42.49156605705883 0.006721511793091132 7.650533766766346e-6 3.3440454544627553e-6 0.06249308858082259 5.0108473869103776e-5 3.522964024671449e-5 -3.184311388410299e-7 9507.35078012805 7.387780844036102e8
6650 282498.21197590756 42.448286946998536 0.0067087653200668534 7.675853458575823e-6 3.3208347512537927e-6 0.06001675527113548 4.785806416629512e-5 3.606222796967429e-5 -3.1544122094407545e-7 9507.350780128065 7.387780844029343e8
6700 284620.54150785 42.45283384395913 0.006677734403371867 7.71143852184098e-6 3.2824006878335085e-6 0.05744744676053415 4.396541234702456e-5 3.7007281185164054e-5 -3.107174547424015e-7 9507.350780128074 7.387780844022716e8
6750 286744.3299843984 42.50570182734201 0.0066571437887586625 7.754855500880442e-6 3.2352548902520302e-6 0.06119315221735633 3.963240796456269e-5 3.926692126515752e-5 -3.068567613932737e-7 9507.350780128063 7.387780844016187e8
6800 288871.9906497451 42.60665663332805 0.006648265803360542 7.801174475000223e-6 3.1871629632743194e-6 0.06514429926846788 4.0256084759493493e-5 3.980804981723596e-5 -3.054395145824032e-7 9507.350780128063 7.387780844009631e8
6850 291005.8474476954 42.73020554923046 0.006644885152837031 7.844765789710464e-6 3.1459630024625726e-6 0.0684501250395897 4.0870545600868446e-5 3.892902993513081e-5 -3.063929043722523e-7 9507.350780128081 7.387780844003135e8
6900 293138.56169121026 42.58894577217864 0.00665697485945733 7.881418656039635e-6 3.1149416515054885e-6 0.07103550825013372 4.008520192883003e-5 3.737257923924764e-5 -3.094919955399039e-7 9507.350780128088 7.387780843996593e8
6950 295265.41296167736 42.4949609965452 0.006695284091536958 7.908762372110146e-6 3.0940795727848766e-6 0.07214945735972833 4.4242463182408986e-5 3.622415116433242e-5 -3.1373130961897354e-7 9507.350780128034 7.387780843989965e8
7000 297388.7914050467 42.449151156485165 0.006752006493328491 7.926974790197339e-6 3.08340799596977e-6 0.07121613756476108 4.810060472870692e-5 3.592524501533356e-5 -3.1720930534480884e-7 9507.35078012806 7.387780843983278e8
7050 299511.11178396334 42.45163025056013 0.006807368301532985 7.938389736406231e-6 3.0813349839745203e-6 0.06838298119259889 5.047342725406079e-5 3.569459766972205e-5 -3.185685427936398e-7 9507.35078012806 7.387780843976498e8
7100 301634.7751066224 42.500836990436724 0.006842868610051286 7.946522010850212e-6 3.0863502141554414e-6 0.06439460781348316 5.020843578379397e-5 3.5741250177356854e-5 -3.1756833614668515e-7 9507.35078012805 7.387780843969741e8
7150 303716.34538540506 42.45181453438211 0.0068433000198928375 7.953596581846142e-6 3.100224369529257e-6 0.06057388005501707 4.8217952733631275e-5 3.606341072265318e-5 -3.147489778991121e-7 9507.350780128078 7.387780843963141e8
7200 305838.66462977894 42.44902733512756 0.006808415259363794 7.960486184456958e-6 3.125809980716881e-6 0.0581928882070315 4.483130318833073e-5 3.664798700003802e-5 -3.105867848785365e-7 9507.350780128038 7.387780843956513e8
7250 307962.07487940736 42.494530724323624 0.00675779603356598 7.967645248108088e-6 3.1622941566455096e-6 0.0615261994530556 3.9899338688198505e-5 3.736106786411675e-5 -3.0682338235819216e-7 9507.35078012808 7.387780843949955e8
7300 310088.9907510038 42.58820604171217 0.006718611862928176 7.974647727422957e-6 3.2063742533643046e-6 0.0672607802098355 4.094964292938874e-5 3.7576740469502656e-5 -3.0466483799782535e-7 9507.35078012809 7.387780843943458e8
7350 312221.801261613 42.72915099738093 0.006718305898313607 7.97968968655941e-6 3.2552228786690827e-6 0.07061154832877037 4.080541982987018e-5 3.78191122918925e-5 -3.046959111053943e-7 9507.350780128054 7.38778084393698e8
7400 314355.5750804548 42.60744299383699 0.006759476602225713 7.981941014078664e-6 3.305004054765379e-6 0.07138002091505768 4.0300627680622814e-5 3.684999101344344e-5 -3.0699017286081763e-7 9507.35078012806 7.387780843930424e8
7450 316483.1661972424 42.50617914142804 0.006822548827300828 7.981756288518424e-6 3.350516480837781e-6 0.07017044576900844 4.610574606855877e-5 3.427981789838608e-5 -3.1110401425052474e-7 9507.350780128054 7.387780843923888e8
7500 318606.9179098479 42.4530070352551 0.006874276129314765 7.980509520782587e-6 3.3882100687821482e-6 0.06793611829925794 5.039047753135906e-5 2.9950580086701706e-5 -3.1553067112768425e-7 9507.350780128052 7.387780843917236e8
7550 320729.24377326434 42.44815432377715 0.006894562573556047 7.981600257071594e-6 3.4125355946527046e-6 0.06545769659237521 5.31561999537189e-5 3.030672750846397e-5 -3.1809871100342456e-7 9507.350780128045 7.387780843910501e8
7600 322852.54996579984 42.49112352906824 0.006898327458547324 7.989914194253231e-6 3.4166727930449357e-6 0.06298653588009984 5.306523656989359e-5 3.480756168497412e-5 -3.177351847185348e-7 9507.350780128056 7.38778084390374e8
7650 324976.46561134723 42.455788425902114 0.0068976831679270975 8.00913690430652e-6 3.399255117339921e-6 0.06040104400221935 5.112767397846829e-5 3.6761782357591644e-5 -3.147770586611949e-7 9507.35078012806 7.38778084389703e8
7700 327098.82150826545 42.446632373165414 0.006885191670780042 8.039841225510722e-6 3.3642672556675234e-6 0.058249989355317666 4.765517027749411e-5 3.6265974569793524e-5 -3.09960399826933e-7 9507.350780128032 7.387780843890373e8
7750 329221.948548943 42.485726891215606 0.006859493249575225 8.080182530587278e-6 3.3189879354282436e-6 0.059126896275074614 4.194778725635784e-5 3.854307947431801e-5 -3.0557227819961026e-7 9507.35078012806 7.387780843883824e8
7800 331348.2618527404 42.57305273143709 0.006823300629222693 8.125487216645607e-6 3.2715396944975655e-6 0.06336829145789125 4.195098616521786e-5 3.9578088799785416e-5 -3.0333966364918533e-7 9507.35078012808 7.387780843877411e8
7850 333480.15611650335 42.70781555120721 0.006793356271472199 8.169388573906086e-6 3.2295381208041764e-6 0.06606596204164816 4.2356932880738274e-5 3.9094250463278524e-5 -3.0357204847481515e-7 9507.350780128032 7.387780843870932e8
7900 335614.62765274866 42.62441952534681 0.006796600201163822 8.207112754796391e-6 3.1964601053968284e-6 0.06739439623765975 4.199387607234373e-5 3.831630095135763e-5 -3.0615932715839164e-7 9507.350780128061 7.387780843864422e8
7950 337742.907178178 42.51684151432721 0.006843698311266418 8.236312720867875e-6 3.1722848655100656e-6 0.06759779427375179 4.544142101953197e-5 3.7705986051128626e-5 -3.102399151356715e-7 9507.350780128034 7.387780843857871e8
8000 339867.02889133134 42.457266747449076 0.006915286923609474 8.257029547794356e-6 3.157310987963649e-6 0.06690465635983855 4.999951381351453e-5 3.71750457660025e-5 -3.1392222771959035e-7 9507.350780128072 7.387780843851212e8
8050 341989.4045549267 42.44602461753939 0.006980628012038338 8.270909513963313e-6 3.1518131991581522e-6 0.06545490574012547 5.304579864734427e-5 3.654598912156137e-5 -3.15821384949991e-7 9507.350780128063 7.387780843844504e8
8100 344112.4434200664 42.48271096648433 0.007018085700611742 8.281062067617036e-6 3.1548743460382473e-6 0.06343510834335575 5.333104376387121e-5 3.620527813280594e-5 -3.1551120623262117e-7 9507.350780128065 7.387780843837835e8
8150 346194.5406143828 42.461387699773695 0.007012654328380822 8.290119566027039e-6 3.1668511564350518e-6 0.061215397359092094 5.1528221205243696e-5 3.635474608648659e-5 -3.13217190725781e-7 9507.350780128063 7.38778084383132e8
8200 348316.9907332062 42.44492922401047 0.006958282719258838 8.299704136131497e-6 3.1888007698812853e-6 0.06000800985930255 4.839345863133504e-5 3.6886713279893346e-5 -3.0909158968641365e-7 9507.350780128023 7.387780843824676e8
8250 350439.8448994472 42.47666122986304 0.0068918916416807405 8.310223573218595e-6 3.2194820993264527e-6 0.061650130757016086 4.2928871904990284e-5 3.7566691877544134e-5 -3.0463422447412655e-7 9507.350780128076 7.387780843818164e8
8300 352565.5180065128 42.55667488393765 0.006859938905037964 8.320906483252473e-6 3.2568704166854406e-6 0.06735814204239432 4.024160557680734e-5 3.798929991000177e-5 -3.017653169820711e-7 9507.350780128008 7.387780843811711e8
8350 354696.41032258054 42.684298005774345 0.006876627426924232 8.329341652936053e-6 3.3008629835273975e-6 0.07083338320921939 4.101978005061069e-5 3.8260306382820186e-5 -3.0158787246536265e-7 9507.350780128072 7.387780843805288e8
8400 356831.3715620871 42.644952185298955 0.0069199735538509775 8.33415752432991e-6 3.3497999698470942e-6 0.07252686331480618 4.117625910793343e-5 3.788810733951209e-5 -3.039894119472059e-7 9507.350780128052 7.387780843798835e8
8450 358960.49410119146 42.53014373454393 0.00696365543122031 8.33559212323533e-6 3.398405729862547e-6 0.07304086383260255 4.582966295285651e-5 3.587840813357168e-5 -3.0804330015201034e-7 9507.350780128074 7.387780843792309e8
8500 361085.0937578308 42.46321965031299 0.006998177172036402 8.334897971183627e-6 3.441878741575191e-6 0.07250782879123108 5.092708775383814e-5 3.2036793053830115e-5 -3.120542623197201e-7 9507.350780128081 7.387780843785708e8
8550 363207.57941202424 42.444627428970485 0.007025428880069955 8.335135644228189e-6 3.4746754110905896e-6 0.07067583274397293 5.464712786479309e-5 3.0127222570314194e-5 -3.144265961674676e-7 9507.350780128043 7.387780843779051e8
8600 365330.36304869823 42.47407012502317 0.007047568606264469 8.340809621944314e-6 3.4912443820009567e-6 0.06745467626615209 5.5476090461470395e-5 3.501109872985908e-5 -3.1454919156429684e-7 9507.350780128072 7.387780843772423e8
8650 367454.5940170907 42.46715348423945 0.007061169633718521 8.355509768834972e-6 3.4896610910059456e-6 0.06331572145859354 5.3481046815406774e-5 3.742156928179807e-5 -3.12553924997108e-7 9507.350780128047 7.38778084376575e8
8700 369577.1712613559 42.444356399168136 0.007060312775881688 8.380590528550128e-6 3.4705832260194244e-6 0.060349758679876686 5.055845165558015e-5 3.728053405593901e-5 -3.0863623635030286e-7 9507.350780128076 7.387780843759174e8
8750 371699.8335260051 42.469682765781194 0.007049393265688779 8.415362603892282e-6 3.438607275630911e-6 0.06041176826079209 4.507221915733828e-5 3.826332304901481e-5 -3.043321029975338e-7 9507.350780128065 7.387780843752644e8
8800 373824.994794547 42.543320893212474 0.007033697482283933 8.456380091128929e-6 3.4011837578357013e-6 0.06704929323427677 3.943485759305698e-5 3.9647009739185446e-5 -3.0149784132340326e-7 9507.350780128063 7.3877808437462e8
8850 375955.0595087072 42.664704753741916 0.007022404066754107 8.49805188536024e-6 3.3661670477487763e-6 0.07205529831639979 4.030630866813656e-5 3.9812062819111205e-5 -3.0101190066289913e-7 9507.35078012806 7.387780843739797e8
8900 378090.1741043609 42.663709324281534 0.007022651852020289 8.535621624459517e-6 3.3378328821560054e-6 0.07453427135737911 4.05311608913661e-5 3.928802389674413e-5 -3.0311827797615574e-7 9507.350780128041 7.387780843733354e8
8950 380220.075328879 42.542630243592974 0.007040714343588405 8.565981643955936e-6 3.3170068453757073e-6 0.07441081963133911 4.504568540053544e-5 3.85612234939936e-5 -3.071672243151953e-7 9507.350780128027 7.387780843726872e8
9000 382345.136646562 42.46931665454889 0.00707998441727517 8.58836087454001e-6 3.3040746424902224e-6 0.07242102292366326 5.052629376167683e-5 3.7700745571356276e-5 -3.1155726497224225e-7 9507.350780128058 7.387780843720318e8
9050 384467.76371342334 42.44432078951877 0.007133971797524411 8.603425205325145e-6 3.2992881412290152e-6 0.06972626471929289 5.452130342126216e-5 3.6744361990859176e-5 -3.1464499735288826e-7 9507.350780128027 7.387780843713598e8
9100 386590.3702596289 42.46744060442181 0.007183468225975408 8.61324602239974e-6 3.3020176003241076e-6 0.06729931037057213 5.5872855311778213e-5 3.619759637057962e-5 -3.152529978435796e-7 9507.350780128043 7.387780843706946e8
9150 388714.6104063671 42.473757597441924 0.0072066581905357785 8.62085496361861e-6 3.3127551444407525e-6 0.06531015086488878 5.42117644031781e-5 3.6211707197086884e-5 -3.132371123215463e-7 9507.350780128061 7.387780843700277e8
9200 390795.3574103774 42.444749515771655 0.0071900153548158 8.628411922536726e-6 3.3315714273059477e-6 0.064238371484862 5.1714416861248225e-5 3.663185091568044e-5 -3.0934200958958467e-7 9507.350780128045 7.387780843693768e8
9250 392917.85188105295 42.46271872062155 0.0071471236736229465 8.637549606953927e-6 3.359069405433267e-6 0.06309509467769203 4.669775108961938e-5 3.7329859358448125e-5 -3.047410812503616e-7 9507.350780128092 7.387780843687277e8
9300 395042.47747920116 42.52901733498491 0.007107598440216372 8.648030780674209e-6 3.3940866883066533e-6 0.06787331758619075 4.220929590648126e-5 3.7912194178424397e-5 -3.0146936507911953e-7 9507.350780128043 7.38778084368082e8
9350 397171.64250045613 42.64319801041107 0.00709232245060635 8.657746861812667e-6 3.4358103590116393e-6 0.070286715544853 4.267018007408918e-5 3.8466178246987504e-5 -3.0059259036123424e-7 9507.350780128076 7.387780843674425e8
9400 399306.61909837427 42.68626866494673 0.007105484931867214 8.664739696881961e-6 3.481296444092468e-6 0.07140025312423859 4.252186608816322e-5 3.83787291290405e-5 -3.0227283596678327e-7 9507.350780128065 7.387780843668009e8
9450 401437.46630766976 42.558017036340125 0.007138382668206155 8.668465440053031e-6 3.524807185368409e-6 0.07188936145712432 4.52530381080396e-5 3.693344856264824e-5 -3.0592053714700555e-7 9507.350780128061 7.38778084366149e8
9500 403563.1104811802 42.477375160879376 0.007166449422276473 8.669978500533688e-6 3.5624586814666187e-6 0.07152561818338654 5.1349507125153515e-5 3.381420693149284e-5 -3.100353714951748e-7 9507.35078012805 7.387780843654976e8
9550 405685.9526235005 42.44501625752307 0.007178391445343574 8.671770787083264e-6 3.5908255837278712e-6 0.06984425396535698 5.5101780688293633e-5 2.9849547082821948e-5 -3.1289458057677955e-7 9507.350780128041 7.387780843648354e8
9600 407808.40758491843 42.460848911182765 0.0071937465993596236 8.677130182202908e-6 3.605500808895193e-6 0.06686720140282887 5.6965010021836626e-5 3.547150743622718e-5 -3.135350486634636e-7 9507.350780128081 7.387780843641671e8
9650 409932.54964812123 42.48236297410696 0.007231573294277328 8.689253846616349e-6 3.6044513366022866e-6 0.06314734793045318 5.5725674386719604e-5 3.866530238330612e-5 -3.117299680253776e-7 9507.35078012806 7.387780843635043e8
9700 412055.542497252 42.445995892755796 0.007276581688884577 8.710366578423078e-6 3.58806225889658e-6 0.06018422120246214 5.288729744057363e-5 3.933889138393876e-5 -3.0797328791177875e-7 9507.350780128076 7.387780843628485e8
9750 414177.9363893697 42.45756935949854 0.007294787488236431 8.741065681212927e-6 3.5594107612827554e-6 0.05799957787053245 4.8211260598063355e-5 3.9659680959647226e-5 -3.0356885392683243e-7 9507.350780128045 7.387780843621957e8
9800 416302.14126412635 42.51747426892314 0.007265615700587483 8.779224807192263e-6 3.5243155520942874e-6 0.06359684553444822 4.382798128760301e-5 4.20153641624843e-5 -3.0045833776293124e-7 9507.35078012807 7.387780843615549e8
9850 418430.56810560176 42.6253661999504 0.00720184095854224 8.820129778421605e-6 3.4894274268827224e-6 0.0685099296260887 4.451364076246689e-5 4.2598898323087386e-5 -2.993023232760396e-7 9507.350780128056 7.387780843609166e8
9900 420565.15268563683 42.70676652686966 0.007148538458913795 8.858675810839518e-6 3.459678947288642e-6 0.07132656654903258 4.4980234535418884e-5 4.226002318546973e-5 -3.005143440545371e-7 9507.350780128074 7.387780843602828e8
9950 422696.86722142017 42.572301829672256 0.007152725541764152 8.890679001937314e-6 3.437271254998637e-6 0.07212627540934591 4.496204609844012e-5 4.1280521373698864e-5 -3.038529975319286e-7 9507.350780128047 7.387780843596386e8
10000 424823.06374926376 42.48529589412751 0.0072222983193610734 8.91453707878186e-6 3.422780777584561e-6 0.07139363537930876 5.1376546207904106e-5 4.0818714773627196e-5 -3.079218293438548e-7 9507.35078012805 7.387780843589833e8
10050 426946.13849051885 42.44652858645466 0.007323534670825289 8.93105882593174e-6 3.4161149102074997e-6 0.06977118492318368 5.514231503961353e-5 4.013168136812739e-5 -3.1109904335876287e-7 9507.350780128061 7.387780843583263e8
10100 429068.50658633205 42.45600558805364 0.007402260601015033 8.942770516511047e-6 3.4171166771535367e-6 0.0678258658761024 5.719343985910452e-5 3.962117602207549e-5 -3.122803579300486e-7 9507.350780128052 7.387780843576665e8
10150 431192.4689803322 42.49073271222264 0.007420563163604799 8.95269209720207e-6 3.4264931096161644e-6 0.06584019443812394 5.6127819055729056e-5 3.957205080884485e-5 -3.111233995387542e-7 9507.350780128067 7.387780843570044e8
10170 432000.0 0.43564780056476593 0.007410649658026386 8.95637279452587e-6 3.432422309532446e-6 0.0650526705367156 5.493968569453278e-5 3.967984780528511e-5 -3.1009624124416013e-7 9507.35078012804 7.387780843567505e8
