#timestep time dt l2_h l2_h_vcon1 l2_h_vcon2 linf_h linf_h_vcon1 linf_h_vcon2 dsdu_ut mass entropy 
0 0.0 100.0 0.0 0.0 0.0 0.0 0.0 0.0 -3.7798676974394915e-12 9507.350780127948 7.387780849131678e8
50 1820.409404785586 36.39119828958847 0.000784061815915186 7.869395521305578e-8 1.467900506067108e-7 0.003861467383103445 6.069070803693677e-7 9.760172343109552e-7 -6.028972011122589e-9 9507.350780127952 7.387780849131621e8
100 3639.594421642962 36.38142965563242 0.0007396904298253014 1.1010780386609518e-7 1.3120142417464053e-7 0.0051610569571494125 8.517156038917451e-7 1.207948980341822e-6 -7.0278807227509585e-9 9507.350780127987 7.387780849131484e8
150 5459.063879023829 36.40201020675535 0.0007233830625063145 1.4220710894463753e-7 1.4316795498815758e-7 0.004985495237633586 1.0473870920568729e-6 9.702374836884076e-7 -6.603081014931588e-9 9507.350780127945 7.38778084913136e8
200 7280.338744701174 36.45302320961409 0.0006966445987980753 1.7480426389276845e-7 1.431099561912816e-7 0.0044858723476863815 1.304844583660536e-6 1.1595011101539487e-6 -6.3144316444285264e-9 9507.35078012791 7.38778084913128e8
250 9104.935390257015 36.534203379819225 0.000697710228786425 2.0556388848712912e-7 1.5371968338005258e-7 0.004568570635001379 1.4889798061190618e-6 1.1112068701857325e-6 -6.241149711769479e-9 9507.35078012794 7.38778084913115e8
300 10934.308638898174 36.62782183117161 0.0006948439974899185 2.3253520899320839e-7 1.5926012315677432e-7 0.004317751990129182 1.6405344732128846e-6 1.1759724302118357e-6 -6.15233022981732e-9 9507.350780127947 7.387780849131025e8
350 12762.857996197521 36.5211541104636 0.0006961417940862687 2.5713137100892553e-7 1.6923902057183755e-7 0.00432077223831584 1.7891606118314307e-6 1.260873989106237e-6 -6.213045478492044e-9 9507.350780127941 7.387780849130889e8
400 14586.82655239149 36.44412787138634 0.0006971860118788293 2.784777811670049e-7 1.7557431962886444e-7 0.00424011535687896 1.8557290635823342e-6 1.3974753506063031e-6 -6.1777383143026676e-9 9507.350780127954 7.387780849130784e8
450 16407.713007779068 36.39733118953801 0.000708074456851589 2.9671427047973796e-7 1.844958123775774e-7 0.004359446778380516 1.938473623286363e-6 1.5878182037243338e-6 -6.3068752325261005e-9 9507.35078012795 7.387780849130684e8
500 18227.035759084432 36.38097690941192 0.0007112668695335976 3.1187451341464853e-7 1.910489653003433e-7 0.00459840447319948 2.094477032782427e-6 1.8620131317925726e-6 -6.377962297074983e-9 9507.350780127967 7.387780849130588e8
550 20046.314990741925 36.39493521084792 0.000714010696250322 3.250987319773662e-7 1.973877977252629e-7 0.004629574960745231 2.277305516246164e-6 2.0112315408937764e-6 -6.46643944398888e-9 9507.350780127934 7.387780849130429e8
600 21866.979589334256 36.42164534067644 0.0007120677369253846 3.358568280857978e-7 2.030869115514238e-7 0.0047685270787951595 2.356545135112631e-6 2.0690311481053048e-6 -6.513232379847052e-9 9507.35078012794 7.387780849130366e8
650 23687.0606188026 36.387242631015376 0.0007188893776026816 3.4522210208191996e-7 2.0816183073789018e-7 0.004738010759410827 2.650246242519305e-6 2.1434323468627614e-6 -6.614790291467828e-9 9507.35078012793 7.387780849130173e8
700 25506.185389316935 36.38287881223032 0.0007173338901310861 3.532659764211331e-7 2.120036280269448e-7 0.0050163728919869754 2.8382011701133525e-6 2.080242287968992e-6 -6.696467222478363e-9 9507.350780127941 7.387780849130119e8
750 27325.866097375674 36.408904002499106 0.0007169191055696711 3.6007806156541285e-7 2.1525904052076342e-7 0.005080868755612755 2.8081112228850458e-6 1.977485770507381e-6 -6.704038459913942e-9 9507.350780127974 7.387780849129957e8
800 29147.624168521288 36.46534031919929 0.0007175705122797788 3.6693606178033597e-7 2.179408599677308e-7 0.005127712712237553 2.540023453900808e-6 1.9811488163323787e-6 -6.7823782713869265e-9 9507.350780127961 7.387780849129827e8
850 30972.97327054978 36.55185767762634 0.0007172971286286715 3.729310284114186e-7 2.1957302114648381e-7 0.005037908716531092 2.3963658847270253e-6 2.007879303544957e-6 -6.788448611685877e-9 9507.35078012797 7.387780849129697e8
900 32802.99047308108 36.606612593138856 0.0007192590583084446 3.782689251463732e-7 2.221674815704726e-7 0.005217468143200676 2.3975569156675647e-6 2.0075280934284123e-6 -6.833455193443819e-9 9507.35078012792 7.387780849129593e8
950 34630.61227992678 36.505185046874495 0.0007210751631427147 3.8339939216852766e-7 2.2341573774924317e-7 0.004854994725974393 2.483200380376527e-6 1.99835467717957e-6 -6.869119928256765e-9 9507.350780127928 7.387780849129503e8
1000 36453.91900940918 36.433532522482984 0.0007221060860627717 3.8735770785730453e-7 2.2508906281816318e-7 0.004759041261877428 2.5329404588214643e-6 2.0068869991951566e-6 -6.898741574188409e-9 9507.350780127948 7.387780849129341e8
1050 38274.414223790496 36.39217352234028 0.0007250002974858655 3.8967518683288637e-7 2.271769891532983e-7 0.004716905459645204 2.529042967380768e-6 1.9913033198482033e-6 -6.9546894892730395e-9 9507.350780127965 7.387780849129217e8
1100 40093.617913120645 36.381258413876694 0.0007263779729109702 3.91563413491087e-7 2.2879046072321724e-7 0.00460444481450395 2.750461656403358e-6 1.970758190972255e-6 -6.978661505304969e-9 9507.350780127957 7.387780849129106e8
1150 41913.048782851656 36.40059712096154 0.0007287364176405859 3.923799847008823e-7 2.3082747142181737e-7 0.004543226998976024 3.001411161412948e-6 1.972075751199842e-6 -6.998398978430041e-9 9507.350780127932 7.387780849128937e8
1200 43709.8801036689 36.41389730025214 0.0007289633305668816 3.9159693369739646e-7 2.3322929817049532e-7 0.004775923064698873 3.1461861735027075e-6 1.925867907759393e-6 -7.069438101217402e-9 9507.350780127997 7.387780849128796e8
1250 45529.699171900895 36.38443102557956 0.0007245176825048085 3.9109636708123105e-7 2.3469142176489554e-7 0.004778935529429873 3.1630979534236214e-6 1.8995005530153541e-6 -7.04425102898016e-9 9507.350780127952 7.387780849128716e8
1300 47348.811053258665 36.385083554700465 0.0007266026156268474 3.9093082946416554e-7 2.3660928151864583e-7 0.004735313001219765 3.0653429562016443e-6 1.825442641073538e-6 -6.999408079569358e-9 9507.350780127968 7.387780849128596e8
1350 49168.730609488135 36.41615225755769 0.0007275668737181053 3.9096599802377103e-7 2.3907851434664755e-7 0.00486326596364961 2.8400552714025196e-6 1.946045773526528e-6 -7.023828462684189e-9 9507.350780127976 7.387780849128487e8
1400 50990.97919925405 36.47760266926701 0.0007248050947201548 3.9199606567959754e-7 2.406532031619512e-7 0.004730895690499892 2.561532422576396e-6 2.101231989654062e-6 -6.999970894637465e-9 9507.350780127957 7.38778084912835e8
1450 52817.067474942436 36.56904326330476 0.0007245716877033919 3.94279082571016e-7 2.4201206462311804e-7 0.004816164608200779 2.5016434305191737e-6 2.275198081325147e-6 -6.948419912206417e-9 9507.350780127937 7.387780849128202e8
1500 54647.37105265552 36.58779436396239 0.0007272426841973283 3.9716026585186453e-7 2.4363067642998837e-7 0.004702728327174555 2.5837728309663355e-6 2.1766115308186063e-6 -6.936909826969563e-9 9507.350780127936 7.387780849128047e8
1550 56474.17575593874 36.49124582347706 0.0007280360586011545 4.005391422759211e-7 2.4500217697481093e-7 0.004668265305554087 2.6463633134299336e-6 1.851896046900503e-6 -6.929834666729451e-9 9507.350780127948 7.387780849127934e8
1600 58296.91248135195 36.42458514558348 0.0007284435782980382 4.0420423070458495e-7 2.458959033456533e-7 0.004548256220459734 2.707989823935719e-6 1.5512070697127484e-6 -6.9182822720552665e-9 9507.350780127923 7.387780849127825e8
1650 60117.08879009628 36.38826690190674 0.000728824865751392 4.0754974647639065e-7 2.469411967229741e-7 0.0047859800533842645 2.6908678479875547e-6 1.7387073598940095e-6 -6.930569120272417e-9 9507.35078012797 7.387780849127678e8
1700 61936.225600924976 36.38238325754457 0.0007283748571474282 4.1019350785133525e-7 2.47909932312282e-7 0.0049549806806226115 2.5615919211352534e-6 2.0680647960791276e-6 -6.959543453829134e-9 9507.350780127954 7.387780849127579e8
1750 63755.83979912377 36.40669136063802 0.0007251825911953476 4.121944364961425e-7 2.483707820564259e-7 0.0050054494424784934 2.9117730480643367e-6 2.4829958505528937e-6 -6.970971248167608e-9 9507.35078012799 7.387780849127433e8
1800 65576.71890368903 36.40644384146489 0.000720481138790892 4.136305317342935e-7 2.483323826057979e-7 0.004845117791774101 3.1348712438150628e-6 2.684832546076543e-6 -6.958590099681021e-9 9507.350780127972 7.387780849127307e8
1850 67396.30126576897 36.38232668596921 0.0007174847309917848 4.148427737066598e-7 2.479621708535316e-7 0.005281977922550141 3.063373482714571e-6 2.6267875464364154e-6 -6.946405058308139e-9 9507.350780127948 7.387780849127172e8
1900 69215.44608321745 36.38840479643999 0.0007150120038897025 4.162774838180993e-7 2.472140132781046e-7 0.0050012555921057356 3.0053638954141704e-6 2.5869498831848636e-6 -6.93553237527416e-9 9507.350780127945 7.387780849127077e8
1950 71035.67056941896 36.42491743257175 0.0007125883106371498 4.1833034854786086e-7 2.4588046579924845e-7 0.004837387263251003 3.098584059169074e-6 2.5680826553353686e-6 -6.905289437271548e-9 9507.350780127954 7.387780849126945e8
2000 72858.49545848287 36.49176891312264 0.0007111683697316278 4.213129868544383e-7 2.4404778832870033e-7 0.00466527268417849 3.163428289598702e-6 2.482830833427929e-6 -6.873907287037558e-9 9507.350780128003 7.387780849126791e8
2050 74685.42757373485 36.58850049581752 0.0007120784597131154 4.251317519829916e-7 2.4216438786126974e-7 0.004581323784805136 3.2258983947985875e-6 2.6070737614569683e-6 -6.8399378780969005e-9 9507.35078012796 7.387780849126714e8
2100 76515.70553536192 36.56837053690369 0.000714539824115285 4.296719644817667e-7 2.405132012045578e-7 0.004528662610027823 3.3094187856241852e-6 2.4553446434372184e-6 -6.81297906203614e-9 9507.35078012794 7.387780849126568e8
2150 78341.67341100467 36.47711484304187 0.0007195777135061268 4.3465531837710326e-7 2.39304618829032e-7 0.004431899936207628 3.3675440231917264e-6 2.220446737533077e-6 -6.805864659314291e-9 9507.350780128008 7.387780849126458e8
2200 80163.84103465009 36.415856486869004 0.0007252161895863124 4.3960726230227056e-7 2.389582370783629e-7 0.0043262822000542656 3.3670069971014627e-6 2.201893017916845e-6 -6.827584127603359e-9 9507.350780127945 7.38778084912633e8
2250 81983.71970743578 36.38498299607549 0.0007282875604651971 4.440941110070483e-7 2.392968943706427e-7 0.004584457787586871 3.248675713829474e-6 2.1665730385311832e-6 -6.862444173891184e-9 9507.350780127967 7.387780849126142e8
2300 83802.83087235168 36.38452467367298 0.000727990930888095 4.4790676305528796e-7 2.4016449343511775e-7 0.0049891056737578765 3.0140398598610396e-6 2.1553143494945637e-6 -6.8854005987841334e-9 9507.350780127965 7.387780849126068e8
2350 85622.68895616909 36.414180875335624 0.0007274478516860122 4.509016646930656e-7 2.4154882408505445e-7 0.004867082247073995 3.4916042226385002e-6 2.187789609031654e-6 -6.898451940244753e-9 9507.35078012793 7.387780849125899e8
2400 87419.5099020028 36.400382795798386 0.0007289937950451646 4.5314676878771225e-7 2.432254691272644e-7 0.004908362776404829 3.6663205455200742e-6 2.1960523921560338e-6 -6.91215211319969e-9 9507.350780127954 7.387780849125814e8
2450 89238.91560444499 36.38123656306339 0.0007283681010967599 4.5494476826161646e-7 2.4526725772587486e-7 0.004958361327680905 3.51390341968294e-6 2.172731784155779e-6 -6.928370342846821e-9 9507.35078012794 7.387780849125688e8
2500 91058.13410260173 36.39234743567885 0.0007239182838355347 4.565937288883293e-7 2.4725775251673716e-7 0.005022374538839358 3.489432041481333e-6 2.098274992645699e-6 -6.925797611257761e-9 9507.35078012797 7.387780849125539e8
2550 92878.68434811328 36.43390099594526 0.0007193953977979515 4.584930061745157e-7 2.489547716429573e-7 0.00497142347467161 3.4950132733607697e-6 2.30137921206075e-6 -6.8941466218813955e-9 9507.350780127936 7.387780849125403e8
2600 94702.0860146854 36.50574315413562 0.000718729335952698 4.6095254799592756e-7 2.504184347166004e-7 0.004931447799208399 3.3183415858034637e-6 2.3815644621949517e-6 -6.858738458747414e-9 9507.35078012796 7.387780849125316e8
2650 96529.84182223157 36.60735191819007 0.000721375951844706 4.6410637717633863e-7 2.517300764287103e-7 0.004986672434824868 3.2559320785052748e-6 2.4609519579943395e-6 -6.830012406924111e-9 9507.350780127992 7.387780849125154e8
2700 98359.78639588358 36.551213015801125 0.000725932201068174 4.678500306460656e-7 2.5307887195861204e-7 0.005011258727790846 3.31565935246525e-6 2.279941897428972e-6 -6.813097932410496e-9 9507.350780127928 7.387780849125048e8
2750 100185.02147245336 36.46488236718301 0.0007305245842127577 4.7190958046950666e-7 2.545030113543648e-7 0.004917253715120751 3.324401079973782e-6 2.0997813182654923e-6 -6.811207925812517e-9 9507.35078012799 7.387780849124923e8
2800 102006.7051211913 36.408639410015795 0.0007331654638928313 4.75929560911332e-7 2.561229897090335e-7 0.004716679246030253 3.245684713104602e-6 2.138874481028008e-6 -6.826697966010753e-9 9507.35078012798 7.387780849124826e8
2850 103826.35156670751 36.38281005143337 0.0007332355232774063 4.796005252046881e-7 2.580089169035359e-7 0.004634209995856509 3.043435358951463e-6 2.162479626838243e-6 -6.85377563449786e-9 9507.350780127956 7.387780849124695e8
2900 105645.48223369625 36.3873683147902 0.0007317421006065552 4.826160598410919e-7 2.5998504302637566e-7 0.004735887493552582 3.3252912151615632e-6 2.7829969551362854e-6 -6.884899467429636e-9 9507.350780127977 7.387780849124565e8
2950 107465.60881735446 36.42196086183992 0.0007296127669661535 4.849281888292192e-7 2.61653186849517e-7 0.004863990608100721 3.7715394359538745e-6 3.1809477707561706e-6 -6.8947584086873715e-9 9507.350780127945 7.387780849124416e8
3000 109286.23782654031 36.39475455238816 0.0007288062792278797 4.867631831525734e-7 2.6283760633307817e-7 0.004984684101145831 3.877039234656543e-6 3.2710618377701506e-6 -6.894274053694835e-9 9507.350780127957 7.387780849124327e8
3050 111105.49898454687 36.38098964293991 0.0007269812640800256 4.884853142608506e-7 2.6351435559631424e-7 0.005210097488543397 3.6472172245116674e-6 3.0653631701640927e-6 -6.889044293270358e-9 9507.35078012795 7.387780849124205e8
3100 112924.8437006512 36.397539036963856 0.0007223540897276958 4.90471371929611e-7 2.633813435668472e-7 0.005326605078607827 3.2259685999735943e-6 2.6105185430558286e-6 -6.876522717655372e-9 9507.350780127916 7.387780849124029e8
3150 114745.79229800309 36.44452930798063 0.0007188265978805862 4.929685848221645e-7 2.623970154972047e-7 0.005265299462735129 3.3637505810757418e-6 2.5984741491291707e-6 -6.849741285107152e-9 9507.35078012798 7.387780849123906e8
3200 116569.86276535729 36.52174301707708 0.0007182077968651801 4.961162655844523e-7 2.6085621718615763e-7 0.005135739917932369 3.4384925644004305e-6 2.530769629194296e-6 -6.819281148449156e-9 9507.35078012798 7.387780849123824e8
3250 118398.55282238813 36.628588696437355 0.000720797141710415 4.99770036771518e-7 2.5910331280577935e-7 0.004930468065595051 3.4887475702793935e-6 2.5190362644145203e-6 -6.798892548488949e-9 9507.35078012793 7.387780849123696e8
3300 120227.80232775568 36.533596165925715 0.0007246543883789625 5.036995058390469e-7 2.575668905091035e-7 0.004735247024200362 3.5011579941901516e-6 2.2607294314219706e-6 -6.784655543826881e-9 9507.350780127948 7.387780849123559e8
3350 122052.29220186695 36.45260433938533 0.0007285733161994557 5.077008961623771e-7 2.5643496816178917e-7 0.0046311039955071465 3.440389638675878e-6 2.02612700073157e-6 -6.789739230918976e-9 9507.350780127965 7.38778084912345e8
3400 123873.50005311129 36.40178569284376 0.0007314137817235927 5.1144568356885e-7 2.5574650059849866e-7 0.004610954144027346 3.4061490736814193e-6 1.8607287161076513e-6 -6.816951969891692e-9 9507.350780127981 7.38778084912331e8
3450 125692.94269665856 36.381401060381876 0.0007329753663656316 5.145183153674495e-7 2.55723411196764e-7 0.004618260289134923 3.533753256790284e-6 1.922684817884379e-6 -6.848206286276866e-9 9507.350780127968 7.38778084912316e8
3500 127512.14102569403 36.3913642397732 0.0007332152925623119 5.166739546829845e-7 2.5647907209079177e-7 0.004737809270409343 3.6166854203711907e-6 2.084755019143847e-6 -6.876993958636791e-9 9507.350780127954 7.387780849123077e8
3550 129332.59976023273 36.428423985500686 0.0007317321971477807 5.179434507861616e-7 2.576665436200853e-7 0.004879955867181707 4.050912085634684e-6 2.2314866162387315e-6 -6.896915309342281e-9 9507.350780127947 7.387780849122905e8
3600 131128.94948435418 36.39039726099178 0.0007287844348184249 5.185259440006307e-7 2.589911792140115e-7 0.004992142329683702 4.106832714068087e-6 2.344388409236675e-6 -6.903148117401964e-9 9507.350780127967 7.387780849122835e8
3650 132948.11992249644 36.38162985549113 0.0007248234996632909 5.187902470235778e-7 2.6040858997203924e-7 0.005042683972988016 3.7972482463399793e-6 2.3780742705739946e-6 -6.8990504273375555e-9 9507.350780127967 7.387780849122688e8
3700 134767.6251259291 36.40322025242562 0.0007217152583417275 5.190842443200763e-7 2.6162024221198986e-7 0.005053145939655224 3.4580375313786327e-6 2.4703263317958635e-6 -6.8798984268457846e-9 9507.35078012794 7.387780849122543e8
3750 136588.98619796257 36.455239716978355 0.00072074538192215 5.197088784487064e-7 2.6263975269886754e-7 0.005046656227477797 3.5439097043066248e-6 2.5969832888605993e-6 -6.846728999624998e-9 9507.350780127937 7.387780849122456e8
3800 138413.7190407025 36.53741138698963 0.0007219329097989902 5.208509995487589e-7 2.636395845770399e-7 0.0049367295118827315 3.5771824756780646e-6 2.743674352823078e-6 -6.8130553549495806e-9 9507.350780127954 7.387780849122338e8
3850 140243.23851246003 36.62381687872283 0.0007243089423340874 5.226293890708122e-7 2.6453480739273526e-7 0.004743119349768676 3.6043939536378744e-6 2.7546769091613132e-6 -6.7953450801233245e-9 9507.350780127916 7.387780849122157e8
3900 142071.61225500572 36.51812047164426 0.0007273208063640477 5.249357163998385e-7 2.6524144291068975e-7 0.004649612339107989 3.585017960328063e-6 2.665143894492461e-6 -6.792138239192576e-9 9507.35078012794 7.387780849122038e8
3950 143895.45447716556 36.442091315564106 0.0007303518633919691 5.274355249583492e-7 2.660992421800812e-7 0.004559990684811055 3.5869515409570063e-6 2.6464881484611347e-6 -6.80214993474916e-9 9507.350780127994 7.38778084912194e8
4000 145716.2648123396 36.39630377237818 0.0007329959152862452 5.297273268119454e-7 2.674118537774202e-7 0.004410951748468506 3.7632025575717876e-6 2.5879850584498154e-6 -6.827440766573933e-9 9507.350780127965 7.387780849121786e8
4050 147535.56196767942 36.38095949748501 0.0007347692411303269 5.315150056548952e-7 2.689282642896902e-7 0.00464913071027695 3.881214387768672e-6 2.482385286162181e-6 -6.863992348952349e-9 9507.350780127961 7.387780849121709e8
4100 149354.86588093868 36.395917229654096 0.000735340340095806 5.326474730800419e-7 2.7013256114206074e-7 0.004906982234388124 3.884967819611784e-6 3.071971240331539e-6 -6.897562406341112e-9 9507.350780127934 7.387780849121537e8
4150 151175.57131019176 36.42003109102074 0.0007330062731261203 5.332590435873323e-7 2.711032064189197e-7 0.005201910129926546 4.139967196753469e-6 3.4336711498966777e-6 -6.916872445025263e-9 9507.350780127961 7.387780849121407e8
4200 152995.59670252126 36.38661526006876 0.0007287646202269717 5.335784526392713e-7 2.716979078780049e-7 0.005349333321646554 4.164817330620796e-6 3.467419346425693e-6 -6.921356933326215e-9 9507.350780127972 7.38778084912129e8
4250 154814.7156454036 36.38325490857719 0.0007258471863237965 5.33920497240292e-7 2.715471628492214e-7 0.005449684979339509 3.8517878752919454e-6 3.199711463328092e-6 -6.910045130023012e-9 9507.350780127961 7.387780849121162e8
4300 156634.44089697435 36.410289557184626 0.0007237566710232376 5.347016381702893e-7 2.7078144765570335e-7 0.0055097315862440155 3.465811766301119e-6 2.7941493769279013e-6 -6.8875474839720115e-9 9507.350780127934 7.387780849121075e8
4350 158456.29390455788 36.46773032395194 0.0007234216369741554 5.360838776194786e-7 2.694163832944327e-7 0.005470712768328667 3.502070457073181e-6 2.7361163378869513e-6 -6.8593944751882605e-9 9507.350780127974 7.387780849120963e8
4400 160281.78777956773 36.555234891864046 0.0007246004153909134 5.380766106362266e-7 2.6772734679792387e-7 0.005242169878783898 3.5012933392586376e-6 2.7449082968533656e-6 -6.835127315413552e-9 9507.35078012797 7.387780849120845e8
4450 162111.88660267307 36.60277873262891 0.000726735379930913 5.406167038597411e-7 2.6613001307967886e-7 0.004826477616006741 3.521670562112167e-6 2.707126510237412e-6 -6.817040030835311e-9 9507.350780127936 7.387780849120634e8
4500 163939.3414654272 36.50232662943923 0.0007301881452668333 5.435299550994182e-7 2.647328772975212e-7 0.004352138109425141 3.502383358555683e-6 2.6187335716021387e-6 -6.818065247969551e-9 9507.350780127923 7.387780849120551e8
4550 165762.53068552044 36.43167352411282 0.000734703194361062 5.464597313585075e-7 2.636862876847701e-7 0.004312382694479311 3.7050687505257862e-6 2.5042565465760447e-6 -6.8329964656938665e-9 9507.350780128005 7.387780849120473e8
4600 167582.95868814396 36.39132445569222 0.0007380860366954009 5.49020504918126e-7 2.633319222801156e-7 0.004787756765381346 3.865135917879847e-6 2.4573459406762588e-6 -6.862091052818083e-9 9507.35078012799 7.387780849120351e8
4650 169402.14566513212 36.38141777535895 0.0007394083506955423 5.508739774040197e-7 2.6372298531385044e-7 0.004970709042481758 3.954575936326865e-6 2.337628967674643e-6 -6.894855630413884e-9 9507.350780127948 7.387780849120222e8
4700 171221.6099981283 36.40175356429565 0.000739090449456698 5.51810489575765e-7 2.6466258899905906e-7 0.00499003230515882 4.049357746505056e-6 2.569963445331336e-6 -6.927775719122549e-9 9507.350780127927 7.387780849120104e8
4750 173018.48798421587 36.41244152867949 0.0007367267536056715 5.518962622403181e-7 2.6594735924730326e-7 0.005304642128976411 4.4472530745243155e-6 2.7457610781156383e-6 -6.948054197853735e-9 9507.350780127957 7.387780849119973e8
4800 174838.2594609065 36.383966680775366 0.0007328241982445286 5.514179941289602e-7 2.6730982483963673e-7 0.005478507579482539 4.478618482822716e-6 2.8110828373950625e-6 -6.9509178767020155e-9 9507.350780127936 7.387780849119788e8
4850 176657.37374704223 36.38562554535461 0.0007291990731698586 5.507749325679252e-7 2.685349927236334e-7 0.005447530760648078 4.150100873817619e-6 2.744855559344561e-6 -6.935760963017447e-9 9507.350780127932 7.387780849119705e8
4900 178477.34617346388 36.41770463629692 0.0007274564096600727 5.502800722001706e-7 2.696782836460114e-7 0.0053514805404120125 3.514070634424993e-6 2.53527734422887e-6 -6.905499541916975e-9 9507.350780127961 7.387780849119593e8
4950 180299.69802134347 36.48015840521898 0.0007279097922141309 5.501816983723507e-7 2.7087785491614575e-7 0.0052945701795579225 3.380464083657664e-6 2.5546133620921174e-6 -6.8726823206601926e-9 9507.350780127988 7.387780849119426e8
5000 182125.93928549383 36.57258307233943 0.0007299934164384154 5.506439188329001e-7 2.720688561905975e-7 0.005212571089487028 3.3744794556977986e-6 2.6060939283187312e-6 -6.847112330785025e-9 9507.35078012794 7.387780849119308e8
5050 183956.2642506969 36.58411533139732 0.0007327610994316773 5.517240901431294e-7 2.7318963806653193e-7 0.004969186789821833 3.3882444889776764e-6 2.631658491250577e-6 -6.832610742423345e-9 9507.350780127945 7.387780849119183e8
5100 185782.90989312483 36.48854751192261 0.0007356010290602877 5.532764203427958e-7 2.7425554990689247e-7 0.004572608601847605 3.6164301698282664e-6 2.6145869200105976e-6 -6.832159406022013e-9 9507.350780127952 7.387780849119053e8
5150 187605.53719913194 36.4228891520797 0.0007381110611515101 5.549705672941917e-7 2.75392185262435e-7 0.004341387646491057 3.865468832575658e-6 2.5635288450759353e-6 -6.853102275016617e-9 9507.35078012795 7.387780849118912e8
5200 189425.65448420795 36.38758222381979 0.0007400741370555156 5.563879162370693e-7 2.7666164050980775e-7 0.004547930000626366 4.026320348293755e-6 2.47854872034714e-6 -6.883920396418552e-9 9507.350780127961 7.387780849118783e8
5250 191244.78281663454 36.38270726322455 0.0007420655888917476 5.57241057207148e-7 2.7797248124606465e-7 0.0048719229835114675 4.103816150846651e-6 2.6914431313640463e-6 -6.913671653769716e-9 9507.350780127928 7.387780849118686e8
5300 193064.43866897962 36.40801046626898 0.0007440022321691554 5.5748275059144e-7 2.791915133005349e-7 0.005203673519190488 4.063255026554025e-6 3.348392217841778e-6 -6.9370341822551375e-9 9507.350780127954 7.387780849118577e8
5350 194885.31383441546 36.405161250076446 0.0007434009729754977 5.572612538200827e-7 2.8015298882246853e-7 0.005400295195158833 4.371619660825665e-6 3.6728405962971333e-6 -6.958425646152691e-9 9507.350780127932 7.387780849118459e8
5400 196704.8573390259 36.38203812369118 0.0007380359849456447 5.569134733061517e-7 2.806039066029424e-7 0.005462513141537784 4.327853841579188e-6 3.6477540749646487e-6 -6.965508778179999e-9 9507.350780127934 7.387780849118304e8
5450 198524.0133760535 36.38912334154516 0.0007313095989447578 5.567439084605634e-7 2.803304550319017e-7 0.005452973000956263 3.92571185300894e-6 3.307121555301551e-6 -6.948541384324e-9 9507.350780127954 7.387780849118158e8
5500 200344.29955089962 36.42664573410749 0.0007272952272003202 5.569925335063198e-7 2.7937203204890737e-7 0.005511844376087538 3.537799155683974e-6 2.7226806788224756e-6 -6.911583910857526e-9 9507.350780127954 7.387780849118073e8
5550 202167.23643592154 36.49449792343951 0.0007279488933768487 5.578576283240386e-7 2.7793160032676385e-7 0.005469227868616144 3.4077508286878277e-6 2.639804075055263e-6 -6.873733552235374e-9 9507.350780127977 7.387780849117919e8
5600 203994.33008944226 36.59220875056001 0.0007332550405701209 5.593484946731158e-7 2.762604746959408e-7 0.005234469779225037 3.2122005590440317e-6 2.8265819573825013e-6 -6.847151581163886e-9 9507.350780127976 7.387780849117776e8
5650 205824.56491116635 36.5648643914204 0.0007393934449342061 5.613206275613676e-7 2.747614121630633e-7 0.004892820979421231 3.559122215279764e-6 2.8970123049920637e-6 -6.835367724432773e-9 9507.350780127952 7.387780849117695e8
5700 207650.38251606442 36.474594746083085 0.0007422672456189973 5.635371206422457e-7 2.737396028858748e-7 0.004550599050162418 3.806588640908881e-6 2.858283183360122e-6 -6.841402199347156e-9 9507.350780127948 7.38778084911753e8
5750 209472.44971598408 36.41434163811678 0.0007425482836835657 5.656400623381701e-7 2.732131008860825e-7 0.004529691565949179 3.9868420179112185e-6 2.711357046880636e-6 -6.864646016357918e-9 9507.350780127952 7.38778084911743e8
5800 211292.278445397 36.38447999984771 0.0007423571726013562 5.672919778710575e-7 2.731012723376496e-7 0.004684309399635822 4.087055201551504e-6 2.5718137971475485e-6 -6.895527238169554e-9 9507.350780127957 7.387780849117253e8
5850 213111.39018469932 36.385028814425645 0.0007428159341489588 5.68223489236879e-7 2.733920682054697e-7 0.0049073154559664545 4.066616203446394e-6 2.4350426015007365e-6 -6.9296811811091056e-9 9507.350780127936 7.387780849117213e8
5900 214931.29885081272 36.415676761733984 0.000743486364654272 5.682591022900637e-7 2.7408774347872386e-7 0.00507169833917942 4.2917142378251505e-6 2.5917061012847853e-6 -6.958819839925723e-9 9507.350780127941 7.387780849117051e8
5950 216728.125937418 36.39926482885148 0.0007425759459712539 5.674499070773578e-7 2.7518166679850263e-7 0.005207186251482199 4.560548631626915e-6 2.7103103291681307e-6 -6.970847379153394e-9 9507.35078012795 7.387780849116879e8
6000 218547.50107997132 36.38111494169959 0.0007394733875449372 5.661217432496985e-7 2.7653522299810513e-7 0.005381366390793119 4.4316557785972766e-6 2.706923263984251e-6 -6.962399126430043e-9 9507.350780127936 7.38778084911677e8
6050 220366.73916617982 36.393233424803036 0.0007358066536713837 5.647464655557419e-7 2.778213859478758e-7 0.005574789099227928 3.95021644772342e-6 2.5544141849520585e-6 -6.943406703351811e-9 9507.350780127947 7.387780849116672e8
6100 222187.3594389898 36.43579510450646 0.0007331581408477324 5.636917653624172e-7 2.7888563048989157e-7 0.0056583345531180385 3.7158894740096926e-6 2.6198972198077097e-6 -6.914392235177709e-9 9507.350780127954 7.387780849116511e8
6150 224010.8813139002 36.50863465494544 0.0007329016751078508 5.631518931882219e-7 2.797648425959755e-7 0.00556515854123063 3.539983569889049e-6 2.6863199803495164e-6 -6.88548878620138e-9 9507.350780127954 7.38778084911644e8
6200 225838.80666127132 36.6112175012623 0.0007354720628872046 5.631417384343451e-7 2.805289135629588e-7 0.005307125258241285 3.2381581231977208e-6 2.7586892494269044e-6 -6.863338689204595e-9 9507.350780127952 7.387780849116253e8
6250 227668.64775120516 36.54786535427399 0.0007389216896254248 5.636007693444619e-7 2.813036104387476e-7 0.004915235638691229 3.556760577005935e-6 2.802121952263925e-6 -6.857507074162417e-9 9507.350780127945 7.387780849116156e8
6300 229493.74060505733 36.462525228549616 0.0007422031934640287 5.644181522791563e-7 2.8215049384974394e-7 0.00445837567349372 3.7591103280165683e-6 2.7944866758805587e-6 -6.865850357363199e-9 9507.35078012796 7.387780849116068e8
6350 231315.33204366182 36.40728977494424 0.0007452441026342964 5.653508131727756e-7 2.829976536853228e-7 0.004533166352757689 3.910685126895519e-6 2.7390868164028914e-6 -6.888341935551683e-9 9507.35078012798 7.387780849115943e8
6400 233134.9368270197 36.38247281213944 0.0007478310068748876 5.660589136580623e-7 2.8380866255864434e-7 0.004727505364371609 3.988006379906928e-6 2.628289539285955e-6 -6.921233322763315e-9 9507.35078012799 7.38778084911577e8
6450 234954.0763334398 36.38803701406062 0.0007481266234230717 5.662758282170324e-7 2.847418516037323e-7 0.004884671815489128 3.962492926057326e-6 3.1365425148810466e-6 -6.957655893903594e-9 9507.35078012795 7.387780849115684e8
6500 236774.26165756554 36.4236182888979 0.0007455548033661718 5.659287292224217e-7 2.856017791413083e-7 0.0050064166539414146 4.284112101349269e-6 3.6204662034466928e-6 -6.9829621830314e-9 9507.350780127967 7.38778084911549e8
6550 238594.8423334292 36.39381545238221 0.00074262964948144 5.651586392267234e-7 2.859662385229571e-7 0.005148866569015809 4.403423015109098e-6 3.746624364114881e-6 -6.9911417229663505e-9 9507.350780127934 7.387780849115427e8
6600 240414.08194325643 36.381049270602475 0.0007398889582282825 5.643216267466586e-7 2.857923960198747e-7 0.005309241987106361 4.1294056032925575e-6 3.5218172323575603e-6 -6.982146589177015e-9 9507.350780127928 7.387780849115298e8
6650 242233.4553302543 36.39860677175229 0.0007370977688746473 5.637407169639397e-7 2.8524790697614276e-7 0.005227055961768201 3.825543200275394e-6 2.9997211875090746e-6 -6.95998320778269e-9 9507.350780127937 7.387780849115155e8
6700 244054.48301602493 36.44660382599178 0.000735659059018356 5.637004318805855e-7 2.842457654856046e-7 0.0053847528506594244 4.021860823599788e-6 2.5084632517824446e-6 -6.927930715247241e-9 9507.350780127974 7.387780849115014e8
6750 245878.68263378253 36.524811476606025 0.0007360901549808194 5.643687862680854e-7 2.8279952507946137e-7 0.005343366971374053 3.8000852431996357e-6 2.757900461280993e-6 -6.894525626853594e-9 9507.350780127937 7.387780849114879e8
6800 247707.5509407475 36.63262544694871 0.0007382131817737554 5.656810028665084e-7 2.811849308587897e-7 0.0051040067401117994 3.339539526525659e-6 2.984934575511744e-6 -6.876795722975347e-9 9507.350780127957 7.387780849114783e8
6850 249536.6325441422 36.53042236614808 0.0007416990125660724 5.673361262882494e-7 2.7978065863712446e-7 0.004728712708583771 3.6320155872293647e-6 3.0808233572598986e-6 -6.8737944912263085e-9 9507.350780127927 7.387780849114647e8
6900 251360.9889970372 36.45042493270088 0.0007455354035449042 5.690213885184608e-7 2.788607714250592e-7 0.004328031209297478 3.81952462286117e-6 3.0447473162165117e-6 -6.886674112847767e-9 9507.350780127917 7.387780849114505e8
6950 253182.11357663455 36.400615480209346 0.000748681222541017 5.704638951961956e-7 2.7850010693207937e-7 0.0047169515596579 3.953326147332348e-6 2.900819895013118e-6 -6.913187308349451e-9 9507.350780127968 7.387780849114411e8
7000 255001.52352673674 36.38124280757548 0.000750223407118205 5.714250215915764e-7 2.7861468051264347e-7 0.0050441885978216305 4.01387913384621e-6 2.7602058596531975e-6 -6.946353458024684e-9 9507.35078012792 7.387780849114246e8
7050 256820.73959215978 36.39220959192367 0.0007501341940723914 5.717045537184664e-7 2.7908358827041874e-7 0.0052752265078197524 4.005935531847804e-6 2.608923572788857e-6 -6.980200364632104e-9 9507.350780127947 7.387780849114151e8
7100 258641.25654038528 36.426676293960064 0.0007485790685813011 5.712381532073729e-7 2.798348048553446e-7 0.005427186613815138 3.8941695040262125e-6 2.53425317392475e-6 -7.004116882551873e-9 9507.35078012797 7.387780849114035e8
7150 260437.57832988602 36.38961923237183 0.0007459464059731436 5.701635764098824e-7 2.8079045588736646e-7 0.005499593791682855 4.044234864553076e-6 2.6302068382721977e-6 -7.00880437000157e-9 9507.35078012795 7.387780849113861e8
7200 262256.73535723885 36.38185362128362 0.0007430729193216446 5.687605733977305e-7 2.819162706966674e-7 0.005469507984344091 3.9007085395614816e-6 2.6162205109536707e-6 -6.994767599627542e-9 9507.350780127954 7.387780849113798e8
7250 264076.2774870991 36.4044538009044 0.0007406908100670965 5.674028765343535e-7 2.831015126037585e-7 0.005334600466085249 4.193318732137463e-6 2.6989395610459155e-6 -6.9668221894687e-9 9507.350780127948 7.387780849113609e8
7300 265897.7259502035 36.45748026117363 0.0007393495465321583 5.664465268453517e-7 2.8412305094279593e-7 0.005321094467944931 4.341579991740119e-6 2.793151263308369e-6 -6.9345062833540146e-9 9507.350780127948 7.387780849113522e8
7350 267722.5962106645 36.54064415950424 0.0007393637262605625 5.661267668500942e-7 2.8481018244303173e-7 0.005235107422322471 4.037345874396969e-6 2.8890664690722767e-6 -6.907191593952966e-9 9507.35078012792 7.387780849113412e8
7400 269552.2490585641 36.61982972927969 0.000741414909350498 5.664399765241601e-7 2.852151819462708e-7 0.00491678470871193 3.584524165545222e-6 2.9795465519566466e-6 -6.889815062094623e-9 9507.350780127947 7.387780849113268e8
7450 271380.44812760927 36.51510671426754 0.0007450244954465414 5.671851151192515e-7 2.8563208243860073e-7 0.004465040500235773 3.614562644749242e-6 3.040614916155482e-6 -6.888720580127882e-9 9507.350780127928 7.387780849113142e8
7500 273204.16506660724 36.440076952157675 0.0007493751462849515 5.680647072869534e-7 2.862360288298301e-7 0.0046464088145512505 3.7911750539465494e-6 3.053664295690761e-6 -6.9030200136151096e-9 9507.350780127985 7.387780849113026e8
7550 275024.900466567 36.39530156461561 0.0007528117859159964 5.688317628076373e-7 2.8706214124739753e-7 0.004958949485171615 3.932286556485032e-6 3.0016882066052908e-6 -6.932660071809808e-9 9507.350780127967 7.387780849112906e8
7600 276844.1733579932 36.38097003532555 0.0007542056464270844 5.692890294225049e-7 2.879862879743201e-7 0.005178641226848413 3.9774305352624495e-6 2.873151284943365e-6 -6.964653028649235e-9 9507.350780127947 7.387780849112743e8
7650 278663.50342100044 36.39693001693215 0.0007541027541480252 5.692614304813411e-7 2.888077661894874e-7 0.00529164644467528 3.965176532505499e-6 2.7945714357463514e-6 -6.9957175441327644e-9 9507.35078012801 7.38778084911264e8
7700 280484.24551732314 36.41844253063115 0.0007525654735618784 5.687534978214189e-7 2.8936327934122084e-7 0.005322652359154745 3.8511705386656825e-6 3.216617449494641e-6 -7.022071702096988e-9 9507.350780128003 7.387780849112535e8
7750 282304.21658153844 36.386014530080374 0.0007492633172222095 5.679194571864886e-7 2.8960236122178746e-7 0.0053014894970147 3.944853142617832e-6 3.315985627930229e-6 -7.027842766782429e-9 9507.350780127948 7.38778084911239e8
7800 284123.3310500914 36.38365846551659 0.0007455359164255925 5.670835183997199e-7 2.894737532077591e-7 0.00522647694697298 3.855460894597318e-6 3.0990854649262656e-6 -7.008535461938844e-9 9507.350780127952 7.387780849112226e8
7850 285943.1022401688 36.41170345067717 0.000743277019616506 5.666776111650935e-7 2.8883493271531215e-7 0.005202015779559588 4.394360926696095e-6 2.6376030363983727e-6 -6.974638239646723e-9 9507.350780127908 7.387780849112109e8
7900 287765.05162422627 36.47014958373057 0.000743686004462654 5.670422159718544e-7 2.876017862269911e-7 0.0052268889162405685 4.529162708655221e-6 2.716559314441813e-6 -6.938942050710595e-9 9507.350780127968 7.387780849112002e8
7950 289590.691761451 36.558642429820246 0.0007464668156905042 5.681968130804356e-7 2.859453105779729e-7 0.0052008817037858535 4.198005036648578e-6 2.8951096071594407e-6 -6.910600104444034e-9 9507.350780127976 7.387780849111897e8
8000 291420.859214151 36.598963669148425 0.0007498450447659468 5.699488537505197e-7 2.8431630041917926e-7 0.005030135313518258 3.821316726215773e-6 3.0667333790757034e-6 -6.894478417131489e-9 9507.35078012794 7.387780849111753e8
8050 293248.1481601696 36.49949048530149 0.0007523411800637781 5.719599772459809e-7 2.83144824805615e-7 0.0046511720483977115 3.4333926119956004e-6 3.101357822998807e-6 -6.893246003288065e-9 9507.350780127937 7.387780849111608e8
8100 295071.22106354294 36.42983975558504 0.0007537315279180028 5.738701693159708e-7 2.826561796231905e-7 0.0048214717253358685 3.597216483686161e-6 3.0058622634276944e-6 -6.9074008945276384e-9 9507.35078012795 7.387780849111505e8
8150 296891.5831893686 36.39050363014635 0.0007543479480357332 5.753700736671081e-7 2.828262176117133e-7 0.005060356366357155 3.7143142275208874e-6 2.8057318543495136e-6 -6.9337458602401265e-9 9507.350780127956 7.387780849111388e8
8200 298710.75494929304 36.38160851347251 0.0007548827988719056 5.762145244179713e-7 2.834572148903337e-7 0.005265305051125324 3.746272616345081e-6 2.6800970331919416e-6 -6.963908941572846e-9 9507.350780127948 7.387780849111243e8
8250 300530.25437200686 36.40294350035224 0.0007556026045992585 5.762432014579028e-7 2.844253490521575e-7 0.00544577069740626 3.7073637139672933e-6 2.5083123965652376e-6 -6.990911950175928e-9 9507.350780127934 7.387780849111108e8
8300 302351.1192561784 36.41046208265178 0.0007554547758047947 5.75458098397965e-7 2.8566795834669815e-7 0.005567566337049357 4.033616272186569e-6 2.20441216558509e-6 -7.006777640744028e-9 9507.350780127947 7.387780849111006e8
8350 304146.90593307785 36.38353385979576 0.0007530137735478889 5.741359909409388e-7 2.87080555286636e-7 0.005578766387770884 4.0014813270372596e-6 2.2527805418892655e-6 -7.0082513492810374e-9 9507.350780127907 7.387780849110876e8
8400 305966.0242030966 36.38619915444437 0.0007491329624713548 5.726191595628134e-7 2.8858187966039034e-7 0.005458545558212791 3.914497188478583e-6 2.1907408314647547e-6 -6.992356118684973e-9 9507.350780127974 7.387780849110745e8
8450 307786.05108356796 36.41928877229087 0.0007452990101588847 5.712909845240735e-7 2.900756505620179e-7 0.005393877470851294 4.419799437938021e-6 2.4065948317220087e-6 -6.963621068927034e-9 9507.350780127977 7.387780849110624e8
8500 309608.5077831404 36.48274612561006 0.0007433255661353016 5.704815212313133e-7 2.9138819880547576e-7 0.005419349795829476 4.500751034752781e-6 2.569037751781744e-6 -6.932907913218762e-9 9507.350780127974 7.387780849110466e8
8550 311434.90364058013 36.57615507596154 0.0007443213615411344 5.703663517074389e-7 2.923242061950882e-7 0.005304893373249797 4.110618544383993e-6 2.718859456241063e-6 -6.906799257200486e-9 9507.350780127981 7.387780849110321e8
8600 313265.23836174264 36.58045964142687 0.0007476889889832835 5.709255808415197e-7 2.9298927649854157e-7 0.004998367060579767 3.8405829240750755e-6 2.5797419571996216e-6 -6.892117798210983e-9 9507.35078012793 7.387780849110245e8
8650 315091.72618347575 36.48587534752536 0.0007522542293596473 5.71987031776578e-7 2.9355827128858737e-7 0.0045688769664593565 3.3170206683585945e-6 2.562606443504145e-6 -6.892167363429647e-9 9507.350780127977 7.387780849110104e8
8700 316914.24544045015 36.421221708727465 0.000756633408742205 5.733234216693038e-7 2.940367696155017e-7 0.004740169088108814 3.4777185179413195e-6 2.588467645267545e-6 -6.9082014838474046e-9 9507.35078012796 7.387780849109972e8
8750 318734.3051815581 36.38692806782641 0.0007580507156982358 5.7466670210582e-7 2.944306938498746e-7 0.004946939789078897 3.5933242093499906e-6 2.574505710395414e-6 -6.937070277374206e-9 9507.350780127961 7.387780849109858e8
8800 320553.42660134606 36.383063262685475 0.0007557631184412608 5.756959440034471e-7 2.9476892207304414e-7 0.005151963845946739 3.6346411654286648e-6 2.5252841219791655e-6 -6.968205401756722e-9 9507.350780127932 7.387780849109794e8
8850 322373.1257360796 36.40936263639559 0.0007519497717830585 5.762094908451443e-7 2.949771688095414e-7 0.0052608390542445704 3.5915071814884847e-6 2.908374522103685e-6 -6.987545045560279e-9 9507.350780127927 7.38778084910957e8
8900 324193.9925847875 36.40391235572779 0.0007489079298008383 5.761976878999889e-7 2.94931235819674e-7 0.005257124200852559 3.6141299822045614e-6 3.060001217497499e-6 -6.9953845975777895e-9 9507.350780127987 7.387780849109457e8
8950 326013.49896130955 36.38178499018076 0.0007469058374090185 5.759109816319953e-7 2.9458735567571834e-7 0.005495396480455383 3.4118049613562906e-6 2.8913130499241824e-6 -6.9862744874138956e-9 9507.350780127937 7.387780849109317e8
9000 327832.6680302601 36.389878848303475 0.000745913975136802 5.757654992276531e-7 2.939113062727645e-7 0.005517224971754331 4.11751928985904e-6 2.657715549525541e-6 -6.96209142961122e-9 9507.350780127945 7.387780849109222e8
9050 329653.0177701061 36.42841205076471 0.0007456514197867796 5.761731715692039e-7 2.928084373538363e-7 0.005357437291422684 4.561182500306682e-6 2.6606003332707573e-6 -6.928616453589198e-9 9507.350780127937 7.387780849109099e8
9100 331476.06857428397 36.49726578484117 0.0007455060177742788 5.77388115443323e-7 2.913819559446907e-7 0.0051986114835926855 4.556409962053198e-6 2.8684680067891932e-6 -6.895641772783811e-9 9507.350780127927 7.387780849108946e8
9150 333303.32571993436 36.59595619108711 0.000746032175617868 5.794385844231046e-7 2.8981254048506266e-7 0.004895740855772601 4.068008891855435e-6 3.0227480260491824e-6 -6.865642280962319e-9 9507.350780127948 7.387780849108807e8
9200 335133.50561575213 36.56138326503181 0.0007485128185830785 5.821566601987287e-7 2.8832782265135836e-7 0.0046655905216539395 3.848240112014345e-6 3.208438305812855e-6 -6.8497673360423764e-9 9507.350780127947 7.387780849108716e8
9250 336959.17424832075 36.47210144343018 0.000752605803728754 5.851948061294315e-7 2.8718268969816264e-7 0.004463228791792062 3.4497870131100505e-6 3.2536280754613678e-6 -6.84884521142804e-9 9507.350780127965 7.387780849108593e8
9300 338781.14240037266 36.41285496971448 0.0007565369142082026 5.881620374322142e-7 2.865973929888089e-7 0.00459642158511997 3.6193856716715267e-6 3.1654542273495956e-6 -6.866225264924843e-9 9507.35078012793 7.387780849108454e8
9350 340600.9226278897 36.384006418742956 0.0007589782945171527 5.907091507316651e-7 2.8663825479483867e-7 0.004919495811236629 3.715965145367761e-6 2.977384358615609e-6 -6.89238243129753e-9 9507.350780127932 7.387780849108342e8
9400 342420.0364354306 36.38556318747083 0.0007592809494009717 5.925647279321997e-7 2.872436326449956e-7 0.005109278945838014 3.7255010684744683e-6 2.848426978452334e-6 -6.9220893862645644e-9 9507.350780127934 7.387780849108212e8
9450 344239.9972055284 36.417203211267264 0.0007580806843121356 5.935606096892868e-7 2.8827149192945686e-7 0.005199114455990639 3.664639689371363e-6 2.6715230582730065e-6 -6.9496485859242975e-9 9507.350780127947 7.387780849108088e8
9500 346036.82359753054 36.39817828345941 0.0007558381232381966 5.937737908198667e-7 2.895436097013217e-7 0.005404479676144547 3.7297050352047556e-6 2.733700940449335e-6 -6.964351685903827e-9 9507.350780127954 7.387780849107953e8
9550 347856.1698404843 36.381028255195304 0.0007522465346734809 5.935428473848705e-7 2.9085869084165864e-7 0.00548114904177055 3.5932710010511126e-6 2.7708809378634847e-6 -6.959424937628801e-9 9507.350780127927 7.387780849107838e8
9600 349675.42935023276 36.394157804938295 0.0007489208260282244 5.932489425722333e-7 2.919289449738564e-7 0.005332815308975114 4.179094799661165e-6 2.65947960853552e-6 -6.939433246047909e-9 9507.350780127941 7.387780849107676e8
9650 351496.12165333773 36.43773080348409 0.0007467617466952774 5.932867399855116e-7 2.9273994147531477e-7 0.005133456155817839 4.484952691286015e-6 2.4683618755627634e-6 -6.906877742163961e-9 9507.350780127965 7.387780849107592e8
9700 353319.7658822551 36.51157016261767 0.0007459261074317005 5.939467996187989e-7 2.934886234770074e-7 0.004944917005559546 4.3397876857143025e-6 2.660822330885493e-6 -6.8706857517137675e-9 9507.350780127968 7.387780849107451e8
9750 355147.86300637753 36.61512832443493 0.0007476576792878706 5.953513743360334e-7 2.941104366956131e-7 0.0047817180407037085 3.894955855843207e-6 2.718889683922532e-6 -6.842174444215592e-9 9507.350780127923 7.387780849107337e8
9800 356977.58915966423 36.54454668981928 0.0007515469646157241 5.974883689694503e-7 2.9457709828320217e-7 0.004582662400480331 3.5912222430267704e-6 2.6436450105415954e-6 -6.826030181420075e-9 9507.35078012795 7.387780849107181e8
9850 358802.54128999065 36.460198938432654 0.0007556979902231709 6.001460220974322e-7 2.950369979402309e-7 0.004583696883855737 3.4657360082346322e-6 2.772790923227797e-6 -6.825763991882281e-9 9507.350780127948 7.387780849107093e8
9900 360624.0420989022 36.405972405834795 0.0007589698855629273 6.029313952140496e-7 2.9554954948220053e-7 0.004847254500418785 3.6204751328594575e-6 2.8762320682246267e-6 -6.842668044107354e-9 9507.350780127932 7.387780849106973e8
9950 362443.606857485 36.3821686725103 0.0007603099333016971 6.054717535278055e-7 2.9613428619047333e-7 0.00508787960779955 3.74566137034682e-6 2.934977481772183e-6 -6.8729780731994005e-9 9507.350780127932 7.387780849106815e8
10000 364262.75686646 36.38873905532854 0.0007597140068170737 6.07466269925254e-7 2.968496562734239e-7 0.005216061259943672 3.778820638400404e-6 2.9284250313565963e-6 -6.909198746002086e-9 9507.350780127956 7.387780849106697e8
10050 366083.0025954913 36.425308889093 0.0007586035167831423 6.0877482525878e-7 2.9750497357102604e-7 0.005263272656065965 3.722945702389069e-6 3.142174201345438e-6 -6.939923828759886e-9 9507.350780127976 7.387780849106597e8
10100 367903.53003663936 36.39290666105386 0.0007577457223161191 6.095103295041162e-7 2.978692868383084e-7 0.00529947965469546 3.889234967191513e-6 3.350397201673516e-6 -6.957204722145322e-9 9507.350780127921 7.387780849106462e8
10150 369722.7497287946 36.381143716245106 0.0007569681745444349 6.100183648058565e-7 2.978586554930824e-7 0.005347208608327492 3.6872106427277007e-6 3.43830764859554e-6 -6.953818678731258e-9 9507.35078012795 7.387780849106306e8
10200 371542.15363944153 36.39971364332414 0.0007562824962660473 6.107027330190231e-7 2.97427012986303e-7 0.0052808179179919534 4.26990727175891e-6 3.3840851753619283e-6 -6.934707348904041e-9 9507.350780127967 7.387780849106191e8
10250 373363.2624669797 36.4487211096199 0.0007554444105764559 6.119158635834346e-7 2.9658133375554284e-7 0.005087940810426517 4.462955296768989e-6 3.335244939839388e-6 -6.902043082006569e-9 9507.3507801279 7.38778084910606e8
10300 375187.59344173066 36.52792515663085 0.0007542710728588229 6.137827575225135e-7 2.9549660502223783e-7 0.004946225807543669 4.20061788852788e-6 3.2253794085557175e-6 -6.867722691156048e-9 9507.350780127908 7.38778084910597e8
10350 377016.6414543004 36.63587177359168 0.0007540910093893018 6.162599595581751e-7 2.943263406277735e-7 0.004684260030899168 3.819534432125682e-6 3.1439223512896852e-6 -6.8406501888384955e-9 9507.35078012796 7.387780849105806e8
10400 378845.5445518972 36.52728124924658 0.0007561185510633839 6.192204028657283e-7 2.9320541975305456e-7 0.004509075580244826 3.413010332076194e-6 3.2039352418911093e-6 -6.825795286028886e-9 9507.350780127994 7.387780849105681e8
10450 380669.76926474913 36.448279926188796 0.0007598427676482806 6.224201758960214e-7 2.9228876314077835e-7 0.004602985102337698 3.6668890962543443e-6 3.1306927687491104e-6 -6.827772895656974e-9 9507.35078012792 7.38778084910558e8
10500 382490.8123218308 36.39948072382675 0.0007632622485003499 6.25487536466192e-7 2.9185808208692665e-7 0.004889535284746671 3.832817636884034e-6 2.9491581020058e-6 -6.843731988615503e-9 9507.350780127997 7.387780849105453e8
10550 384310.19136848353 36.381120611292864 0.0007647980296439733 6.280479857154255e-7 2.9200467970522566e-7 0.0051355937389416795 3.946095773976754e-6 2.7117125206976844e-6 -6.870089678747684e-9 9507.350780128003 7.387780849105327e8
10600 386129.4269766616 36.39309102768435 0.0007635745262346882 6.298463344603365e-7 2.9265792730991075e-7 0.005342177234979317 3.962689528180796e-6 2.5907851208262223e-6 -6.901940052783308e-9 9507.350780127954 7.387780849105172e8
10650 387949.9975302888 36.424959350771594 0.0007598545276919173 6.308334181757416e-7 2.9360703170655684e-7 0.0054971897516225 3.871229347585103e-6 2.7178597050148134e-6 -6.928078204797101e-9 9507.350780127934 7.387780849105101e8
10700 389746.2859055493 36.38887702572618 0.0007554099304397006 6.311739686041284e-7 2.9447002955290204e-7 0.005575317588409234 3.704178728691776e-6 2.809317598051475e-6 -6.938398701812569e-9 9507.35078012795 7.387780849104946e8
10750 391565.43142543343 36.38211749438732 0.0007518821892021266 6.312070280124434e-7 2.951447714114574e-7 0.005549069287098973 3.912737789157905e-6 2.7888680797505394e-6 -6.92835362583294e-9 9507.35078012794 7.387780849104816e8
10800 393385.0125791964 36.40573090210385 0.0007502921384160561 6.312701781994826e-7 2.957089792263527e-7 0.005392452233991207 4.386040023729443e-6 2.6337878286653016e-6 -6.902335734087236e-9 9507.350780127928 7.387780849104693e8
10850 395206.5506732479 36.45976657072204 0.0007503573308030613 6.317066565676672e-7 2.9615420017789603e-7 0.005281906553591398 4.4552154150889756e-6 2.5627171562070394e-6 -6.8662001664305716e-9 9507.35078012796 7.387780849104594e8
10900 397031.56066662475 36.54392354128855 0.0007507136398206639 6.327509313987145e-7 2.964534529440615e-7 0.005087514994102094 4.0745511119544275e-6 2.6930047992146378e-6 -6.8310524264984e-9 9507.35078012794 7.387780849104424e8
10950 398861.3354598655 36.61587820303446 0.0007512186290876641 6.345199024393141e-7 2.965911379006508e-7 0.004862015611251991 3.743218031593276e-6 2.642877552666567e-6 -6.802601925893821e-9 9507.350780127956 7.387780849104322e8
11000 400689.3616680625 36.5121296203014 0.0007528004818460316 6.36991074654955e-7 2.9647307285755144e-7 0.004657309083540895 3.5285480581292994e-6 2.5340281177566037e-6 -6.785645930697996e-9 9507.350780127903 7.387780849104208e8
11050 402512.95516040246 36.43809923154418 0.0007552705021720416 6.399682754960822e-7 2.96118352562985e-7 0.004524155461240298 3.7244807111203038e-6 2.5662036985535375e-6 -6.784245840581941e-9 9507.350780127965 7.387780849104096e8
11100 404333.61744056764 36.394335269248174 0.0007579642098360066 6.430376618824073e-7 2.9577090127426354e-7 0.004766352834394638 3.8933705986399225e-6 2.5633181182094233e-6 -6.800240584506169e-9 9507.350780127956 7.387780849103949e8
11150 406152.86783937085 36.38101551784105 0.0007601456720082494 6.457613047124135e-7 2.9565453248678883e-7 0.0050036503835144686 3.990847124435426e-6 2.5207085264378204e-6 -6.828469804839059e-9 9507.350780127934 7.387780849103817e8
11200 407972.2257722683 36.397976650921 0.0007608628745555397 6.478456682048124e-7 2.959024876571623e-7 0.0051868476566596655 3.9772721163733316e-6 2.7165768763659504e-6 -6.8588806835482855e-9 9507.350780127916 7.387780849103715e8
11250 409793.0003174937 36.41688740397537 0.0007598950136533656 6.492611719642998e-7 2.9644295762498803e-7 0.005278977948819374 3.8455806671278125e-6 3.0412992795408877e-6 -6.8803664936621765e-9 9507.350780127967 7.387780849103574e8
11300 411612.91884600883 36.385451894596024 0.0007578276868091229 6.502495894486773e-7 2.969655332699532e-7 0.005370132146254036 3.7154545591833177e-6 3.1967140470962052e-6 -6.8899154273548954e-9 9507.350780127917 7.38778084910346e8
11350 413432.03085241286 36.38410422245688 0.0007556086151351391 6.512121873016998e-7 2.97094805948364e-7 0.005412891047399171 3.9784827100541875e-6 3.042062470003104e-6 -6.881254046105743e-9 9507.35078012795 7.38778084910333e8
11400 415251.8501787946 36.41316282339899 0.0007537676673442087 6.524709013884921e-7 2.96721670477459e-7 0.005315703206633771 4.368391971598662e-6 2.8950053260756725e-6 -6.859957313229817e-9 9507.350780127914 7.38778084910319e8
11450 417073.89827245154 36.472616422258994 0.0007530233124975334 6.542660234500418e-7 2.9592806619465347e-7 0.005140546964412351 4.347437196849935e-6 2.979517130852205e-6 -6.8238011278588846e-9 9507.350780127947 7.387780849103056e8
11500 418899.6870727581 36.56209813434412 0.0007539017017849964 6.567100282036379e-7 2.948646289277315e-7 0.004960868531725282 3.889780715693458e-6 3.233370393596058e-6 -6.787444246666888e-9 9507.350780127954 7.387780849102976e8
11550 420729.9119865299 36.59518522265529 0.0007563022423409482 6.597831299940223e-7 2.9380503821030786e-7 0.004803973592061084 3.607003041472545e-6 3.453358856597699e-6 -6.757417980605454e-9 9507.35078012796 7.387780849102851e8
11600 422557.03687199735 36.49669179850586 0.0007594174327412986 6.633073367695272e-7 2.93013174861005e-7 0.00464835881439285 3.502630233465087e-6 3.5254970363607363e-6 -6.743500349586593e-9 9507.350780127921 7.387780849102712e8
11650 424379.995333356 36.42804337373902 0.0007625679494544183 6.669751031886778e-7 2.9262750533516373e-7 0.004485672673808949 3.7672098853747116e-6 3.4595708869322728e-6 -6.7478011038911905e-9 9507.35078012793 7.387780849102613e8
11700 426200.29343411827 36.38971942377743 0.0007653225261915727 6.703913874506776e-7 2.926695817378215e-7 0.004859373654653609 3.936953610506055e-6 3.2687162272448944e-6 -6.773157276037053e-9 9507.350780127948 7.387780849102479e8
11750 428019.4517816612 36.38183481003071 0.0007671509720890613 6.732558791367573e-7 2.931095140266358e-7 0.005099130373082517 4.016189062816533e-6 3.151513648158577e-6 -6.805171879609868e-9 9507.350780127968 7.387780849102316e8
11800 429838.98804001394 36.40416768813021 0.0007672536784396822 6.754226832506196e-7 2.939772987359744e-7 0.00520263667499421 3.9716874972728355e-6 2.981021923031957e-6 -6.838841618798763e-9 9507.35078012796 7.387780849102186e8
11850 431659.86202961067 36.40908258291474 0.0007654132607309146 6.768779875875644e-7 2.9517719938005837e-7 0.005335755035957845 3.7855910545170346e-6 2.6818426308583554e-6 -6.8610686711101345e-9 9507.35078012795 7.387780849102075e8
11860 432000.0 12.491447349137161 0.000764850879073298 6.770827578724425e-7 2.954176393818122e-7 0.005350310303128936 3.7327707611001237e-6 2.611754965575752e-6 -6.864501383173692e-9 9507.35078012791 7.387780849102055e8
