#timestep time dt l2_h l2_h_vcon1 l2_h_vcon2 linf_h linf_h_vcon1 linf_h_vcon2 dsdu_ut entropy h_squared 
0 0.0 100.0 0.0 0.0 0.0 0.0 0.0 0.0 -1.6386197586435212e-13 7.387780641008914e8 1.0400221549049306e8
200 6541.466284454262 32.63737956677001 0.03792606588355277 1.5524618140831275e-5 1.825492313386409e-5 0.31070411636483186 0.00011703721936207057 9.18585819170703e-5 -2.3572502600847446e-5 7.387780639677374e8 1.04002215420867e8
400 13072.016726949889 32.64184832436279 0.03911641318207792 2.4578010781338896e-5 2.20681927462893e-5 0.3254339707239069 0.00016014162808741794 0.0001304962331162285 -2.2128087851259317e-5 7.387780638230215e8 1.0400221545106919e8
600 19604.782164322718 32.73854632003756 0.04009094940362754 3.227632492160866e-5 2.5340260981599492e-5 0.3231515975523962 0.00020000617047877256 0.00015428870369851855 -2.2249353390452735e-5 7.38778063678621e8 1.0400221554876149e8
800 26154.213906617846 32.66193207953816 0.0398292229252821 3.878103879178202e-5 2.6760416118930476e-5 0.36117321868232466 0.00025621827214328263 0.00019453290491833197 -2.2404869311045706e-5 7.387780635320752e8 1.0400221557391861e8
1000 32684.266849381765 32.67523983863995 0.039185602744994955 4.410387299755174e-5 2.714230615504538e-5 0.40015862267182456 0.0002505265091555797 0.00021798836229658392 -2.22514355025227e-5 7.387780633861841e8 1.0400221548720634e8
1200 39214.081340082186 32.67686019488918 0.03959795036797282 4.8285815058951825e-5 2.7826495391724618e-5 0.3801944172294043 0.00023757184420147848 0.00022023754913713667 -2.2305097607217757e-5 7.387780632406532e8 1.0400221535015786e8
1400 45764.74092232574 32.7142266228662 0.040036970339126045 5.140783765945377e-5 2.9218845431077678e-5 0.3233946976847619 0.00027619784307342243 0.0002350977095426643 -2.2338523804843553e-5 7.387780630940384e8 1.0400221525031471e8
1600 52295.83426325945 32.65056249400708 0.03967506268132826 5.373013906863349e-5 3.112478778077471e-5 0.404030833177103 0.00032621950237121666 0.00024672888662913284 -2.2083903242922363e-5 7.387780629488733e8 1.0400221527454795e8
1800 58826.277670134594 32.64273312991363 0.03952626235159683 5.5801454648181004e-5 3.2914450027159415e-5 0.41113344403220253 0.00025294087642813157 0.00023907748294282882 -2.197759730599648e-5 7.387780628052644e8 1.040022153559945e8
2000 65371.429000593256 32.79290929736204 0.03909623411280238 5.813448763079071e-5 3.3551161342545814e-5 0.33025317410101707 0.00023937838307386272 0.00022212995057502294 -2.19324778168736e-5 7.387780626616142e8 1.0400221537703131e8
2200 71908.97321765614 32.635641517531894 0.03814620238068722 6.083105931333023e-5 3.311393010298793e-5 0.333978236085386 0.0002942675235084735 0.0002535754496371112 -2.1547320262652605e-5 7.387780625193021e8 1.0400221533991072e8
2400 78439.61382373016 32.63682963791924 0.0380353329313752 6.35800530476202e-5 3.301208498824423e-5 0.29819033365629366 0.0003151353827506309 0.0002764370410460737 -2.143132306245763e-5 7.387780623791109e8 1.0400221522435e8
2600 84975.03237644359 32.76944330252856 0.03909458924415477 6.585547590263102e-5 3.339124934324578e-5 0.28171267284301393 0.000286046051473976 0.00028727769463532393 -2.1740134309890333e-5 7.387780622382745e8 1.0400221509549218e8
2800 91522.17757573842 32.6490991108078 0.03968785776979347 6.740956611085171e-5 3.4016323945301615e-5 0.27159588684662594 0.00031350583499545337 0.0003108916253508065 -2.1573274024555896e-5 7.387780620965513e8 1.0400221509407103e8
3000 98052.48455269994 32.659169550413495 0.03938694445683574 6.881239274765657e-5 3.526577524585862e-5 0.31756971025197345 0.00034496493121338734 0.00028586334846825157 -2.131967178708786e-5 7.387780619563882e8 1.040022151652668e8
3200 104582.80168298399 32.69756329135275 0.04022929556760189 7.047456389745715e-5 3.643738876477152e-5 0.32727101415798643 0.00033586750687253364 0.00024157473855265787 -2.1555137589943426e-5 7.387780618164922e8 1.0400221517552276e8
3400 111133.78877323175 32.69074187744755 0.04018680386162712 7.246739187938103e-5 3.618113950919145e-5 0.278000629479493 0.00035518161215231103 0.00029683897287791083 -2.1458221815058587e-5 7.38778061675438e8 1.0400221517211802e8
3600 117663.84040579392 32.66371645777095 0.03920760427913445 7.475151822561084e-5 3.5112328200366236e-5 0.345995558697723 0.0003544977439898789 0.0003503173857749564 -2.1195026619091737e-5 7.38778061536107e8 1.0400221513865675e8
3800 124194.07636126538 32.652768352017134 0.03963136709412651 7.684887236603606e-5 3.4538810907806514e-5 0.33532520201993066 0.00034116271602180337 0.00035884325308921383 -2.1357332680185865e-5 7.387780613974146e8 1.0400221499820526e8
4000 130714.68915812032 32.76061904592819 0.04017673434296967 7.830868803021823e-5 3.469786455947077e-5 0.3046298951053359 0.00036368859600888204 0.00036608460588294367 -2.1445678771691013e-5 7.387780612576107e8 1.0400221489075683e8
4200 137249.19014829033 32.6378528173065 0.03977780982898504 7.937804390415795e-5 3.575967307946668e-5 0.3376756441184625 0.0003793636107755072 0.00036586789505521633 -2.1132261572409396e-5 7.387780611184605e8 1.0400221494098584e8
4400 143779.81305115833 32.63572540356983 0.039803921805735144 8.043792459564278e-5 3.730564231112587e-5 0.3504981687126474 0.00037983479759329253 0.00028772260769371893 -2.1172155292777034e-5 7.387780609806893e8 1.0400221502114329e8
4600 150318.54353258474 32.80292541923412 0.040237444715314166 8.168182319964288e-5 3.7841579968888106e-5 0.3127943795518604 0.0003861531092861359 0.00026564225041558753 -2.138880452074496e-5 7.387780608413597e8 1.0400221504398243e8
4800 156862.6175150478 32.6409360264364 0.039689678867548234 8.343052432357695e-5 3.693741101912069e-5 0.2931929139813292 0.00039771713971292755 0.000338526802599437 -2.1050214451264747e-5 7.387780607022731e8 1.0400221499563386e8
5000 163393.11204562028 32.64754010073295 0.03934715625914102 8.540827173018464e-5 3.613919052802885e-5 0.31436294952777644 0.00036564183104115244 0.0003920610185437212 -2.0914195396297294e-5 7.387780605655793e8 1.0400221485224265e8
5200 169924.68559939513 32.72128780135227 0.04012364164071198 8.691298273528754e-5 3.619946150971634e-5 0.3254329807175509 0.00038277108877349253 0.00039497436533875163 -2.1254697467347264e-5 7.38778060427801e8 1.0400221473994409e8
5400 176475.06266686931 32.67215355673843 0.040330897167747494 8.77529794985933e-5 3.712194753231649e-5 0.2843217892609573 0.0003972916675998306 0.0003921608793844289 -2.113834999076762e-5 7.387780602886268e8 1.0400221475357696e8
5600 183004.91537276155 32.68030115719068 0.03981472202990528 8.841948183178646e-5 3.873500875997172e-5 0.31446878241058585 0.00039079620719639774 0.00035852355047483186 -2.0900264010428282e-5 7.387780601516293e8 1.0400221482987586e8
5800 189534.87839875926 32.666281960149455 0.04044554663539237 8.919573723120087e-5 4.0089848990633514e-5 0.33073304231606926 0.0004140611193035326 0.00023939179473014827 -2.120091035429361e-5 7.387780600143474e8 1.0400221487809604e8
6000 196084.86234237015 32.730966034100334 0.04071507373204618 9.026795054297724e-5 3.998611515904199e-5 0.30231845161620186 0.00041984130854166857 0.0003303817883727467 -2.1245068911379164e-5 7.387780598749988e8 1.0400221484031866e8
6200 202616.99811184718 32.644126990616904 0.03992324740531619 9.177365343219461e-5 3.8890487317220846e-5 0.31515767747509926 0.00041075803255130605 0.00038883878562545604 -2.0933122341386344e-5 7.387780597372539e8 1.0400221471382348e8
6400 209147.52761327763 32.638868714952125 0.04018986655704226 9.331181723681906e-5 3.816617210315096e-5 0.32059043186882263 0.0004023615921021628 0.00042489344097518256 -2.108811009180566e-5 7.387780596004146e8 1.0400221461001244e8
6600 215690.41466646534 32.81630593945466 0.04071474166626813 9.431054448260978e-5 3.820366092111788e-5 0.3257301745652512 0.0004237842777146117 0.00042963531836315294 -2.126794880817947e-5 7.387780594615554e8 1.0400221459650455e8
6800 222230.40119080924 32.636347489762535 0.04031761393493379 9.486282097804653e-5 3.907021562650167e-5 0.30174706267143847 0.0004225520811287353 0.0004097641745159919 -2.093110990980288e-5 7.38778059323458e8 1.0400221462663686e8
7000 228760.98767755547 32.63958119917115 0.04008958657344205 9.544157479323698e-5 4.050709687345941e-5 0.3328767018633698 0.0004127128248178069 0.0003533567596518683 -2.093835779361628e-5 7.387780591871189e8 1.0400221466465499e8
7200 235294.67614333698 32.74980006048566 0.040730756596969765 9.62335034223035e-5 4.114129758267315e-5 0.3303745859368519 0.00042873488443728736 0.000269337544656606 -2.127644198690061e-5 7.387780590490624e8 1.0400221468375026e8
7400 241843.439645776 32.6568858753371 0.04046271315132035 9.749396968679573e-5 4.017923864180959e-5 0.2710051236244908 0.00044177905832520903 0.00038264651392555526 -2.103468114886075e-5 7.387780589101549e8 1.0400221461847353e8
7600 248373.58980027158 32.668651336038096 0.03989851658864693 9.912125693032841e-5 3.888000379586594e-5 0.30591272264905456 0.0004112544889443015 0.0004158475198757783 -2.0821362770626113e-5 7.387780587738112e8 1.0400221449377069e8
7800 254903.50618397072 32.68431958108645 0.04053589435432175 0.00010047612008968638 3.8255844007578466e-5 0.343778751757327 0.00042138921056411593 0.0004373409358073843 -2.1153053870148955e-5 7.387780586368299e8 1.0400221439976376e8
8000 261426.8068570695 32.70605951689832 0.04077397707580846 0.00010120880621532003 3.847869400339251e-5 0.31373857653375126 0.0004581259251132952 0.0004555363866489692 -2.1083686533620885e-5 7.387780584986864e8 1.0400221439981927e8
8200 267957.44327454176 32.6542021207672 0.04010134841888983 0.00010172341357343085 3.9676761896781895e-5 0.31373240544530745 0.000444612142058487 0.00042426087821700875 -2.072192607924221e-5 7.387780583624039e8 1.040022144991535e8
8400 274487.8113868342 32.64579650117477 0.04047797882122278 0.00010234017953995716 4.1062537452624866e-5 0.32667421262590324 0.0004318501626346949 0.0003173398235263858 -2.0978216768429576e-5 7.387780582265477e8 1.0400221454869147e8
8600 281034.12775200757 32.78170798205578 0.04098039695960749 0.0001031836054145026 4.110284293623001e-5 0.3314602352741076 0.0004489836785994683 0.00035571538670609026 -2.1152147490779044e-5 7.387780580883003e8 1.0400221446634838e8
8800 287570.56708759 32.63590818889772 0.0403468184002187 0.0001044798191311673 3.992374630536274e-5 0.2942269973216298 0.0004539266680052556 0.0004018645615537775 -2.077010284074298e-5 7.387780579512323e8 1.0400221434917116e8
9000 294101.1859010455 32.63603657431728 0.040260402682265294 0.00010593623975996645 3.899790329627503e-5 0.3236868099231742 0.0004024986680336573 0.0004270536914723344 -2.08346042913069e-5 7.387780578157879e8 1.0400221425324787e8
9200 300637.7085972521 32.7809981729907 0.04090902139746538 0.0001068741931141983 3.8905042537136405e-5 0.3541237603335503 0.00043389521834025224 0.00044270203402285713 -2.11113302349729e-5 7.387780576784568e8 1.0400221421380864e8
9400 307183.96268696076 32.64599484611593 0.0405977011103003 0.00010731428896986417 3.97251727524871e-5 0.2714147674555534 0.0004602253785711552 0.0004491943279659738 -2.0806414963537673e-5 7.387780575409861e8 1.0400221430108194e8
9600 313714.3288474964 32.65456076612801 0.04012021246646812 0.00010775696381646027 4.124869049602971e-5 0.31762206686357786 0.00042100511887799286 0.000397387781526648 -2.0680893735854064e-5 7.387780574059004e8 1.040022143884907e8
9800 320245.004893878 32.705597991283916 0.040788441661794704 0.00010835902910479999 4.216321373789814e-5 0.3478570942074839 0.0004465901645226422 0.00026353695225285467 -2.104184704427556e-5 7.387780572696258e8 1.0400221431464612e8
10000 326795.9473008528 32.6840834774296 0.04073568232735634 0.00010930665858229428 4.152685985979309e-5 0.317059123619174 0.00045055792423709384 0.00041247849115089164 -2.0884024074297052e-5 7.387780571318932e8 1.0400221418846634e8
10200 333325.8395624925 32.66879767103349 0.04009400094046006 0.00011066398534903326 4.0388937383380234e-5 0.31119280705252095 0.0004383311520815836 0.0004093624276172436 -2.0597284359059655e-5 7.387780569967709e8 1.0400221412761469e8
10400 339855.9756714834 32.65711896996308 0.040574429148472 0.00011192322917160962 3.983346189693977e-5 0.34364193766236895 0.0004481343636523194 0.00043050869234395606 -2.093810643508101e-5 7.387780568613737e8 1.0400221407698488e8
10600 346404.8812436097 32.74948299631548 0.040979268416601156 0.00011260499616576067 4.0016816085680645e-5 0.34589613090383864 0.00044157637424502294 0.00043961072836806725 -2.1007902929508625e-5 7.387780567236152e8 1.0400221407901043e8
10800 352938.430540695 32.63958031306458 0.04033649238165184 0.00011302574013706525 4.1045155158580324e-5 0.30892039889340595 0.00044322395135643067 0.0004260513711460412 -2.0628118253187827e-5 7.387780565876973e8 1.0400221415727791e8
11000 359469.0044118084 32.636429171652985 0.04044200094474096 0.00011353252457931714 4.235393296723864e-5 0.32935221853995245 0.00043645959989335736 0.0003483426026065217 -2.082222743511954e-5 7.387780564527386e8 1.04002214172054e8
11200 366009.2537821039 32.81706360006012 0.04108380684570888 0.00011419529196373685 4.25660934808326e-5 0.36239978755270386 0.00048270179034248795 0.00033610662562549853 -2.1089895751620428e-5 7.387780563153622e8 1.0400221409545983e8
11400 372551.9190653027 32.63874447575644 0.040612458311229144 0.00011525602364585998 4.1477333792035085e-5 0.2709331968922015 0.00044916177983067573 0.00043359548014593186 -2.0705569573502467e-5 7.387780561784405e8 1.04002213985191e8
11600 379082.43314324337 32.6440068103927 0.04029193154180056 0.00011655454278725664 4.044934355661499e-5 0.3233338282495879 0.00044161614337090427 0.00043297225911254067 -2.067176902631226e-5 7.387780560437536e8 1.0400221388222025e8
11800 385614.7043891226 32.731577064873974 0.04101998848938028 0.00011744743069113934 4.011380423320208e-5 0.37161504514756416 0.0004873212471041555 0.00044527144609818325 -2.105861765193374e-5 7.38778055907331e8 1.0400221387563297e8
12000 392136.9998672907 32.66669569580129 0.04085208808327255 0.00011781452274837679 4.056920106703809e-5 0.31049078899786764 0.000461057024093825 0.0004536426773253943 -2.0827671580826282e-5 7.38778055770331e8 1.040022139691497e8
12200 398666.94158675126 32.68064417321884 0.04024239850612604 0.00011814151238469699 4.1864580915139435e-5 0.31734892355711963 0.00044117526280362807 0.00041911878665579216 -2.056528077043573e-5 7.387780556355412e8 1.0400221401729496e8
12400 405196.79987195996 32.67195818248081 0.04076731575199007 0.00011860784858476196 4.287055111813253e-5 0.3535972936181224 0.0004931156116226854 0.0002968383664422175 -2.0941393525132106e-5 7.387780555001549e8 1.0400221395737061e8
12600 411747.2561381644 32.72207365175479 0.040982007634004065 0.00011931150600645096 4.2390817995687535e-5 0.3494522136879823 0.0004785763243424501 0.000405597216612541 -2.091571540408265e-5 7.387780553626218e8 1.0400221383810325e8
12800 418278.79206407006 32.64708836567296 0.040265275573950286 0.00012041730274832405 4.11908656157051e-5 0.3046821503407955 0.0004721988515372644 0.0004168637803076969 -2.049857969152055e-5 7.387780552275585e8 1.0400221371805078e8
13000 424809.2625064306 32.64087300550082 0.040523459708962484 0.00012154148232828935 4.054779754434327e-5 0.3334858228320172 0.00047864696814925445 0.0004398749090185339 -2.073624985847862e-5 7.387780550932866e8 1.0400221369098105e8
13200 431353.4681238006 32.80412440719535 0.0411216747742091 0.00012213616974858158 4.069331445331085e-5 0.3696437125374814 0.0005123127619939272 0.000453828566509884 -2.0944481975834763e-5 7.387780549565388e8 1.0400221377971795e8
13400 437892.16226250166 32.635755044912685 0.04054322296286756 0.00012240256712753428 4.1705506040118915e-5 0.2913553803848572 0.00046782831068648 0.00045265318370024676 -2.0529669599531983e-5 7.387780548208516e8 1.0400221384002069e8
13600 444422.7557135419 32.6378934569862 0.04039330670193573 0.0001227483239913663 4.324131070934788e-5 0.33292292295141124 0.0004650811345928707 0.0003854202861057754 -2.059228394192513e-5 7.387780546870384e8 1.040022137897118e8
13800 450957.3567781108 32.760371224255515 0.04110527184440807 0.00012324649183138235 4.379461123792897e-5 0.3788735789605653 0.0005372894325873512 0.0003095796471383472 -2.0973685879195623e-5 7.387780545509913e8 1.0400221368486921e8
14000 457505.38020680647 32.652710453259445 0.04084859045127086 0.0001240746994190446 4.289690107011837e-5 0.3042064557168942 0.0004693181586390427 0.0004389312791645006 -2.0649941367034293e-5 7.387780544143525e8 1.0400221358935751e8
14200 464035.6018888649 32.663259515097415 0.04032928818208499 0.00012519581211703016 4.1910726188846066e-5 0.32708049146299345 0.0004790884933006945 0.00044056733572050977 -2.047454675335062e-5 7.387780542804972e8 1.0400221354835884e8
14400 470565.69610546116 32.69135436213361 0.04100233017541531 0.00012603286057266268 4.1635759931240125e-5 0.3750742020645248 0.0005320060718818631 0.0004581071203828557 -2.0920588268849326e-5 7.387780541453865e8 1.0400221355636632e8
14600 477116.7780554287 32.697547708085125 0.04104937878345101 0.0001263154147057907 4.208652814310088e-5 0.3461980719398525 0.0004978000467462662 0.0004738820481586803 -2.082699156535822e-5 7.387780540081662e8 1.0400221359987187e8
14800 483647.0419899411 32.65902694943194 0.040357517461989845 0.00012649094332666745 4.33449215861941e-5 0.3164069725535228 0.0004778672518559457 0.00045182676502852903 -2.0453011375231512e-5 7.387780538736631e8 1.0400221364510219e8
15000 490177.32920399064 32.64956947953501 0.040727940934214675 0.00012681414128810486 4.458449746080045e-5 0.35054154297108653 0.0005240435593251158 0.0003346214733154773 -2.0795848606306525e-5 7.38778053739293e8 1.0400221358864175e8
15200 496724.74367427494 32.769424041129064 0.04121843083890152 0.00012732573003193984 4.441262751254708e-5 0.3765890643419425 0.0005343488274806019 0.0003853351623380741 -2.0940966729347587e-5 7.387780536022224e8 1.040022134364652e8
15400 503260.0219893217 32.63671959007343 0.04055083429950631 0.00012821610754051936 4.322327155388875e-5 0.28911622858868213 0.0004912225400597325 0.0004387757587042129 -2.049294267462249e-5 7.387780534668401e8 1.0400221335058011e8
15600 509790.6195643568 32.635682811293854 0.04059479182517709 0.00012924756448726217 4.2398870882735335e-5 0.324092393312867 0.0005023490324750357 0.0004566392821161447 -2.0635519593243866e-5 7.387780533330082e8 1.0400221336486183e8
15800 516328.44163746014 32.794047399649905 0.04128140283422258 0.00012981170158080674 4.229690678465489e-5 0.3885513236150473 0.0005613099144717859 0.0004734570269449012 -2.0978985929085567e-5 7.38778053196665e8 1.0400221340685163e8
16000 522845.96166479675 32.643117579145624 0.04086378636295388 0.00012994649866464143 4.302571666226118e-5 0.2983403183304745 0.0004920327079316333 0.0004738397622769952 -2.0604583333737977e-5 7.387780530608678e8 1.040022134660278e8
16200 529376.374114604 32.65052164413131 0.04042450021736866 0.00013012785843242398 4.447364309508619e-5 0.33418337088141925 0.000502062316456442 0.00041480103320490347 -2.0498860037144013e-5 7.387780529271122e8 1.0400221345903444e8
16400 535907.495963524 32.71392441676422 0.041145886432409344 0.00013045532513688738 4.5275526674819204e-5 0.38858777217819807 0.0005633479375265482 0.00028140109925951784 -2.0931745531050516e-5 7.387780527917539e8 1.0400221330229834e8
16600 542458.2337675829 32.677683350590755 0.041120920238207105 0.00013105991665876963 4.4491407298202636e-5 0.34349194060291666 0.0005130734637536216 0.00044108936333797644 -2.0735806482347874e-5 7.387780526548127e8 1.0400221316512927e8
16800 548988.0559829692 32.674497782973866 0.04043359434519246 0.0001320210011911255 4.328782708538725e-5 0.32216755270201247 0.0005161044381267743 0.0004568296528051352 -2.041174788067853e-5 7.3877805252082e8 1.0400221318068616e8
17000 555518.0965414816 32.66188825063002 0.040975055685157254 0.00013284923512720578 4.275884953801782e-5 0.37234428924125496 0.0005529581792287352 0.0004911037138050078 -2.081708836366199e-5 7.387780523864405e8 1.0400221323978876e8
17200 562067.6659617644 32.73967828666595 0.04126247708991859 0.00013311195220883453 4.299573594556839e-5 0.37622905308398913 0.0005471224380703132 0.0005060502717595394 -2.086912456896436e-5 7.38778052249446e8 1.0400221327829364e8
17400 568600.4382887296 32.641703000270546 0.04055201669617576 0.00013316943580566324 4.414381529557843e-5 0.3037376892430075 0.0005182563815808727 0.00047897341283398287 -2.0417199184401304e-5 7.387780521147188e8 1.0400221326780654e8
17600 575130.9792957089 32.63757007388407 0.04071076361969755 0.00013337312741249486 4.558171347981799e-5 0.3405521329439125 0.0005301908162966829 0.00037173285504643605 -2.065482497453176e-5 7.387780519810436e8 1.0400221316362506e8
17800 581672.6757345818 32.828002394872385 0.041330777705145046 0.00013373176985522094 4.5772232534604116e-5 0.3967589442947883 0.000577215448339663 0.0003514505439482507 -2.0937794448717393e-5 7.387780518446267e8 1.0400221305226351e8
18000 588213.9420266851 32.637270989139665 0.04080324239993409 0.00013446825022545876 4.46025566014524e-5 0.286480954422359 0.0005259239919916947 0.00044911280190562675 -2.049689017857588e-5 7.387780517089251e8 1.0400221301507439e8
18200 594744.4849929591 32.641451671696096 0.040554871782265696 0.00013544061272531514 4.360755697033828e-5 0.3249254339714298 0.0005341362656395843 0.00047730608002771735 -2.0491070501194263e-5 7.387780515755843e8 1.0400221301695138e8
18400 601277.4904735348 32.74126145858431 0.041295833072779335 0.00013602164310759949 4.3397978989569436e-5 0.39983442225207 0.0005889893578001626 0.0004976891666704786 -2.0926487713426e-5 7.387780514401196e8 1.0400221306025514e8
18600 607826.8881534506 32.66108607799571 0.04108779216270581 0.00013610238635255166 4.401934576524282e-5 0.3360022781857879 0.0005285230616319803 0.000500013274372213 -2.0645286556679508e-5 7.38778051303546e8 1.0400221311248271e8
18800 614356.9411156855 32.6736778465713 0.040488297759056914 0.00013616478402635318 4.5500033297160434e-5 0.3265075379094924 0.0005352361831186814 0.0004516698005252451 -2.039683501891918e-5 7.387780511699597e8 1.0400221305374734e8
19000 620886.7953740145 32.678763477085816 0.041145501974306255 0.00013637024380827595 4.661884689619984e-5 0.3886119833882731 0.0005774499498517605 0.0003060892398232193 -2.0839976242994086e-5 7.387780510354387e8 1.0400221291283737e8
19200 627437.6218669881 32.71259740170038 0.041320435215722984 0.0001368102608371397 4.609315195023206e-5 0.3730824036933882 0.0005625832852657053 0.00042923858837518036 -2.079402789352965e-5 7.387780508985739e8 1.0400221282827215e8
19400 633968.5934453841 32.6509820788249 0.04061842555130922 0.0001376477312947695 4.479267571843629e-5 0.31200719695243606 0.0005409547726195063 0.0004481294823459603 -2.0373782599775687e-5 7.387780507643824e8 1.040022128179414e8
19600 640499.000153038 32.64364513443689 0.04093395192757126 0.00013848784208032484 4.405867371015418e-5 0.36206618589176287 0.0005633899089276806 0.0004805635200106906 -2.0698170270609638e-5 7.387780506306516e8 1.040022128664056e8
19800 647044.5279004866 32.790921024815745 0.04144995068627301 0.00013878040292991317 4.4117253516116396e-5 0.39759896249120175 0.0005909234934526886 0.0004997500286989531 -2.090213409882046e-5 7.387780504940715e8 1.0400221294131799e8
20000 653554.395114481 32.63560970905194 0.040833133218103855 0.00013877012752169565 4.508015292610705e-5 0.2847855614174932 0.0005457650308882123 0.00048222190789570796 -2.043875262954956e-5 7.387780503594431e8 1.0400221291892093e8
20200 660084.9941744236 32.63670573599412 0.040720946435010785 0.00013887709032529152 4.658948575837624e-5 0.32578364341247834 0.0005532906059462217 0.0003950377594162946 -2.0533094430567798e-5 7.38778050226167e8 1.0400221277723087e8
20400 666620.5943517787 32.771304409577446 0.04143578573680341 0.00013913424568814904 4.706903581075002e-5 0.40709768444344263 0.0006089469439313211 0.00031968809654542296 -2.092751202583286e-5 7.387780500903987e8 1.0400221264591739e8
20600 673167.75296095 32.648977823722014 0.04108983030227734 0.00013973107827588638 4.5971662785973285e-5 0.32753726134615135 0.0005499298651340245 0.0004582496216808396 -2.0562320488308252e-5 7.387780499542186e8 1.0400221263229859e8
20800 679698.0458766326 32.65839979221282 0.040611952100557236 0.00014064482999201041 4.476543761817784e-5 0.3210097115922963 0.0005564641217659094 0.0004720611753391557 -2.0399903320909805e-5 7.387780498209293e8 1.0400221270817605e8
21000 686228.4201442949 32.698865472222074 0.04130078479438888 0.0001412759403104925 4.4341169997689836e-5 0.3998258213794088 0.0006076249389985744 0.0004999157995536629 -2.0869753418480683e-5 7.387780496861855e8 1.0400221275165641e8
21200 692779.5092508112 32.6903026973487 0.04133767700792198 0.0001413470600416002 4.475163298408243e-5 0.36899346778909603 0.0005874515737513963 0.0005074841642608297 -2.072580435142273e-5 7.387780495494307e8 1.0400221271493071e8
21400 699309.5373820697 32.663934168577406 0.04065911934187018 0.00014132220444851247 4.608783084178644e-5 0.3155251726766437 0.0005579012766309122 0.00046887187299360367 -2.034168571018696e-5 7.387780494156715e8 1.040022126448818e8
21600 705839.7503341986 32.653471314841376 0.04109701918563979 0.00014143835453736447 4.739342637715376e-5 0.3804559944687753 0.0005847181182512262 0.0003297919153311679 -2.0723686031296978e-5 7.387780492818933e8 1.040022125481074e8
21800 712388.0359484353 32.7587970529524 0.04152767408566472 0.00014175482397212822 4.714328373721649e-5 0.3985813792417048 0.0006074576713906987 0.00039764119561080946 -2.0839238936446097e-5 7.387780491453236e8 1.040022124578826e8
22000 718922.3710713636 32.638023600618666 0.04085928681410939 0.00014248337994747132 4.579327282938754e-5 0.29248087205473894 0.0005594543163682797 0.0004550157417285705 -2.0368854871629485e-5 7.387780490107526e8 1.0400221247394527e8
22200 725452.9590102589 32.6359432623315 0.04091010702538637 0.00014332761295736946 4.4890437307347234e-5 0.3446957223206937 0.0005671025524105477 0.00048028865574867297 -2.056233671419326e-5 7.387780488775806e8 1.040022125541835e8
22400 731992.0586909674 32.80627959353835 0.04159381578311403 0.00014367127737903947 4.4799895435201934e-5 0.413821677438591 0.0006355802667759036 0.0005003805471572864 -2.0902285795059277e-5 7.387780487416592e8 1.0400221256178449e8
22600 738535.9184194236 32.640500570375806 0.04111561695754408 0.0001436153737278967 4.56035280484459e-5 0.3142181811776936 0.00056598337120084 0.0004932329045188588 -2.047751572905546e-5 7.387780486060019e8 1.0400221250772676e8
22800 745066.3908942398 32.64670254601611 0.04075614126449687 0.00014363439274299352 4.712077369888948e-5 0.32419713860440424 0.0005726785583163307 0.0004239895202532429 -2.0414758892937483e-5 7.387780484729867e8 1.0400221242000535e8
23000 751598.1302131711 32.723714096953394 0.041469945956914805 0.0001437987999134517 4.7881187486252005e-5 0.41267791681866584 0.0006353101915901327 0.0002948431335215579 -2.087078078819454e-5 7.38778048338029e8 1.040022122933463e8
23200 758148.5075309192 32.67111544079482 0.041370601114055106 0.00014426302987665684 4.697035760631745e-5 0.36223011943638994 0.0005946334891813176 0.0004541894623815712 -2.0630204490489548e-5 7.387780482016374e8 1.0400221225779071e8
23400 764678.3735187659 32.681486097728786 0.04071512005644999 0.00014508452001438043 4.569714741149057e-5 0.3147524858172801 0.0005758890459482968 0.0004601457364525885 -2.0329546042690543e-5 7.387780480683006e8 1.0400221234985563e8
23600 771208.3142841415 32.66776244916478 0.041288718061051576 0.00014574165293761225 4.5134578089626575e-5 0.3955449713826056 0.0006210761597786885 0.0004951110588404806 -2.07733160040287e-5 7.387780479342879e8 1.0400221241168752e8
23800 777730.9284204408 32.73026449912302 0.04160499471079182 0.00014583891642868272 4.536349750647911e-5 0.39653940555785994 0.0006307095475636126 0.0005069972761594377 -2.079406667885833e-5 7.387780477982253e8 1.0400221237365752e8
24000 784263.0151480831 32.64433923049473 0.040880266419321076 0.00014575996915620665 4.6519360368761693e-5 0.2989278946890863 0.000583709876141203 0.00047878371939091835 -2.033490152913137e-5 7.38778047664075e8 1.0400221226115263e8
24200 790793.5216229756 32.639177934149636 0.04109907876792018 0.00014581784844217474 4.790894102459185e-5 0.3652269757888007 0.0005909820970578794 0.0003686482743320285 -2.0617032263594634e-5 7.387780475307925e8 1.0400221212402172e8
24400 797336.6230994926 32.815285380025216 0.041713603534765095 0.00014603375096622996 4.7951189766626135e-5 0.4156765430170708 0.0006472121652332241 0.00036323849261882257 -2.0890547554938766e-5 7.38778047394581e8 1.0400221209081902e8
24600 803876.5014616243 32.63627963384783 0.04113568382706996 0.00014662657736380072 4.666981162859026e-5 0.2964155256004233 0.0005849560350458249 0.000463507616779657 -2.0429130200819375e-5 7.387780472593242e8 1.0400221217392816e8
24800 810407.0733367155 32.63939278518457 0.0409312518930589 0.00014743297283891638 4.5625102603529986e-5 0.3206349093022709 0.0005911155721536332 0.00048555561280860804 -2.0461440728939613e-5 7.387780471263249e8 1.0400221221482585e8
25000 816940.9064499796 32.75137607045909 0.041641329923485404 0.00014782762649955626 4.5375518887102825e-5 0.42029440037572385 0.000662006949261218 0.0005075035961061847 -2.0894756205048436e-5 7.387780469909934e8 1.040022121805865e8
25200 823489.647146027 32.65649202777807 0.041410164600187184 0.00014776588605494004 4.5952328994874214e-5 0.34973793032236244 0.0005971494844263514 0.0005093649055784022 -2.056570840067729e-5 7.387780468548135e8 1.0400221212695843e8
25400 830019.7935224714 32.667948951003225 0.04083584633606727 0.00014773180596203882 4.7348289826280476e-5 0.3179554933246891 0.0005946582003540923 0.0004557135086300512 -2.033678925096516e-5 7.387780467217075e8 1.0400221201988545e8
25600 836549.7500524017 32.685392977700424 0.04149543577347041 0.0001478365323581794 4.8325342193145424e-5 0.4087606824020895 0.000647176938544769 0.00032080181720793577 -2.0803438721194014e-5 7.387780465874689e8 1.0400221192137715e8
25800 843100.7907355883 32.70450768837011 0.04163802763480861 0.0001481812944470764 4.7657449965858655e-5 0.3882545576616394 0.0006431498105756717 0.00043819984650778077 -2.0720497015793456e-5 7.387780464509383e8 1.040022119443742e8
26000 849631.3551835708 32.65504236141514 0.04092109046449837 0.00014890295531523915 4.6338247119340354e-5 0.30583320706477934 0.0005949792143796762 0.00045273332477446804 -2.0300210046568218e-5 7.387780463172835e8 1.0400221201274991e8
26200 856161.7069912603 32.64667596666631 0.041288068056333886 0.00014958347495491246 4.565771850734658e-5 0.3829629619892785 0.0006257692665736503 0.0004956581611972322 -2.065961027476442e-5 7.387780461839025e8 1.0400221202727291e8
26400 862708.3129907176 32.779437451583796 0.04178579153858542 0.00014972615464466327 4.5745676223574196e-5 0.413160209051739 0.000658929872266456 0.0005138037431973164 -2.083821686524499e-5 7.387780460475949e8 1.0400221198713875e8
26600 869244.5361319515 32.636030294017324 0.04115583000754046 0.0001496099997381844 4.674323584751756e-5 0.2852596914460719 0.0006022746824531078 0.0004953879993073729 -2.0352478176957897e-5 7.38778045912968e8 1.0400221188914555e8
26800 875775.1394961035 32.6359470589989 0.041102299378929376 0.00014961622987502013 4.821500789600977e-5 0.34412649119940397 0.0006069186352614109 0.0004033462513566288 -2.0492140359354344e-5 7.387780457801088e8 1.0400221176854008e8
27000 882311.9537919932 32.783920048176114 0.041798371545840096 0.00014976118563600214 4.8565381432249535e-5 0.4232312290516802 0.0006790057853445219 0.00032774255600004354 -2.0885729313138267e-5 7.387780456445504e8 1.0400221172464919e8
27200 888858.0161535182 32.64537981223039 0.04142082935415692 0.00015022891802698838 4.744010943666514e-5 0.3351919462263595 0.0006025830825991951 0.0004702467462024962 -2.0492052157272567e-5 7.387780455087773e8 1.0400221179593576e8
27400 895388.3854719171 32.65356853752409 0.040957402551183575 0.00015097405135893816 4.634251021084545e-5 0.3196980176535362 0.0006083023078746752 0.0004917895969082098 -2.036094840663625e-5 7.387780453758852e8 1.0400221188570477e8
27600 901919.1764901095 32.70768761657746 0.041677127535977174 0.00015142846032997854 4.5987868582033174e-5 0.4179672198665685 0.0006702836297407533 0.0005213294244584832 -2.0841298468296735e-5 7.38778045241289e8 1.0400221185546248e8
27800 908442.6540663438 32.683473859974804 0.04168668164660129 0.0001513823667792286 4.6396957778382186e-5 0.3800479438334605 0.000644702272149078 0.0005268156078827024 -2.0660716293796645e-5 7.38778045105423e8 1.0400221171197803e8
28000 914972.5366364481 32.66931606065438 0.04099812874285653 0.00015129719823396597 4.76606237785931e-5 0.31415151162650545 0.0006096252401509572 0.0004835732929819869 -2.0296118360660987e-5 7.387780449720631e8 1.0400221160018778e8
28200 921502.6693117802 32.657836742371764 0.041507666342399996 0.00015136007050736282 4.880356545679601e-5 0.3962884985594428 0.0006483757316604333 0.0003314114395925258 -2.0715674055291845e-5 7.387780448384303e8 1.040022115814331e8
28400 928051.7105486166 32.748536437118226 0.04187038254564342 0.00015159431852021382 4.8448302617000565e-5 0.4099322423949161 0.0006733747518191668 0.0004141199599094758 -2.0803849657799593e-5 7.387780447019695e8 1.0400221160995828e8
28600 934585.1852217829 32.63978108972049 0.041188379324299876 0.0001522084994091355 4.713457212371996e-5 0.29752112375103934 0.0006106093073634522 0.0004672268732013318 -2.032378303287309e-5 7.387780445677191e8 1.0400221166543165e8
28800 941115.752351121 32.63664564034009 0.04126258499931264 0.00015290918381874515 4.6297188551438095e-5 0.3632855713508434 0.0006178384068739051 0.0004980394677965849 -2.054958940278239e-5 7.387780444347317e8 1.0400221168138249e8
29000 947656.2128494014 32.818895018921616 0.041920357468322574 0.00015312118174650555 4.6230315459603585e-5 0.4262024521337935 0.0006880662950745631 0.0005188880415586405 -2.087357488559997e-5 7.387780442988774e8 1.0400221158690687e8
29200 954198.7548759958 32.63860725091885 0.041435150496192875 0.00015298284404257064 4.702939659868726e-5 0.3192224028043711 0.0006154405583079781 0.0005077003245016476 -2.0422997371328435e-5 7.38778044163564e8 1.0400221147204222e8
29400 960729.2677512728 32.643709358570355 0.041099721739433784 0.0001529397448008213 4.8479943217078086e-5 0.32036189801146975 0.0006189067646958923 0.00043387261646188335 -2.0391121824621305e-5 7.387780440308125e8 1.040022114165548e8
29600 967261.651852715 32.73295924917907 0.041835297709725425 0.0001530267663626387 4.911466698724951e-5 0.42695148635380065 0.0006946676413212005 0.00030266761258682107 -2.0859353945137967e-5 7.387780438959255e8 1.0400221140233882e8
29800 973811.5755700944 32.66563335930799 0.041669289840302756 0.00015338861920040977 4.81472336625151e-5 0.3693769836972933 0.0006384878951126716 0.0004672548544168431 -2.0581901705050438e-5 7.387780437597317e8 1.040022114496394e8
30000 980341.5460807204 32.67910776802768 0.04104360420327905 0.00015407854562548206 4.695619025541295e-5 0.3195123955345025 0.000621947431166836 0.0004869889007892425 -2.0295931713075474e-5 7.387780436266952e8 1.0400221150819995e8
30200 986871.4071664886 32.67349034206679 0.041660245836482264 0.00015458860744731325 4.6496286554562316e-5 0.411965501329405 0.0006720951662506636 0.0005270613207208896 -2.0762029185487352e-5 7.387780434928052e8 1.0400221146333227e8
30400 993421.9962634377 32.720273465807104 0.04190968271780232 0.00015458108053510443 4.674830453853497e-5 0.40568694330249855 0.0006700836658077858 0.0005369569665231166 -2.0748355357112732e-5 7.387780433563229e8 1.0400221134784079e8
30600 999953.4246722903 32.64782072631125 0.041187300137666964 0.00015445526941173574 4.7871642806878245e-5 0.3091133965788231 0.0006203930620510834 0.0005011062515458686 -2.0288133678954804e-5 7.387780432225296e8 1.0400221124576679e8
30800 1.0064838828476836e6 32.641501453712216 0.041453671981155994 0.000154466654806761 4.917791997899716e-5 0.38139491187735075 0.0006496060834664252 0.0003721090734182808 -2.060820645860917e-5 7.387780430894164e8 1.040022111889966e8
31000 1.0130284107590116e6 32.801569775252126 0.04202510562361361 0.0001546226881365339 4.9130930254385884e-5 0.4264285500310052 0.0006878376085551752 0.0003821494425940153 -2.085505735552542e-5 7.387780429532907e8 1.0400221124455073e8
31200 1.0195668420940177e6 32.63570327878449 0.04140360870669204 0.0001551281743102382 4.789552255869529e-5 0.3021301904655047 0.0006228012854408993 0.00047588539524612283 -2.036889799401663e-5 7.387780428184191e8 1.0400221135607861e8
31400 1.0260974316421269e6 32.63760286979162 0.04123766080155836 0.00015582237257936814 4.6963694065057805e-5 0.33909398750165565 0.0006258756816829303 0.0005050212849516678 -2.0437378325858574e-5 7.387780426857048e8 1.0400221132422999e8
31600 1.0326322777182211e6 32.763038790519715 0.04196674015902762 0.00015610490579872643 4.6783113995081884e-5 0.4328885352724683 0.0006951315770590272 0.0005281992371966027 -2.0867959035071818e-5 7.387780425504752e8 1.0400221117421672e8
31800 1.0391527767996915e6 32.65233084951304 0.04165798373168694 0.00015596279271285287 4.740851064370719e-5 0.354975844778437 0.0006311978821468278 0.0005250369384459663 -2.050993420686548e-5 7.387780424151775e8 1.0400221108098336e8
32000 1.0456830066314463e6 32.66265223524916 0.04113458029663115 0.00015586956961783594 4.880508704208347e-5 0.32312273844172523 0.0006219750012187442 0.00046767166559091855 -2.031234047757961e-5 7.387780422823622e8 1.0400221104818697e8
32200 1.0522131516716469e6 32.69243987692774 0.04180946199646452 0.0001559127125920301 4.967544649567367e-5 0.42462276198648397 0.0006874116078745551 0.00032861675372977683 -2.0802203890195937e-5 7.387780421481602e8 1.0400221105864292e8
32400 1.0587642833201922e6 32.69680558708782 0.04188739786756447 0.0001561785762161672 4.8914715236670196e-5 0.3961096917053055 0.000677144730690471 0.00045351300866502964 -2.068467600621312e-5 7.387780420117378e8 1.0400221112808187e8
32600 1.0652945260361112e6 32.659558273698075 0.04117553557499175 0.00015679435949327947 4.763259382007325e-5 0.3145053028374605 0.000630674936595299 0.0004714914805278303 -2.027288062765287e-5 7.387780418783227e8 1.0400221114975055e8
32800 1.0718248091397115e6 32.650131320171454 0.041603407428263545 0.00015735397283676427 4.7014203120089576e-5 0.4005280806159135 0.0006587357715833742 0.000523050622649901 -2.066503141316004e-5 7.387780417450016e8 1.0400221105851425e8
33000 1.078372371679415e6 32.76833845280942 0.042046339882121024 0.0001574009097735791 4.7115123661593706e-5 0.4235100642160887 0.0006937532149996484 0.0005393154370180175 -2.0819390743953756e-5 7.387780416086898e8 1.0400221094291249e8
33200 1.0849075599932063e6 32.63690670062416 0.041380414918523546 0.00015723253150803823 4.807038208588063e-5 0.29401148962210755 0.0006229193422861989 0.0005158502844383461 -2.0322295879806363e-5 7.387780414742848e8 1.0400221087879632e8
33400 1.0914381579179384e6 32.635743167588494 0.04139166506863143 0.00015720216707838753 4.943659142439686e-5 0.36046769351833063 0.0006256054059587957 0.0004115905627656291 -2.0496738525898556e-5 7.387780413415155e8 1.0400221087080036e8
33600 1.097976156749819e6 32.79570254411626 0.042060452744642485 0.0001572931741213563 4.9677215131826476e-5 0.43574740542521795 0.0007068225836518449 0.00034880350515015257 -2.0876485392450657e-5 7.387780412059165e8 1.0400221090852153e8
33800 1.1045211023073683e6 32.64259057334152 0.04163036320500125 0.00015770284983215795 4.8499197454016026e-5 0.3422218165896993 0.0006347586845121267 0.00048498753158071617 -2.0449157798286726e-5 7.387780410703659e8 1.0400221095469548e8
34000 1.1110515283266986e6 32.64969149822925 0.04122622898199649 0.0001583726918233482 4.7436847003398704e-5 0.32505668916792274 0.0006301017532052144 0.0005086530273389345 -2.034594893872494e-5 7.387780409376745e8 1.0400221094398218e8
34200 1.1175827876137465e6 32.71607575274791 0.041931369479256804 0.00015873049804774684 4.711539090811668e-5 0.4329340665960899 0.0006985712085184614 0.0005371847894435344 -2.0833560928019408e-5 7.387780408031166e8 1.0400221083606347e8
34400 1.1241334954886136e6 32.67639563088149 0.04188204337283138 0.0001586045617701443 4.7547900711281205e-5 0.38729343579120723 0.0006763804524099193 0.0005411137953973411 -2.0614698916644004e-5 7.387780406668518e8 1.040022106907108e8
34600 1.1306633269227808e6 32.67587702909097 0.04119948850387707 0.00015846260472533223 4.8829794378408034e-5 0.31933035881820615 0.0006311483782273086 0.000495930734640937 -2.0271344382638407e-5 7.387780405337579e8 1.0400221065072635e8
34800 1.1371933605803647e6 32.66320697838634 0.04175285668376659 0.0001584691789518367 4.988401871429391e-5 0.4150004302443904 0.0006767230705653215 0.0003491521685954485 -2.072076252010166e-5 7.387780404001524e8 1.0400221073088412e8
35000 1.1437431005676726e6 32.73758955929272 0.04206304919027384 0.00015865122019056987 4.938201551942258e-5 0.4192508109601931 0.0007047126655673752 0.0004298871879819255 -2.077059713174478e-5 7.387780402637484e8 1.0400221079704055e8
35200 1.150275719677404e6 32.64227343129519 0.041351071758544106 0.0001591885935519174 4.807216137601982e-5 0.30582771299191336 0.0006352003573727449 0.0004835239557601234 -2.0285052391977553e-5 7.387780401298052e8 1.0400221077827576e8
35400 1.1568062549894634e6 32.63797320016612 0.041524550627866925 0.00015978863214922273 4.7308940424726565e-5 0.3810823365631677 0.0006415438927088735 0.0005204685001422016 -2.0554287431036448e-5 7.387780399969186e8 1.0400221067740522e8
35600 1.1633483130459527e6 32.82516788756499 0.04212916060341082 0.00015989980139551646 4.72873305545761e-5 0.43790695547500036 0.0007117133277249055 0.0005416348102182944 -2.085753451603336e-5 7.387780398610338e8 1.0400221054379305e8
35800 1.169861994596767e6 32.63717454124278 0.0416090895898909 0.0001597105990131794 4.8081537976834056e-5 0.3258253267190412 0.0006343950656831909 0.0005281739765186089 -2.0385562565286868e-5 7.387780397265294e8 1.0400221049377966e8
36000 1.1763925429187315e6 32.641216064495445 0.04132547723371798 0.0001596349845036677 4.9474673485873096e-5 0.3327423858588645 0.0006352062181049778 0.00044676235692064914 -2.0389931741803287e-5 7.3877803959393e8 1.0400221053995128e8
36200 1.1829256677333245e6 32.74265220965318 0.04205757152257056 0.00015967969985634814 5.000782580448679e-5 0.4404309175222352 0.0007174186111937875 0.00031061270687668396 -2.0858271396109842e-5 7.38778039458986e8 1.0400221058622468e8
36400 1.189475018131895e6 32.660576208053165 0.041856545953872164 0.00015998723516086753 4.90050391859472e-5 0.3775416563678391 0.0006737679497699212 0.0004858128783254423 -2.0544696488682048e-5 7.387780393229456e8 1.0400221059728193e8
36600 1.1960050860682859e6 32.67296516816552 0.04125035139833943 0.00016060747305997707 4.784984005612697e-5 0.32186895573158836 0.0006472163150138543 0.0005039693341303275 -2.0282465762275987e-5 7.387780391901026e8 1.0400221054530905e8
36800 1.202534965635005e6 32.67970827565227 0.04189190494307187 0.00016103393249050876 4.7408776917383e-5 0.42702392311207404 0.0006979224339540568 0.000540664819714598 -2.0768659767298224e-5 7.387780390561908e8 1.0400221041789992e8
37000 1.209085858128746e6 32.711708368438494 0.042075325797523995 0.00016094698032842057 4.767878806730435e-5 0.41408549821358065 0.0007119485829029104 0.0005479629562986643 -2.072064492189512e-5 7.387780389197572e8 1.040022103320864e8
37200 1.215616788455411e6 32.651459752960335 0.041344906304565866 0.00016077254784579127 4.879391344367172e-5 0.3125746361358779 0.0006517879216766387 0.0005138298412519227 -2.026881524623436e-5 7.387780387861707e8 1.0400221034444985e8
37400 1.2221471961452502e6 32.64409685972096 0.04167696830031082 0.00016074740518739916 4.999071348564937e-5 0.4004931605600177 0.0006676672372256665 0.0003786723899343314 -2.0619776608130045e-5 7.387780386530612e8 1.0400221036823732e8
37600 1.228692892360263e6 32.78962358301503 0.04219787991768646 0.00016086488723793062 4.977852163480135e-5 0.4372467750447413 0.0007241945163021235 0.00039926501279285986 -2.0836473534000357e-5 7.387780385169102e8 1.0400221040277693e8
37800 1.2352301113104078e6 32.63567511951056 0.04157840247435751 0.00016131988285380728 4.848378926760301e-5 0.30443255410182246 0.0006498289249521338 0.0004926773166772369 -2.0338004722709956e-5 7.387780383822696e8 1.0400221042776129e8
38000 1.2417607143871733e6 32.63656297706951 0.04146674836336327 0.0001619243043053993 4.761128665517095e-5 0.3578435083345539 0.0006521657452953633 0.0005239078856593693 -2.044571925749112e-5 7.387780382496276e8 1.0400221031415316e8
38200 1.24829658523594e6 32.77408331016276 0.04219108842068556 0.0001621197771122823 4.7463671524790116e-5 0.4459477742029776 0.0007325592284108673 0.000547392323253626 -2.0864687057547152e-5 7.387780381143268e8 1.0400221014520581e8
38400 1.2548435479597973e6 32.64823903245121 0.04183312836469425 0.00016193098371612043 4.808250238844582e-5 0.36097222452849564 0.0006811450203495495 0.0005413420746518405 -2.0474419139333515e-5 7.387780379786288e8 1.0400221012131259e8
38600 1.2613738615610085e6 32.657373436615664 0.041342611575791215 0.000161814425526595 4.943517620617935e-5 0.32518727443471107 0.0006595624658000121 0.00047821575569950703 -2.0310812227660543e-5 7.387780378459562e8 1.0400221019802e8
38800 1.267904334628646e6 32.700835421091455 0.04204471385975283 0.00016182561575472243 5.020831623415883e-5 0.4388620920203721 0.000716798046930256 0.00033499141904956564 -2.0808295402235796e-5 7.387780377116815e8 1.0400221024771008e8
39000 1.2744554360814837e6 32.68876147918659 0.04205460339745671 0.0001620428610724102 4.941201860349295e-5 0.40425502417951975 0.0007245004901813568 0.0004728983168393319 -2.0647047264782925e-5 7.38778037575365e8 1.0400221024285318e8
39200 1.2809854306231535e6 32.66514039713578 0.04136819951280265 0.00016259467675516033 4.820985966079259e-5 0.31892066976070055 0.0006663433731115553 0.0004909722154671226 -2.025379792348532e-5 7.387780374421797e8 1.040022101555067e8
39400 1.2875156339532125e6 32.65455798117367 0.041840163850312556 0.00016307223890760697 4.766783847790328e-5 0.416427028061662 0.0006903259245244486 0.0005405298549457926 -2.067578075812583e-5 7.387780373088509e8 1.0400221001808365e8
39600 1.2940641345068633e6 32.7564781257588 0.042223141226067545 0.00016304626201628844 4.781232245548911e-5 0.43257235903183755 0.0007443071611215046 0.0005532316138002757 -2.079584413984626e-5 7.38778037172542e8 1.0400220995375761e8
39660 1.296e6 5.393575954716653 0.04207235790427802 0.00016297987867699791 4.800860693784117e-5 0.4041884532618951 0.0007259783109073714 0.0005509619935788468 -2.0649182084602775e-5 7.387780371324172e8 1.0400220995757169e8
