#timestep time dt l2_h l2_h_vcon1 l2_h_vcon2 linf_h linf_h_vcon1 linf_h_vcon2 dsdu_ut entropy h_squared 
0 0.0 100.0 0.0 0.0 0.0 0.0 0.0 0.0 -2.7335488724312123e-13 7.387766634397864e8 1.0400257456633374e8
200 12761.892987597732 63.8966252049121 1.7247218329135572 0.0004367641694295418 0.00044707084419617096 6.321055493336189 0.0057518006601654514 0.006300477039823067 3.29532931080401e-13 7.387766634397877e8 1.0400251115589496e8
400 25501.632697419962 63.65411219318044 2.3720145974158235 0.0005303629686379297 0.0006517192144862614 10.154662231158454 0.009360749474572078 0.009467071943521671 -7.52001622794557e-14 7.387766634397866e8 1.0400250386467044e8
600 38266.21442439159 63.666907943919334 2.4494649871183816 0.0006773702334279945 0.000731811659247927 11.37470274577936 0.009085126484401101 0.013405502365538668 8.179510930135664e-13 7.387766634397856e8 1.040025284759701e8
800 50973.7114983677 63.82550982155837 3.2094917706485853 0.0008774637395947628 0.0007249247514245078 14.205288046678561 0.010525877228172512 0.012517259632999482 1.6344931402166014e-13 7.387766634397851e8 1.0400259581118594e8
1000 63744.89163658667 63.76860023457989 2.871230740159595 0.0010707920583677307 0.0008980943555728101 12.645530071155463 0.013738897280942353 0.02049485195451653 7.811627447864274e-13 7.387766634397871e8 1.0400244648327924e8
1200 76502.20069036492 64.01928313641241 2.800365096486843 0.0012785783570493743 0.001065514538673147 12.944431788243946 0.016847528370877385 0.026322829239781027 -7.901377539709002e-14 7.387766634397871e8 1.0400262544930099e8
1400 89202.04156319117 63.65665197096041 3.0303790426936668 0.0013874269473158661 0.0011778228565612152 12.171823723363559 0.021912341036380928 0.030661559577938098 2.2327249810792365e-13 7.387766634397897e8 1.0400244792019238e8
1600 101973.13113884673 63.78565918932652 2.758095374059801 0.001426739129255871 0.0013236479421434198 11.554736643729939 0.024579724663550767 0.03395407066570312 -1.4261994117032414e-13 7.38776663439788e8 1.0400257630827905e8
1800 114718.18303499835 63.76725570616682 2.8276775865641297 0.0015025284347155554 0.0013237006571012477 10.479419745725863 0.0230178446992029 0.029365436999356502 7.461816509684484e-14 7.387766634397854e8 1.0400244557902592e8
2000 127499.00603496961 63.81620782798863 2.8842262167197696 0.001601875648348769 0.0012939984178611664 12.596848050171502 0.026945680422990337 0.03178372212772118 -4.630553373435975e-13 7.387766634397851e8 1.040026237730918e8
2200 140248.15268596954 64.11948097458382 2.913020406755155 0.001595230510752757 0.0013387211730577812 11.403844273171217 0.022370679705199625 0.02817164605770217 1.783361893242326e-13 7.38776663439789e8 1.0400238742519349e8
2400 153009.71761252143 63.62892583480332 3.1477562703655035 0.0015371473675841855 0.00133837778548567 14.64032733165368 0.021390240113817405 0.02287360796565202 4.028645760893692e-13 7.387766634397881e8 1.0400251059185557e8
2600 165778.21814553803 63.82637845514746 2.9736469502807785 0.001485911577528327 0.0013311375655550262 13.118618881615475 0.0199652588808487 0.032079670727806237 -9.189429199118823e-14 7.387766634397873e8 1.0400248488182269e8
2800 178466.69043865846 63.724068063401084 3.0072118936394094 0.0015258079015947562 0.001260959893766648 16.786952586861844 0.017780264806210866 0.019347814684396863 6.305786316435336e-13 7.387766634397861e8 1.0400248113462512e8
3000 191236.34495128534 63.69959510802044 2.68236917486473 0.0015855587978697257 0.0012604271874486336 11.45195059067919 0.01835411642288043 0.01970370928754691 -4.37416829878056e-13 7.387766634397888e8 1.0400238839158987e8
3200 203984.4911919286 64.05809925772239 2.784235457464612 0.0015288361869747673 0.0013573077720386531 13.506200647347214 0.02408062719497074 0.016157907019358736 3.254666086597909e-13 7.38776663439788e8 1.040025259328946e8
3400 216700.31547171465 63.6570306406603 2.5529920950082623 0.0014991864660423152 0.0013863427827509381 14.369703522595955 0.022220051606443303 0.02312758693485187 1.3866848661470305e-13 7.387766634397886e8 1.0400242526111358e8
3600 229462.2698670263 63.791466809698534 2.1550267347762113 0.001604455530260431 0.00133125107786618 10.920890811657955 0.018359514488211284 0.024229348373745976 -7.81775373399702e-13 7.387766634397881e8 1.0400247987379517e8
3800 242197.79151862723 63.6777671895198 2.5736938875100988 0.0016758236426506852 0.0013965672490497578 15.186466102320992 0.01771704498409351 0.027232059633545025 2.129803374049106e-13 7.387766634397879e8 1.0400248927810682e8
4000 254962.25952424193 63.644534458876926 2.3015364132020095 0.0016345288022527873 0.0015744740334366575 11.08437000851518 0.01586382828661992 0.025635366253078357 3.4187739763788395e-13 7.387766634397848e8 1.0400247975187711e8
4200 267675.222266833 63.94965835613424 2.3310958381064992 0.0017815911422906026 0.00153746009238198 12.047699707449738 0.019849750708058056 0.025080336606839337 -4.184866057278712e-13 7.387766634397885e8 1.0400250581275566e8
4400 280435.37323042745 63.68741882441149 3.116182185623045 0.0018160133240230024 0.0014800611330956473 16.30705665567075 0.019850044367291028 0.037388970124942716 7.051661653097148e-13 7.387766634397873e8 1.0400247809866919e8
4600 293196.5490798423 63.93976279933825 2.345948445384552 0.001824359428043883 0.0016775081785413177 13.971143509930016 0.02500507145661454 0.03147118868299037 6.892071899339118e-14 7.387766634397861e8 1.0400262660429676e8
4800 305898.66656490753 63.61439995098324 3.094954671247238 0.0018966038611245824 0.0017074484479413614 15.230082417730955 0.02039798344166155 0.040639560339426284 -5.067051260394119e-13 7.387766634397866e8 1.0400243970791726e8
5000 318668.6051126733 63.772454349066656 3.0007556838418323 0.0019920296784034183 0.0016876586739443809 18.026737633484117 0.023783999721900984 0.040421298284064225 7.554017115982309e-13 7.387766634397864e8 1.0400257381355847e8
5200 331410.7354095356 63.851656799966136 3.041317562327552 0.001992882749942744 0.0017801723858817046 14.659861332058881 0.025827150806970414 0.030284104956868084 3.671483279354607e-13 7.38776663439786e8 1.0400253993242247e8
5400 344190.81866503047 63.685185743387436 3.322810704632936 0.001989759553189096 0.0017851218548352826 19.111363035151953 0.030549686003863208 0.03770596291395911 3.809324717341389e-13 7.387766634397848e8 1.0400255806401268e8
5600 356886.8844820245 64.02747128903667 2.8865777256822516 0.0021498035970432413 0.0017981543277598435 15.206829136894157 0.027227816439750696 0.03558892126305925 3.6794474513271767e-13 7.387766634397874e8 1.040025281493139e8
5800 369637.1743024816 63.59459527739622 3.626647936224521 0.0020901500271233663 0.0017949087203735666 17.345071770287177 0.03285290756442416 0.03380899424545325 3.951760869927731e-13 7.387766634397864e8 1.0400253077557871e8
6000 382402.5581562846 63.76765777394086 3.5235897613873677 0.0020894732860431498 0.0018503847037159835 16.022765331122173 0.02964067363913525 0.03822525691776188 -1.1229482481323201e-13 7.387766634397837e8 1.0400263395214424e8
6200 395096.8871441124 63.7203427435146 3.6739907389370874 0.0021505288794858766 0.001837734507852327 16.693087563982772 0.0262331764386049 0.035600414385134505 -4.790755755807279e-13 7.387766634397856e8 1.0400249252259508e8
6400 407869.32897731214 63.678359883266786 3.8582268961380217 0.002186649994404652 0.0018786596152974935 22.977763220531415 0.04260320724482103 0.03562001826131459 -2.2900057564204105e-13 7.387766634397839e8 1.0400263547925371e8
6600 420602.74606713286 64.06292139698357 3.532821146263875 0.0022792310353590695 0.0019671093336601853 17.980692003675358 0.029416831241857913 0.03746350634239762 -3.4652667447331313e-13 7.387766634397856e8 1.0400261055759506e8
6779 432000.0 47.75173021579394 4.004337072138654 0.0022485794717115965 0.0019430357921379757 24.948321523680534 0.04238149110245476 0.034011784757379926 7.410355706169419e-13 7.387766634397862e8 1.0400258705295326e8
