#timestep time dt l2_h l2_h_vcon1 l2_h_vcon2 linf_h linf_h_vcon1 linf_h_vcon2 l2_H l2_vcon1 l2_vcon2 linf_H linf_vcon1 linf_vcon2 dsdu_ut mass entropy 
0 0.0 100.0 0.0 0.0 0.0 0.0 0.0 0.0 0.0 0.0 0.0 0.0 0.0 0.0 2.9441087483500842e-12 9507.350780127952 7.387781108739867e8
50 2548.154974652008 50.937239181874936 6.996776155762961e-6 3.651459815094318e-5 7.61864841383906e-5 2.601980958196344e-5 0.00014457629669849904 0.0001500986632229274 5.411191144762916e-6 6.360784742106956e-5 7.77965466955851e-5 2.5539687117740913e-5 0.0002408093690838972 0.0002476538792931366 -3.906896675797274e-5 9507.350780127981 7.387781108246666e8
100 5095.074420019535 50.95310408870833 7.300415138383543e-6 5.242909668824571e-5 8.318144431635903e-5 2.6309819968691868e-5 0.00019734908535360289 0.0001882416028651086 5.646020520092539e-6 8.868898264911101e-5 0.00010153364804930137 2.5824828603590908e-5 0.00046411554090067253 0.0002850045102346342 -4.6829091256929864e-5 9507.350780128001 7.387781107119458e8
150 7644.918701755138 51.05257389373567 6.60734491822154e-6 6.618992227793343e-5 7.82444887524761e-5 2.6577547112502756e-5 0.00024777040372838625 0.00016754405099080679 5.110011456124653e-6 0.00010646249523020159 0.00011330716136150514 2.608669073310583e-5 0.0006849788982658018 0.0004453952280178271 -4.159257972329885e-5 9507.350780127974 7.387781105985638e8
200 10175.17497444981 51.232143891800085 6.6101219132107806e-6 7.915695786276647e-5 8.763333095488228e-5 2.756151965951158e-5 0.0002792580226419234 0.00019696100183433742 5.112159138197026e-6 0.00012182158694900116 0.00012851376697119317 2.7058948102136148e-5 0.0008806440805329507 0.0004998041767618448 -4.039108293728626e-5 9507.35078012797 7.387781104959615e8
250 12736.192154832024 51.13260086950276 6.65780719618145e-6 9.103002053869232e-5 9.359077284133271e-5 2.3498479008404543e-5 0.0003052485507146817 0.00019627340297247511 5.149038148642267e-6 0.00013245274114153806 0.00015281268923503742 2.3064891957713755e-5 0.0009448056272418735 0.0006065328500406261 -4.074708875551813e-5 9507.350780127987 7.387781103917578e8
300 15288.89546273025 50.99210477228636 6.6598441103836774e-6 0.00010046427129989454 9.841010073815061e-5 2.5647471338187396e-5 0.0003368266818725072 0.0002228145024618811 5.1506134644523774e-6 0.00013855694331557297 0.00018132657230859997 2.517316543451577e-5 0.0008969138327468835 0.0008449358033466639 -3.9978332870249115e-5 9507.35078012798 7.38778110288791e8
350 17789.37123683407 50.93510987660447 6.840408691192881e-6 0.00010885359261734106 0.00010578396976903916 2.8417031220947813e-5 0.0003576831812371907 0.00025759490409549995 5.290259129681935e-6 0.00014366709630156478 0.00020770221994485257 2.7895022720645643e-5 0.0007850383219163348 0.0011223740599697397 -4.069783896654512e-5 9507.350780128012 7.38778110188267e8
400 20336.40485190259 50.95953470733306 6.931597027166758e-6 0.00011638029248789035 0.00011079188398758846 2.7922721932653162e-5 0.0003682242473782025 0.0002806300710166243 5.360782682977288e-6 0.0001490064305568898 0.00022952462874606467 2.7406759251425922e-5 0.0006417628570369183 0.0012906134934460218 -4.171633995248999e-5 9507.350780127967 7.387781100830894e8
450 22885.333850990413 50.958355218278996 6.931423737162171e-6 0.00012226276574426535 0.00011551394446266601 2.565634064494995e-5 0.00039513376815109084 0.000289695436038876 5.360648663349186e-6 0.00015510112960375968 0.00024415969519830683 2.5182415458926038e-5 0.0005378451661400979 0.0013290234125489396 -4.1773469970929674e-5 9507.350780128001 7.387781099766215e8
500 25432.314278345948 50.935118256175336 7.037310336963468e-6 0.00012788163805719352 0.00011944023794758981 2.6839538033959425e-5 0.0004016786104961196 0.00028023100996493066 5.442539611184101e-6 0.0001623253933772196 0.00024989328835305297 2.634715527886562e-5 0.000589112427442524 0.0013204038728041342 -4.234941836036138e-5 9507.350780128014 7.38778109869661e8
550 27958.536627208057 50.99423926755975 7.026046962595425e-6 0.00013333959866605396 0.0001224699318303245 2.6418490722121812e-5 0.00039407774696634886 0.00025388064296743564 5.433828703437236e-6 0.00017083398767670036 0.0002476715390160193 2.592992670884496e-5 0.0006380210507536349 0.0013539792397359476 -4.298581684798008e-5 9507.350780127983 7.38778109761766e8
600 30511.537381825976 51.136697971421626 7.006821494977044e-6 0.00013852995642583193 0.0001237878422492274 2.865609671943312e-5 0.0004089482368625167 0.00025618284677551503 5.418960044242221e-6 0.0001821174219203536 0.00023926555989793296 2.812790391853731e-5 0.0006883808304667669 0.0013293497659442655 -4.3139923408111966e-5 9507.350780127974 7.38778109651735e8
650 33072.75967569325 51.22730974367656 7.081745814257883e-6 0.0001431479117485388 0.0001247370547855165 2.8239186041243573e-5 0.0004084792689471479 0.00026341979081208686 5.476905275586871e-6 0.00019555349548456327 0.0002280310970045026 2.7724602199164833e-5 0.0007302056996650712 0.0011638897388485626 -4.325492106826358e-5 9507.350780127987 7.387781095411898e8
700 35581.58715531785 51.05078199813274 7.098184400174632e-6 0.00014716456133401175 0.00012647935541733159 2.8524952938306532e-5 0.00038691107645612386 0.00027496908766653214 5.489618606491706e-6 0.0002093094095272574 0.0002180460483813283 2.7998495411675583e-5 0.0007726334547446214 0.0010274934208191744 -4.372986412053181e-5 9507.35078012802 7.387781094320922e8
750 38131.27775591014 50.952680487768816 7.1370370110513075e-6 0.00015070900601931857 0.00012778667810431016 2.9966719428881463e-5 0.00039978853087296857 0.00029985190195841216 5.519666574191477e-6 0.00022301339991125647 0.0002100465275566526 2.9414587992354154e-5 0.0008287089673988616 0.0009039761560232468 -4.4094701367991274e-5 9507.350780127987 7.387781093200862e8
800 40678.18980916822 50.93797157797008 7.213301167834948e-6 0.00015377761860990385 0.0001289031134244634 3.0407143287719684e-5 0.00041072168690034787 0.00033293324281051724 5.578648013735099e-6 0.00023520479097217714 0.0002044112789748497 2.9846193760350536e-5 0.0009965281904907209 0.0007744004717924054 -4.422578025145585e-5 9507.350780127976 7.387781092075691e8
850 43200.0 24.530222885667172 7.299825437306272e-6 0.00015568218958989614 0.00013110452100887734 2.9932830981262873e-5 0.0004384737109287272 0.00037877458312546666 5.645564455015957e-6 0.0002430034797923099 0.00020245119590853942 2.9379509381507258e-5 0.0011497316351482497 0.0006541152810168806 -4.4302837624792136e-5 9507.350780127992 7.387781090959806e8
900 45748.01477229013 50.93628543731913 7.321831655943785e-6 0.00015694830660060142 0.00013410413460849377 3.0228725137294716e-5 0.00046902123922514286 0.0003489512570454872 5.66258370113437e-6 0.00024574978342679373 0.00020452203691448496 2.9670892568336935e-5 0.0012027997003357391 0.0005835984281349893 -4.4734390153405076e-5 9507.350780127988 7.387781089826279e8
950 48294.986983415634 50.95609642238944 7.2419594853630635e-6 0.00015805367518813128 0.00013713484227826048 2.9865818761539032e-5 0.000505186056864646 0.00033084207803232705 5.600811883294611e-6 0.0002442989080001953 0.00020976657313295685 2.9315133354594023e-5 0.0012640906976980437 0.0006202135515314868 -4.4915525763229604e-5 9507.35078012801 7.387781088682754e8
1000 50845.07720319833 51.05931025138878 7.184019248283038e-6 0.00015916505838197114 0.0001402641215767287 2.8534237549549596e-5 0.0005126273381799802 0.00031564197181576563 5.556001860674076e-6 0.0002399035132460953 0.0002186230389759961 2.8007018776108548e-5 0.001280317248255865 0.0006904208121601947 -4.436267053739763e-5 9507.350780127987 7.3877810875437e8
1050 53375.45325620289 51.242453392264395 7.222179515219532e-6 0.00016018023324550874 0.00014380848159525024 2.8735994311050933e-5 0.0005209125916698887 0.0003174381292231123 5.585514381002184e-6 0.00023350820766839753 0.00023209380768484137 2.821164572358804e-5 0.0012537166916052915 0.0007428778700854797 -4.4034737527464e-5 9507.350780127965 7.387781086426604e8
1100 55936.21957845794 51.12455985724499 7.238697249851763e-6 0.00016111065150240897 0.00014737597905889967 2.8284779121431223e-5 0.0005305731257346296 0.00031443232994214095 5.598288924215946e-6 0.0002263038505650054 0.000249525600282055 2.7762556328244417e-5 0.001192496502795436 0.0008381058352910445 -4.4144328121044166e-5 9507.350780127987 7.387781085297887e8
1150 58488.61889553114 50.987910913511996 7.193167799697781e-6 0.00016241344400594706 0.00015003263154847452 2.913387556698104e-5 0.0005363458015631828 0.0003184837308558663 5.5630771992712455e-6 0.00022065145705766847 0.0002679554275834269 2.859516278939162e-5 0.0011100743155945576 0.0008926669166683357 -4.415473639170424e-5 9507.35078012799 7.387781084170499e8
1200 60989.363442611575 50.934675566050075 7.168634303043026e-6 0.00016410106686555014 0.00015188562347591278 2.8094531549708928e-5 0.0005383471673097303 0.0003572989147340626 5.544103398067942e-6 0.00021735076102133365 0.00028434788595705333 2.757793721519851e-5 0.0009664372662943708 0.0009624893485810746 -4.4069528350069974e-5 9507.350780127996 7.387781083067526e8
1250 63536.47230409871 50.96289125475477 7.180368180906291e-6 0.00016602024134177966 0.00015290911049857696 3.019542653744343e-5 0.0005240021683837265 0.0003852817231691347 5.553178185450936e-6 0.0002158615766189081 0.000295820007121502 2.9637368762801403e-5 0.0008403320293054461 0.0011356173202615666 -4.4095717002039254e-5 9507.350780128007 7.387781081944718e8
1300 66085.39972844732 50.95566363142207 7.195893493693945e-6 0.00016827224475275595 0.0001530598856184893 3.2419361426996644e-5 0.0004989367901175642 0.0003489347386522669 5.5651852059985215e-6 0.00021665413703291414 0.00029885466303344047 3.182074122135253e-5 0.0007274929137526918 0.0012765330404553362 -4.396191403086614e-5 9507.350780127974 7.387781080821948e8
1350 68632.34132572987 50.9361941482444 7.231027941430631e-6 0.00017098728391055424 0.00015262049595183625 3.252248265389137e-5 0.0005071751488165902 0.00037135640580071696 5.592357607722874e-6 0.00022081100934404736 0.0002936071511509934 3.192560177476912e-5 0.0007154257471365647 0.001319905957632611 -4.3812221446617886e-5 9507.35078012797 7.387781079704548e8
1400 71158.67229919338 50.99913643041755 7.237100293324156e-6 0.00017418968987156853 0.00015168570325176442 3.393350151934631e-5 0.0005573520031151513 0.00040486224450152875 5.597053864409933e-6 0.00022808878193968858 0.0002832991768989049 3.330605865312323e-5 0.0008040036203242822 0.0012780205760787883 -4.3826279905595816e-5 9507.350780128014 7.387781078597653e8
1450 73712.01435119146 51.14534691664082 7.180139170544358e-6 0.00017801579485454076 0.00015048784481444557 3.2203105681951664e-5 0.0005906692116908912 0.0004341215740108015 5.553001072620314e-6 0.00023806746303773918 0.0002701402868903164 3.1610067895983565e-5 0.0008575949829820275 0.0012431173421080023 -4.367415364543753e-5 9507.350780127974 7.387781077479768e8
1500 76273.41928667107 51.21738240302069 7.141412315306981e-6 0.0001821964086436706 0.00014949136034700543 2.9945841215057836e-5 0.0006124077141308893 0.0004564877745299584 5.523050362254674e-6 0.00025046214513063056 0.0002569708172283194 2.939957434530361e-5 0.0008999706335388674 0.001227583645054082 -4.324691029215971e-5 9507.350780127992 7.387781076366448e8
1550 78781.44969888488 51.04462931388929 7.197379804923442e-6 0.00018631674858037814 0.00014905277833827715 2.8889154617859305e-5 0.0006220687944766344 0.0004679626339522601 5.566334694564132e-6 0.0002642775431679579 0.000246055648978388 2.8356350258828324e-5 0.0009801275863725852 0.001175062637798319 -4.3071172493912954e-5 9507.350780127992 7.387781075284997e8
1600 81330.92912932055 50.95031657591114 7.286519426419632e-6 0.00019028618667854723 0.00014928639763425717 2.746330620401986e-5 0.0006317701594503124 0.00048809986794420146 5.6352738059115275e-6 0.00027897254830398804 0.00023715736015810006 2.6957571954650748e-5 0.0010417472294985775 0.0009955108961484582 -4.3264030644516694e-5 9507.350780127992 7.38778107418481e8
1650 83877.82071522769 50.9394432316786 7.346260284003965e-6 0.00019380150828228585 0.00015026338884560617 2.851106998535668e-5 0.000639919906037944 0.0005186311346136075 5.6814763986998736e-6 0.0002918141757499924 0.000231638535165174 2.7985252095421843e-5 0.001108237407031883 0.0007742803407325638 -4.339771357873738e-5 9507.350780127976 7.38778107308073e8
1700 86400.0 24.759776268620044 7.414970022456199e-6 0.00019662705342419278 0.00015204914751571004 2.9081496878119363e-5 0.0006276987551814077 0.0005529366254402833 5.734615375849171e-6 0.0003000755306360013 0.00023077825761321408 2.8543989631098028e-5 0.0011540285521521084 0.0007448196031323355 -4.3349452988647516e-5 9507.350780127996 7.387781071986655e8
1750 88947.86619426493 50.93518805166889 7.4680200205026705e-6 0.00019883409154867045 0.00015489387390904566 3.0086395860349613e-5 0.0005884618293755978 0.0005001497603750657 5.775643368350392e-6 0.0003029419791329914 0.00023555767678007448 2.9531195547027493e-5 0.001173322062430994 0.0007908088803886021 -4.332328647496576e-5 9507.35078012797 7.387781070882782e8
1800 91494.88152461206 50.95884633539226 7.459909068644187e-6 0.00020054586804120781 0.00015866390397621755 3.09255732431743e-5 0.0006057751840334681 0.00046892710311393233 5.769370492115425e-6 0.00030080832021942586 0.0002458667755397299 3.035528400249711e-5 0.001247437524435552 0.0008602485042436397 -4.3328288689546324e-5 9507.350780127965 7.387781069779044e8
1850 94045.20768695616 51.065917024386806 7.436658353149759e-6 0.0002020357375796128 0.00016284064708905568 3.0415454907566094e-5 0.0006558268306818979 0.00045337468842009197 5.751388772682147e-6 0.00029555744510445677 0.0002602202444420195 2.9853327081567658e-5 0.0013168067895922096 0.0009243718894236973 -4.3137868208128136e-5 9507.35078012799 7.38778106867599e8
1900 96575.7305219198 51.252778419103294 7.48577483769786e-6 0.00020347627268473912 0.00016722250551149583 2.8863466992744982e-5 0.0006875989674935912 0.00044604298008458067 5.789374650795392e-6 0.00028924144681464 0.0002777562984253092 2.8336564834853868e-5 0.0013351121008802432 0.0010597106531773023 -4.2903611374220725e-5 9507.350780127985 7.387781067587624e8
1950 99136.20832991406 51.11677102513186 7.581628032190341e-6 0.00020500836136855797 0.00017179026088193623 2.711869235415376e-5 0.0007019542471582959 0.00043155491854966874 5.8635059286409144e-6 0.00028304620002805793 0.0002990501454715037 2.661775049407233e-5 0.0012424745727430508 0.0012239546245049837 -4.288364507840918e-5 9507.350780128 7.387781066489812e8
2000 101688.31388264643 50.98389392917805 7.657693825754308e-6 0.00020674114694296342 0.0001760945484834247 2.7747339995334197e-5 0.0007073379322363036 0.0004497181336592899 5.922333957348708e-6 0.0002779515241060676 0.00032274105933465755 2.723439390649603e-5 0.0011363646244080354 0.0012941248906626164 -4.300885007778756e-5 9507.35078012799 7.387781065393901e8
2050 104189.35765214442 50.93444520900711 7.693736041579708e-6 0.00020869784138694288 0.00017987645830303664 2.8959674000564865e-5 0.0007168855317724256 0.0004667054079077053 5.9502084119220245e-6 0.000274840305689639 0.0003450947969981931 2.8426704594717107e-5 0.0010350247477810704 0.0013530042524684137 -4.3104518761397635e-5 9507.35078012799 7.387781064316884e8
2100 106736.55281177207 50.96647562022737 7.718661518971064e-6 0.00021103866448595092 0.0001828539789876713 2.9748033558672843e-5 0.000716661856880108 0.00046721489961136644 5.96948536455557e-6 0.0002744449912214782 0.0003617775293498765 2.9198198736522563e-5 0.0009365996325614507 0.001402412447781 -4.3156139581227054e-5 9507.350780127972 7.38778106321826e8
2150 109285.46367916715 50.953086224147256 7.750639717098945e-6 0.00021383329745030185 0.0001845711935071434 3.124906649987604e-5 0.0006889545512843802 0.00043812721901045676 5.994216774948794e-6 0.00027732864831959996 0.0003680383303020312 3.067233428428406e-5 0.0008713277700272175 0.001430735208040132 -4.3183460399129976e-5 9507.35078012798 7.387781062117685e8
2200 111832.37351616974 50.93743047105448 7.770524823343743e-6 0.00021715827197871373 0.00018511413928753862 3.1105201856819204e-5 0.0006625841493570811 0.0004852924014299865 6.009595587766516e-6 0.00028354034396662275 0.00036388218406532456 3.053406736448627e-5 0.0008519858385365194 0.0014457657026681516 -4.311981991927215e-5 9507.350780127956 7.387781061018431e8
2250 114358.81362282144 51.00415527527334 7.785011260060598e-6 0.00022099455925496023 0.00018482179232955526 2.9500186543135294e-5 0.00068713870309043 0.0005251176783956342 6.020799158718525e-6 0.0002927395241504599 0.0003527708255391237 2.89548691465482e-5 0.0008616435804518309 0.0014427522384608973 -4.30078873858766e-5 9507.35078012799 7.387781059930458e8
2300 116912.50287959911 51.1541264846104 7.800521941711068e-6 0.00022537177317695045 0.00018394469951648314 2.9783472983851408e-5 0.0007116791155689834 0.0005588181580473489 6.0327948637839525e-6 0.00030494368023420036 0.00033807585870862235 2.9235552563394262e-5 0.0009335512574227975 0.0013769641811252223 -4.291327327186133e-5 9507.350780127972 7.387781058833466e8
2350 119474.04700596546 51.20767308338273 7.802587536704153e-6 0.0002300933639322154 0.00018269130707444285 2.9224797315470015e-5 0.0007183770454192551 0.0005820343563029164 6.034392360842653e-6 0.00031993541119575147 0.000322565083872963 2.8690758346671353e-5 0.001040662454828986 0.0012352346184702357 -4.283156066089822e-5 9507.350780128003 7.387781057735236e8
2400 121981.31551643377 51.038646148903986 7.807901841389551e-6 0.00023459445090154223 0.00018151553392290417 2.886410897123309e-5 0.0007175957021862172 0.0005961668998550297 6.038502356335361e-6 0.00033613292984534726 0.000308884082472906 2.8332202566667442e-5 0.0011207609198905645 0.0011196315252927592 -4.276422378131786e-5 9507.350780128 7.38778105666232e8
2450 124530.59418848288 50.94819830429673 7.838834402259304e-6 0.00023855421874863003 0.00018098283904437851 3.051993046981992e-5 0.0007176205157835229 0.0006192640655779974 6.062425088136858e-6 0.0003519305022180005 0.0002985243339041497 2.995828136072588e-5 0.0011860279287053866 0.0010375563411812473 -4.280029059665867e-5 9507.35078012797 7.387781055571951e8
2500 127077.47826261852 50.94117365001423 7.88522716756359e-6 0.00024166176585390883 0.00018128030569689821 3.1773471280890034e-5 0.000722495752979558 0.0006577790640104964 6.098304486763931e-6 0.00036450932145490745 0.0002927413170321019 3.1187711437994465e-5 0.0012271893088964334 0.0010634471284067238 -4.2942997345155915e-5 9507.350780127981 7.387781054480188e8
2550 129600.0 24.972168852342293 7.944077076288623e-6 0.0002437646835070599 0.00018241383733569408 3.252617814744115e-5 0.0007082409830324332 0.0006989938694128393 6.143818034416263e-6 0.00037157482931125764 0.00029164585312170646 3.192514723418317e-5 0.0012328085122178935 0.0010824046427288692 -4.3047925044631135e-5 9507.350780127976 7.387781053395408e8
2600 132147.74937724485 50.93469651767746 7.988853713627595e-6 0.0002449082668366981 0.00018477509747034734 3.2815382258342496e-5 0.0006674631572325201 0.0006372961874898999 6.178447546360377e-6 0.0003722847832933736 0.00029548273841148155 3.22098854328659e-5 0.0012686890388237503 0.0010410293225181658 -4.3035798969550104e-5 9507.350780128001 7.387781052298678e8
2650 134694.83691153993 50.96215128536974 7.997832962731735e-6 0.00024526694113048605 0.00018823989370208045 3.254640761253833e-5 0.0007045995570710958 0.0006056216165512813 6.185391949349459e-6 0.00036731052877536836 0.0003046503577643678 3.194623051393458e-5 0.0013188324082585687 0.0010089890638870097 -4.296919878076214e-5 9507.350780127981 7.387781051203307e8
2700 137245.42472167808 51.07299359352206 7.971554119251811e-6 0.0002451423058235457 0.00019227677026415288 3.154007557316257e-5 0.0007324039078229506 0.0005936671734761604 6.165068325729683e-6 0.0003585229978652899 0.00031905852745204433 3.095706573186981e-5 0.0013407744810871305 0.0010066351614077779 -4.28711486326128e-5 9507.350780127974 7.387781050108463e8
2750 139776.0195901083 51.26346842707556 7.93157714671218e-6 0.0002448038356479114 0.0001966737659025787 3.066552541224243e-5 0.0007429568467498173 0.000593062170240742 6.134150795286566e-6 0.00034826752117402346 0.0003379646204844717 3.0105564205177834e-5 0.0013382891266868835 0.0010303654072225832 -4.2705942515228446e-5 9507.350780127983 7.38778104902553e8
2800 142336.14770796447 51.10870868703927 7.932854478387338e-6 0.0002444278178058999 0.0002012930957378097 2.99663122501542e-5 0.0007417653555642169 0.0005808641752699542 6.135138662512777e-6 0.0003383892925488541 0.0003606439412125693 2.9412558610516207e-5 0.0012393744773816922 0.0012165101321689152 -4.2550322646015466e-5 9507.350780127988 7.387781047934433e8
2850 144887.94716947194 50.97964990057045 7.986998089405948e-6 0.00024424168995577727 0.0002056992952761836 3.1049269214125405e-5 0.0007377253392822352 0.000565785924663877 6.177012437228245e-6 0.00033057702895491825 0.00038442089211167485 3.047549792966753e-5 0.0011343177088917124 0.0012975851653594327 -4.2575780060731136e-5 9507.350780127996 7.387781046848786e8
2900 147389.34962229594 50.93399116018558 8.039458219805743e-6 0.0002444784917386714 0.0002093813934573323 3.20759809098583e-5 0.0007398097001836676 0.0005451349816311558 6.217584235834465e-6 0.000325722165443184 0.0004049140458106403 3.148520697484517e-5 0.0010819339174943639 0.0013625085592611358 -4.279659811481473e-5 9507.350780127994 7.387781045781308e8
2950 149936.62042921732 50.96986512598978 8.065021693855888e-6 0.0002453538832320304 0.00021178514601392294 3.260962035733158e-5 0.0007335503825121802 0.0005170415930879029 6.237354604546626e-6 0.0003240427740609035 0.0004180000181193525 3.200690225033871e-5 0.0011175621536267096 0.0014119597828001584 -4.30050291925818e-5 9507.350780127974 7.387781044688141e8
3000 152485.48996967243 50.95056562008304 8.071660354262087e-6 0.0002470498812487204 0.00021249677695637056 3.3714560789993506e-5 0.0007191438681429091 0.0005212762883143116 6.242488834884344e-6 0.0003259925870593905 0.00041987955076196 3.309268544035313e-5 0.001100261861371732 0.0014657516943821752 -4.30166547814128e-5 9507.350780127976 7.387781043591411e8
3050 155032.3702512337 50.9387030377328 8.06683229911716e-6 0.00024961149471138905 0.00021178945980069493 3.4988130065167476e-5 0.0006991279080688817 0.0005485772224962802 6.238754896757945e-6 0.00033171238493920265 0.0004111629564828555 3.434548302971568e-5 0.0010595879273998144 0.0014903107551276866 -4.28709795519798e-5 9507.350780127994 7.387781042497532e8
3100 157558.95640086712 51.00921199344321 8.057183423794034e-6 0.00025285594915530873 0.0002101696686591233 3.473920383069603e-5 0.0007257466693625567 0.0005719788412191439 6.231292615912304e-6 0.00034094994740166786 0.0003955895879551005 3.409729928647942e-5 0.0010422636112576557 0.0015159324639830408 -4.2726239464697736e-5 9507.350780127994 7.387781041416243e8
3150 160112.99463344735 51.16293259534305 8.046708048435545e-6 0.0002566915603892844 0.00020803008820068463 3.3996476364143604e-5 0.0007377675960080195 0.0005932563531475031 6.223191133582261e-6 0.00035365211144037617 0.0003767924422364013 3.3371761466952335e-5 0.0011291423383971728 0.0014811908118716973 -4.262213500508001e-5 9507.350780127994 7.387781040326397e8
3200 162674.62495065687 51.19780395144747 8.053416485380044e-6 0.0002609579158324065 0.00020563305246798687 3.333248845610816e-5 0.0007396045180246096 0.0006059804126649271 6.2283793279433936e-6 0.00036929756686374977 0.00035798949086934074 3.272239206255082e-5 0.0012569735551339549 0.0013372959157134606 -4.254646398886426e-5 9507.350780127974 7.387781039235612e8
3250 165181.1778801537 51.03248494356458 8.096159801555244e-6 0.0002652076452441924 0.00020334487706406512 3.2390595778307785e-5 0.0007378553383002743 0.0006113389152497 6.2614363028752346e-6 0.0003860152829829724 0.00034201915474695266 3.179336849983575e-5 0.0013108694898629099 0.0011865505257035145 -4.250233205440183e-5 9507.350780127972 7.387781038169854e8
3300 167730.24592642582 50.945864070880845 8.16970579764234e-6 0.00026909936586815876 0.00020166970544481224 3.125913665274107e-5 0.0007371797164421099 0.0006260660048346748 6.318315561821855e-6 0.00040191825321377517 0.00033018953764290567 3.0684337309449184e-5 0.0013481235249068885 0.0010731410916455602 -4.255011163299517e-5 9507.350780127981 7.387781037086045e8
3350 170277.11109787013 50.94266999318874 8.228326309379262e-6 0.0002721075563280536 0.00020117932148196315 3.2920028876098524e-5 0.0007362540218556682 0.0006565176137273212 6.363651697629143e-6 0.00041392955682449575 0.00032405806163404553 3.231342153761503e-5 0.0013717396061814833 0.0011050641581831298 -4.269554871464792e-5 9507.350780127981 7.387781036000639e8
3400 172800.0 25.243750127061503 8.254439323490492e-6 0.0002739538276386503 0.0002020079762808763 3.367716585944464e-5 0.0007200552013909138 0.0006846183647548386 6.383847071552402e-6 0.00041988988929273256 0.00032373215304602087 3.3055084362594955e-5 0.0013597073233977087 0.0011261811738316194 -4.282931515977549e-5 9507.350780128001 7.387781034921683e8
3450 175347.6127232814 50.93379966605167 8.26728557603882e-6 0.0002747386867951259 0.00020400120143683175 3.5163538893762054e-5 0.0007822692374473232 0.0006199878921695855 6.393782151150984e-6 0.00041921716336479803 0.00032853431984238485 3.451484291140536e-5 0.0014134688448389013 0.0010902747305119585 -4.28596409767109e-5 9507.350780127994 7.387781033829935e8
3500 177894.75218642343 50.96505429005037 8.281912218560696e-6 0.0002747194346714282 0.00020698672740383523 3.586403764128566e-5 0.0008227310465748176 0.0005831823051892344 6.405094154955555e-6 0.0004127353897857098 0.0003382548236418264 3.520253233178269e-5 0.0014883576332007152 0.0010690430003381002 -4.277331773518822e-5 9507.350780127983 7.387781032739147e8
3550 180445.58170482528 51.07966848833752 8.297079278292753e-6 0.00027416104311790305 0.00021089904322221142 3.6045451123087065e-5 0.0008443948070488375 0.0005625114001352569 6.4168241085055685e-6 0.00040219660811204706 0.00035354185597340204 3.537911348266267e-5 0.0015159328210089895 0.00117297486196614 -4.260997763111186e-5 9507.350780127972 7.38778103165004e8
3600 182976.29573777196 51.273707821403654 8.310317707890795e-6 0.00027332450260537396 0.0002155326601830936 3.5439473646415645e-5 0.0008499276053319234 0.0005507358054299311 6.427062491356619e-6 0.0003900187904714503 0.0003744640031591216 3.479222419389739e-5 0.0014908123451676432 0.0013459903083330848 -4.2444712678969735e-5 9507.350780128001 7.387781030573896e8
3650 185536.03747050182 51.10101384469923 8.333490002695327e-6 0.00027246015618569657 0.00022057171011377654 3.371495111424973e-5 0.0008498034874284057 0.0005232085711082885 6.444983561528015e-6 0.0003783703828545007 0.0004000898435793949 3.3091774628035157e-5 0.0013505315622018906 0.0015182866508791023 -4.236624042125373e-5 9507.350780128 7.38778102948867e8
3700 188087.54908432474 50.975763290312216 8.375661208760294e-6 0.000271897412233698 0.00022534639121191455 3.170449264226479e-5 0.000850466909910115 0.0004931803712263035 6.477598075946803e-6 0.00036934659526134244 0.0004267754946880163 3.111890482139564e-5 0.0012282657378398195 0.001547947532130267 -4.2403808339585453e-5 9507.350780127996 7.387781028407453e8
3750 190589.344909682 50.933865772029506 8.434647422464775e-6 0.00027189547492777134 0.00022913496467435725 3.3248014848947265e-5 0.0008541421454183238 0.00046640147413610724 6.523217039617185e-6 0.0003639946720775778 0.0004492411490077922 3.263525247374872e-5 0.001139801762959605 0.0015568073215975575 -4.2549894359648774e-5 9507.350780127987 7.387781027344935e8
3800 193136.70698691305 50.973553750114945 8.489249402663072e-6 0.0002726185574744654 0.00023153798195747576 3.421581993953159e-5 0.0008391550032298049 0.0006029007198132805 6.565445309488915e-6 0.0003623491316439639 0.000463225409654375 3.358348308782776e-5 0.0011550310692434217 0.0015518428055337802 -4.273957454426438e-5 9507.35078012799 7.387781026258583e8
3850 195685.5218392195 50.948144250957746 8.511208075591549e-6 0.00027414168615986313 0.0002322845316162794 3.468943682230688e-5 0.0008548994585779488 0.0006825584643977476 6.582427784539991e-6 0.0003644799203624922 0.00046530732466835365 3.4050026332781924e-5 0.0011566099058789938 0.0016090792799500382 -4.283554974719656e-5 9507.350780127996 7.387781025167677e8
3900 198232.37648447705 50.94003305937459 8.504478485761347e-6 0.00027651726327974354 0.0002314903217934857 3.556356635937448e-5 0.0009128302612215524 0.0007124513952768605 6.577223230886255e-6 0.0003704379658493856 0.0004560428254068873 3.49102205844362e-5 0.0011601152798516286 0.0016240670966203526 -4.2756478169592194e-5 9507.350780128005 7.387781024077356e8
3950 200759.10031137697 51.01427679249869 8.49287951804049e-6 0.00027969952065010973 0.00022949285462040404 3.6128098761158936e-5 0.0009371321985520809 0.0007359220150090573 6.568252780777056e-6 0.00038026447861889506 0.0004388945425338231 3.546087965507876e-5 0.0012512046841232764 0.0016312313767264882 -4.2570126064840784e-5 9507.350780127974 7.387781022999238e8
4000 203313.4866725931 51.17170196072928 8.488980851830332e-6 0.0002836002579054497 0.00022669852037313304 3.5428808255798784e-5 0.0009450516032542166 0.0007565993174500618 6.565237616710008e-6 0.0003939937454520966 0.0004179792893213216 3.4778591067967714e-5 0.0013252059974680245 0.0015591977622968138 -4.235422805577781e-5 9507.350780127968 7.387781021914635e8
4050 205875.15827754544 51.1882427618059 8.507728273794252e-6 0.0002879064051316455 0.00022358109537204824 3.371858651636832e-5 0.0009440097916773667 0.0007674197155118377 6.579736563290041e-6 0.0004107787856662109 0.0003973468801022681 3.3100476451422964e-5 0.001341958949244549 0.0014373401205777928 -4.222906596201477e-5 9507.350780127988 7.387781020831602e8
4100 208381.04694407585 51.02666711451378 8.555727632697906e-6 0.0002920455912562237 0.00022072569518339643 3.221824202059707e-5 0.0009409302439594074 0.0007722755603866323 6.616858474877597e-6 0.00042838928147972814 0.0003802024568644306 3.162371885855122e-5 0.0013490568416531128 0.0014277783704792065 -4.2266509812641184e-5 9507.350780127994 7.387781019773235e8
4150 210929.9229311913 50.943930721511194 8.621020511720773e-6 0.0002956382902919872 0.00021860090259944988 3.604100417412979e-5 0.000940923740672711 0.000789553459321464 6.667354909363354e-6 0.0004447618889531138 0.00036762471628555397 3.5378848379975455e-5 0.0013490647304191328 0.0014087400377151393 -4.244713074836113e-5 9507.350780127996 7.38778101869384e8
4200 213476.7906835114 50.94461893044219 8.66935336614253e-6 0.0002981812413321882 0.00021768235285142383 3.8293140118764845e-5 0.0009387436132354003 0.000826855626286359 6.704734740881175e-6 0.0004565325991352922 0.00036077567948548944 3.758792732060219e-5 0.0013248891276622012 0.0013962012969082496 -4.264963264847292e-5 9507.350780127987 7.387781017610084e8
4250 216000.0 25.466063045343617 8.68291925740599e-6 0.00029945931339260133 0.0002181738157462778 3.958758526897906e-5 0.000911698433354186 0.0008483458819039348 6.7152263771776185e-6 0.00046138131965828673 0.0003598265032312895 3.885617522010402e-5 0.0013934268185319515 0.0013756600322209786 -4.274213782285363e-5 9507.350780127981 7.387781016532447e8
4300 218547.51276350455 50.93362975440294 8.667755948410096e-6 0.00029953604881870633 0.00022008579981272632 4.004673561690133e-5 0.0008734660701670827 0.0007563795010031867 6.7034993243833815e-6 0.0004588127127380271 0.00036474036171752275 3.930817337340348e-5 0.0014498398015206537 0.0012971748910094937 -4.268507683553883e-5 9507.350780127968 7.387781015444076e8
4350 221094.73973934646 50.968652619041606 8.646432052144465e-6 0.00029860820606748356 0.00022324150093192032 3.894504078394011e-5 0.0009107186308118053 0.0006942308228668081 6.687007775122673e-6 0.00045010373490322734 0.00037540519605161194 3.8226134400228844e-5 0.0014779386695302657 0.00125432754440864 -4.253178489332521e-5 9507.350780127992 7.387781014358637e8
4400 223645.84510690783 51.08701991887162 8.649417714921668e-6 0.0002969953042866519 0.00022733794905504937 3.660991001871008e-5 0.0009310494038164091 0.0006573617607457318 6.6893168374155785e-6 0.000437601279094494 0.00039169135728756504 3.5933154771056685e-5 0.0014781053084306401 0.0011988709969052084 -4.23543249056435e-5 9507.35078012798 7.387781013275874e8
4450 226176.59211587906 51.28462577759112 8.681365591848567e-6 0.0002951378076429749 0.00023197442186789077 3.4800025359027445e-5 0.000940452479110236 0.0006286240423043776 6.7140247978905235e-6 0.0004239515713356978 0.0004131325831319259 3.416441381010699e-5 0.00146531651275954 0.0012512862380260194 -4.222769292196893e-5 9507.350780127983 7.387781012205842e8
4500 228735.89852806047 51.0933028244544 8.720132517056557e-6 0.00029337919889870943 0.00023681591350843006 3.2152236573783925e-5 0.0009448377578331291 0.0005804008408288816 6.744006497707727e-6 0.00041102703592581073 0.0004389208238691238 3.155787950099814e-5 0.001443213604926387 0.0014171904352236861 -4.223636260970364e-5 9507.35078012798 7.387781011125296e8
4550 231287.12301420892 50.97192578019298 8.74644328397083e-6 0.000291994922096897 0.00024133315225455552 3.283051623767377e-5 0.000949377660779765 0.000528455740449795 6.764354810384941e-6 0.00040065010277079026 0.0004654772969619654 3.222453097736443e-5 0.0014694413257239744 0.0014650528659014945 -4.235683658601952e-5 9507.350780127974 7.387781010046372e8
4600 233789.34136263875 50.93386249810484 8.756844127504292e-6 0.00029119152569182915 0.00024498922369956265 3.6133184566142576e-5 0.0009575017692361939 0.00047603669465998583 6.7723986510279775e-6 0.00039399897529648827 0.0004873046496555331 3.546688426527329e-5 0.0014891623855762778 0.001499841075217882 -4.2492698664284324e-5 9507.350780128 7.387781008984743e8
4650 236336.80192725602 50.97740070305044 8.76815865315392e-6 0.0002911456710853425 0.0002473405004740056 3.84608704633137e-5 0.0009455157607652069 0.0005835497208873824 6.781149118336449e-6 0.0003914008731381554 0.0004997719684096104 3.775022629457226e-5 0.0015100917367929247 0.0015719238156117477 -4.25768318733053e-5 9507.350780128 7.387781007901065e8
4700 238885.5534910708 50.94603455567316 8.789215405699098e-6 0.0002920280658438876 0.00024793117901998586 3.923235586071785e-5 0.0008996949366735605 0.0006549527176690379 6.797434063053349e-6 0.00039315605740423965 0.0004993514534644658 3.850987055183919e-5 0.0014526911609679337 0.0016570395323379083 -4.260103233066477e-5 9507.350780128 7.387781006815454e8
4750 241432.39774022112 50.94166001343048 8.800340504550148e-6 0.0002939205910558135 0.0002467704390363292 3.811591142286387e-5 0.000875131662787333 0.0006853113100991979 6.806038030802972e-6 0.0003991641090363752 0.00048716464982326003 3.741563487545401e-5 0.001396536852534725 0.0016700525843200479 -4.2569306748283606e-5 9507.350780127996 7.387781005730743e8
4800 243959.2556320856 51.019620014380365 8.796717763322344e-6 0.00029676317581854393 0.00024417412530326424 3.8383082533097694e-5 0.0009025971125718901 0.0007113705914897553 6.803236262558223e-6 0.0004091362395920873 0.0004673660775165778 3.767467595117477e-5 0.0013456384393005243 0.0016640276953960422 -4.246952966110242e-5 9507.350780127972 7.387781004656128e8
4850 246514.00364072077 51.1807330120834 8.79823625622601e-6 0.0003004422293271233 0.0002406492482899611 3.782467345179383e-5 0.0009149411275918219 0.0007352854949447556 6.804410639896127e-6 0.0004230296965531441 0.0004441543537189342 3.713147290504263e-5 0.0013128715432102298 0.001577418924835342 -4.228875411801275e-5 9507.35078012797 7.387781003573401e8
4900 249075.67734371912 51.17892507597114 8.818081057043365e-6 0.00030459451438214435 0.00023695883796742763 3.5375386558333295e-5 0.0009164697306818656 0.0007466633649034162 6.819758281161805e-6 0.0004400336344317833 0.00042176755849114827 3.472600209264213e-5 0.001412022915652012 0.001449377935986171 -4.215652394184368e-5 9507.35078012799 7.387781002492039e8
4950 251580.92116460242 51.02111012089881 8.84684208319862e-6 0.00030858783121503976 0.00023381911021401166 3.291569219248287e-5 0.0009158859957422546 0.0007533656492560688 6.84200158387433e-6 0.00045775459564917093 0.000403715145473545 3.230788919072706e-5 0.0014493737919063214 0.0014598906449958112 -4.217433659932189e-5 9507.350780127985 7.387781001436014e8
5000 254129.61807512437 50.94224851117424 8.878019080572485e-6 0.00031202217181950027 0.0002315280695532917 3.67965425091599e-5 0.0009214366925461954 0.0007751044761819258 6.866113358834943e-6 0.00047390475120025514 0.00039099541357834095 3.612054123623765e-5 0.0014610466366966571 0.001476034515280017 -4.2331174180964646e-5 9507.350780127976 7.387781000359358e8
5050 256676.49996445238 50.94677813910152 8.914944559305356e-6 0.0003143849532099388 0.00023042768694610458 3.9272368101306895e-5 0.0009250522857042859 0.0008185664411542087 6.894670914355999e-6 0.0004849653097424539 0.00038446507835446225 3.8548526244452424e-5 0.0014428345675089823 0.0014923804350590749 -4.253886825535684e-5 9507.350780127994 7.38778099927856e8
5100 259200.0 25.674115577858174 8.950818595668158e-6 0.00031546915097088073 0.00023075323927227787 4.02006579482942e-5 0.0009011918236904409 0.000836792917350965 6.922415301707384e-6 0.000488773712665482 0.00038388240857286244 3.9457750469454076e-5 0.0015031922474601303 0.0014794874353502086 -4.2679988259505835e-5 9507.350780127976 7.387780998203051e8
5150 261747.4089996966 50.93335757358463 8.971016720417219e-6 0.00031539304087223086 0.00023250293580603882 3.962207719947815e-5 0.0009031326510971312 0.0007487428356525345 6.938036197868466e-6 0.00048510538006600883 0.0003889736271931279 3.88917240383747e-5 0.0015481330431496767 0.0014002144736880013 -4.266633093842331e-5 9507.350780128012 7.38778099711565e8
5200 264294.7172231077 50.972105150474384 8.97368657650397e-6 0.0003144374667369469 0.00023540535612451337 3.8515155432906536e-5 0.0009337278100953448 0.0006831208550007494 6.94010102047883e-6 0.0004753624516716999 0.00039983510418694284 3.7803726071048896e-5 0.001558759871107242 0.001360268013710589 -4.250503561596165e-5 9507.350780127992 7.387780996030682e8
5250 266846.09018036124 51.094187946881576 8.966657139434135e-6 0.0003129145675837886 0.00023921763178027272 3.741489844592804e-5 0.0009469402288546721 0.0006275686070656034 6.9346645699245775e-6 0.00046188106903937614 0.000416862936355054 3.6723346266121334e-5 0.001539653140769454 0.0013178412652688361 -4.229582131665126e-5 9507.35078012798 7.38778099494886e8
5300 269376.8721954086 51.285463109662295 8.96466996604722e-6 0.0003111272132171193 0.00024371313825347673 3.579933639044298e-5 0.0009512456823293552 0.0005741795562343359 6.933127722836859e-6 0.0004473397322771422 0.00043975750876727526 3.51455048337377e-5 0.0015349073518325918 0.0014583472326108562 -4.215060260715732e-5 9507.35078012802 7.387780993880576e8
5350 271935.72352582787 51.08600309579182 8.98470089058597e-6 0.00030933349093992165 0.0002486284227126213 3.562314337396217e-5 0.0009521400364420555 0.0005191356618528282 6.948619309116614e-6 0.0004337130620573827 0.0004672437205328231 3.496461451670679e-5 0.0014998951914850678 0.0015859721117040646 -4.215425916939351e-5 9507.35078012802 7.387780992802268e8
5400 274486.68118837493 50.968485561141016 9.028388237566984e-6 0.0003079054984900361 0.000253253419670563 3.8681330154701766e-5 0.0009536359611087145 0.00046158942470178084 6.982406381886533e-6 0.0004230032643529741 0.0004948995393442008 3.796792697969682e-5 0.0015255361451221566 0.0015779999236674174 -4.228931894462866e-5 9507.350780128008 7.387780991725433e8
5450 276989.3414860127 50.934222487096 9.08125564785051e-6 0.0003071794535495899 0.00025674413761847537 4.2131876236773095e-5 0.0009619915142877288 0.00047711181869085486 7.023293164027582e-6 0.0004164286399710361 0.000516712317161894 4.135468262884732e-5 0.0015458153260317243 0.0015529736280644473 -4.2483073702987405e-5 9507.350780128003 7.387780990664686e8
5500 279536.91762645316 50.981569319652976 9.128227937016612e-6 0.0003073783012014356 0.0002585674194011911 4.447876169381826e-5 0.0009532791556856859 0.0006362687661397955 7.059620756838475e-6 0.0004142374020617526 0.0005281566260911552 4.3657170507812146e-5 0.0015649161542547168 0.0016986715027099313 -4.2638766157731354e-5 9507.350780128007 7.387780989580221e8
5550 282085.59777806205 50.94421670585652 9.15074985372212e-6 0.0003086389837187822 0.0002584702831553604 4.5063874315017234e-5 0.0009105606581747763 0.0006939554325927194 7.0770388353243684e-6 0.00041659591316859843 0.0005262811323968731 4.4233518319731036e-5 0.0014986535439618176 0.0017730262459490866 -4.266303891676186e-5 9507.350780127985 7.387780988492829e8
5600 284632.4465254287 50.94358836728105 9.141853559453687e-6 0.00031093478107248416 0.0002567226142442967 4.3412650986190935e-5 0.0009098107397055457 0.0007167524755043776 7.0701585882407714e-6 0.00042324256705718 0.0005127845691073757 4.2614405155001016e-5 0.0014527790507571799 0.0017778285431804134 -4.256021207536727e-5 9507.350780128003 7.387780987407413e8
5650 287159.4228310175 51.02525489945023 9.11981006205212e-6 0.00031405387835295803 0.00025380663934294374 4.0314981623477125e-5 0.000929802909730741 0.000736910116152145 7.0531105113427595e-6 0.0004337539564719419 0.0004921342472192359 3.95714918844276e-5 0.001417406254882277 0.0017664444558062819 -4.241327171952209e-5 9507.350780127994 7.3877809863337e8
5700 289714.54658656614 51.19003743025023 9.108942688296057e-6 0.0003178254005825781 0.0002501671326387869 3.6265591885916966e-5 0.000938182866542601 0.0007580648694919749 7.044705863927217e-6 0.00044800874266499245 0.00046842774722863535 3.560199372838314e-5 0.001365143154371361 0.0017719197887365646 -4.224990091181981e-5 9507.350780128008 7.387780985252104e8
5750 292276.1752763027 51.16950050006661 9.122789365579949e-6 0.00032196738173313565 0.00024635059732111737 3.573617175677123e-5 0.0009396757541342375 0.0007685715006485638 7.0554146554938724e-6 0.00046517937163784243 0.0004455953051177589 3.507935266389675e-5 0.0013540098419470303 0.00170987258587299 -4.214415286710338e-5 9507.350780128 7.387780984171412e8
5800 294780.79359168676 51.01546718508454 9.159790675819407e-6 0.0003259440176371996 0.00024299890413592617 4.009187255376862e-5 0.0009414791483880681 0.0007775174383633311 7.084030857847659e-6 0.000482997672074877 0.0004269282367321734 3.935114939488401e-5 0.0013724721727430402 0.0016309460595509743 -4.216241423497044e-5 9507.350780127988 7.387780983115902e8
5850 297329.30771014886 50.94050550445926 9.20668477699785e-6 0.0003293508322963091 0.00024052580975523057 4.363868110387436e-5 0.0009506677176223504 0.0008029691754000314 7.12029798136394e-6 0.0004992779562591448 0.0004134135264080995 4.283713154530119e-5 0.001377443770598004 0.0016034399494429742 -4.2308180483837526e-5 9507.350780127981 7.387780982039753e8
5900 299876.2016261276 50.94891353679645 9.248365734442008e-6 0.00033159116075450346 0.00023935932017043543 4.554862727892439e-5 0.0009564194077769139 0.0008513405334342573 7.152533345596459e-6 0.0005103038343580398 0.0004061844478323022 4.4708500398673696e-5 0.0013595314169870263 0.0016440759602255749 -4.249246957473589e-5 9507.350780128 7.387780980959762e8
5950 302400.0 25.907475103100296 9.273883526252652e-6 0.00033242286650578886 0.00023968044500320075 4.617762404428336e-5 0.0009317393417729973 0.0008640246430224422 7.1722683844199424e-6 0.0005135801919181331 0.00040544887094397675 4.532414792083231e-5 0.0014277788403302685 0.0016501423157843456 -4.25939020565134e-5 9507.350780127996 7.387780979885795e8
6000 304947.32346874743 50.93347838637034 9.277238008739055e-6 0.0003319959740638829 0.00024145430244590623 4.5560815622094424e-5 0.000869812610389969 0.0007749607399431378 7.174862685783818e-6 0.0005087523308768013 0.0004112295159647697 4.472151925109463e-5 0.0015103755634411195 0.0015970669344463149 -4.255508810967804e-5 9507.35078012801 7.387780978800995e8
6050 307494.73384717864 50.97599608367182 9.261542565886096e-6 0.0003306009657544071 0.0002444904258386971 4.34771979767904e-5 0.0008434042060959848 0.0007109266887017254 7.162724089452717e-6 0.0004974406208013188 0.00042344962585027515 4.2673725020821655e-5 0.0015735818020025118 0.0015797959462355896 -4.2402858874094036e-5 9507.350780127976 7.387780977718762e8
6100 310046.39681941783 51.10180858866383 9.241629047942455e-6 0.0003285307493609083 0.0002485503248804046 4.0641371443460434e-5 0.0008548896133873175 0.0006608928891285335 7.147323303496897e-6 0.00048238178703244826 0.0004419129129279358 3.989038034992864e-5 0.0016134909904650563 0.0015542767241304163 -4.220694423763134e-5 9507.350780128021 7.387780976639239e8
6150 312577.11518505664 51.274388851667396 9.244933584901618e-6 0.000326177057648494 0.00025323795044360133 3.69852496517291e-5 0.0008583801708684963 0.0006126858992340895 7.149878977818181e-6 0.0004666604639776278 0.00046560452336311597 3.6309868308732276e-5 0.0016679909825626257 0.0015094492581332222 -4.2046981605817555e-5 9507.350780128 7.387780975573335e8
6200 315135.5081741024 51.07869122658499 9.28474603174029e-6 0.0003239636948210215 0.0002581118542588566 3.674874857266574e-5 0.0008594339025678544 0.0005406272883937361 7.180669266797152e-6 0.00045249109182081957 0.0004929097804664776 3.6069466585053576e-5 0.0016451396543674212 0.0016040428485800124 -4.202871197291145e-5 9507.350780128021 7.387780974498187e8
6250 317686.1982575217 50.965025307678815 9.339737460801937e-6 0.0003223740033062178 0.00026240260766466583 4.054687036811831e-5 0.0008634701002539699 0.000483308885621959 7.223198729988833e-6 0.0004418288124421774 0.0005196591437796507 3.979915555178417e-5 0.0015950162581044307 0.0016129722431183246 -4.217345846896639e-5 9507.350780127994 7.387780973424598e8
6300 320189.3414171866 50.934564284671396 9.378586082749368e-6 0.0003216637213664388 0.0002654036020518633 4.314059423982595e-5 0.0008742426542638904 0.0004927849537191983 7.253243612714503e-6 0.0004354946681715215 0.0005404104904526716 4.234461560766348e-5 0.0015426585666033403 0.0016067975471551286 -4.239017081480048e-5 9507.350780127996 7.387780972366276e8
6350 322737.03267221054 50.985738509245294 9.393010608956172e-6 0.00032184768391950203 0.0002668291683614487 4.48606959106478e-5 0.0008655676686019635 0.0005876184763306543 7.26439930309936e-6 0.00043335502732244 0.0005509118922702248 4.403181016761148e-5 0.0015953144870130245 0.0015910273304203535 -4.2544332910364e-5 9507.350780127985 7.387780971284071e8
6400 325285.61684335425 50.94233203584522 9.39044319789717e-6 0.00032292876837661575 0.00026661488621905493 4.53647064741504e-5 0.0008247673951120663 0.0006295676881545593 7.262413709779371e-6 0.0004355311595752212 0.0005480658372695127 4.452840266254378e-5 0.0015590069300165427 0.0016530607612860247 -4.254939581035915e-5 9507.350780128023 7.387780970199393e8
6450 327832.46686528425 50.945459781392486 9.384639048158488e-6 0.000324979588410054 0.00026492627583220426 4.402607471557268e-5 0.00082962640285519 0.0006484795541817969 7.257924876214355e-6 0.0004421146537360931 0.0005331850388929104 4.3215904370537915e-5 0.0015431520881683846 0.0016880967824097332 -4.243048058044249e-5 9507.35078012802 7.387780969117022e8
6500 330359.58861531236 51.03087098817533 9.383058567072546e-6 0.0003280449617104982 0.0002620050001277695 4.132724046282127e-5 0.0008480523233480446 0.0006685220205378008 7.256702558239018e-6 0.0004530391582010049 0.0005108032746317342 4.056576319994971e-5 0.0015151583779615297 0.0017201739790586824 -4.226464402944291e-5 9507.350780128001 7.387780968046795e8
6550 332915.0883507389 51.199368507376526 9.388895033684575e-6 0.00033207046447192605 0.0002581793159562726 4.0202765654370673e-5 0.000857820133988847 0.000691011042873555 7.261216385142062e-6 0.00046812813923375484 0.0004855941977015093 3.9468336811050176e-5 0.0015144027631723905 0.0017023020978387958 -4.208992023429869e-5 9507.350780127967 7.387780966969041e8
6600 335476.6393680485 51.16065680150576 9.408345916506624e-6 0.0003366416743598165 0.0002540822209094499 3.996597820781402e-5 0.0008606678773390203 0.000702021478345355 7.276259376733921e-6 0.00048609340900300046 0.0004620126343479684 3.923059576597449e-5 0.0015733984392106565 0.0016632938176969014 -4.2006946259968606e-5 9507.350780127957 7.387780965892223e8
6650 337980.6771643429 51.010375829043994 9.446589526945946e-6 0.0003410248950650521 0.0002504962697089289 4.0472022783276806e-5 0.0008622346455987038 0.0007111889740499542 7.3058363535521906e-6 0.0005042345389310928 0.0004432636597764185 3.97239545187466e-5 0.0015541586270480232 0.0016011193585517306 -4.2066900730365016e-5 9507.35078012798 7.387780964839857e8
6700 340529.03524262155 50.93928080654098 9.499327754323315e-6 0.00034477055997039806 0.00024791194758333425 4.3358256120575676e-5 0.0008689874123059151 0.000734052053962108 7.3466232277661224e-6 0.0005203396248151979 0.0004299730266764598 4.2562119095583984e-5 0.0015041411546644875 0.0015313515842108158 -4.22321476314221e-5 9507.350780128007 7.387780963765898e8
6750 343075.9661371601 50.95152860131901 9.54367474106103e-6 0.00034733320902024243 0.00024684659631654985 4.528299426697813e-5 0.0008824504881202767 0.0007766962601483717 7.380920455031268e-6 0.0005309903210132327 0.0004230828430739202 4.444727963231032e-5 0.001433582894245191 0.0015709748879443118 -4.23924071495075e-5 9507.350780127994 7.387780962688073e8
6800 345600.0 26.083518683852162 9.559248925614628e-6 0.0003485121319764359 0.0002474068587215585 4.5771069580223364e-5 0.0008714754470196546 0.000778350748828371 7.392965272195774e-6 0.0005339786983037884 0.00042270972180725975 4.492507484637748e-5 0.001455949569653707 0.0015848895449004526 -4.244373472791784e-5 9507.350780128 7.387780961617101e8
6850 348147.23966483446 50.933642242151045 9.542235595868534e-6 0.00034846162621376844 0.0002493408939874581 4.476978768364983e-5 0.0009013304235584784 0.0006965796126417095 7.379807443905789e-6 0.000528992532236611 0.0004288721453266138 4.394566968515675e-5 0.001538434663967541 0.0015518234242708074 -4.2356813869061445e-5 9507.350780128 7.387780960536761e8
6900 350694.7548654719 50.9799510792488 9.513343865198397e-6 0.00034751184039354024 0.0002523004689119536 4.225424016954653e-5 0.0009242075244219404 0.0006367325662892992 7.357463056475691e-6 0.0005175888329893372 0.0004415311303484358 4.14730853185471e-5 0.0016049457370312257 0.0015369491105169577 -4.2173382732642214e-5 9507.350780128003 7.387780959460016e8
6950 353246.7118322431 51.10952721899273 9.505111971793341e-6 0.0003460207153101389 0.0002560370949716393 4.1106403734633076e-5 0.0009350029919347061 0.0005868639545339718 7.351096646048919e-6 0.000502489502377956 0.00046041592393674996 4.034711917751062e-5 0.0016652662730308166 0.0014998550406897099 -4.1975012407964525e-5 9507.350780127987 7.387780958386312e8
7000 355777.31287369353 51.263635009456074 9.529238041367747e-6 0.00034433170599299054 0.00026026235562551323 4.195776734055886e-5 0.0009378397491971155 0.0005349434222710181 7.369755349874569e-6 0.0004868383439378061 0.0004843653771123111 4.119179439398795e-5 0.0017189990570886423 0.0015461548629824818 -4.1831060970599066e-5 9507.350780127992 7.387780957326121e8
7050 358335.2627078395 51.0716704916386 9.570870520688584e-6 0.0003427339834417652 0.00026472929657109294 4.3325256254746e-5 0.0009371787771785216 0.0004681191352372518 7.401953221928112e-6 0.00047286921522690764 0.000511755519757723 4.252455164683592e-5 0.0016852134629608074 0.001642115665391137 -4.179639432147582e-5 9507.350780128014 7.38778095625677e8
7100 360885.69943053473 50.96184359382735 9.613422613357547e-6 0.0003415968786914741 0.00026886787932206834 4.328528269123937e-5 0.0009386672301690465 0.000449166626288842 7.43486230775617e-6 0.00046244365818293203 0.000538552816251031 4.2487076294219384e-5 0.0016525806905696202 0.0016101092754116344 -4.1862651906576e-5 9507.350780128 7.387780955190113e8
7150 363389.34392289334 50.93516000651474 9.644960144737087e-6 0.0003412457770050441 0.00027195451047378085 4.5769318451574e-5 0.0009484597826865444 0.00048525812366057545 7.459252913761943e-6 0.0004563366088107069 0.0005594257287561915 4.49247286042779e-5 0.0016006661628407456 0.0015616021450418518 -4.199354785447276e-5 9507.350780128008 7.387780954140486e8
7200 365937.16176440724 50.99011153514957 9.656979094971779e-6 0.00034189229620521584 0.00027346127535856875 4.673880168497032e-5 0.0009388381770090514 0.0006310335171372665 7.468548171408797e-6 0.0004545139473001077 0.0005699984356732618 4.5874985491969024e-5 0.0016304379166073998 0.0016174626671793659 -4.21245005934399e-5 9507.350780128007 7.387780953068805e8
7250 368485.6438270331 50.940811528087785 9.647637835077679e-6 0.00034360926408141606 0.00027306184917858667 4.599998403388603e-5 0.0008964987628949808 0.0006634580193749314 7.461323795256171e-6 0.0004571692800024802 0.0005668717789554108 4.515163813481303e-5 0.0015800554445476196 0.0017265156448158935 -4.2157711914176966e-5 9507.35078012801 7.387780951994553e8
7300 371032.5150232272 50.947760213308776 9.633016686663621e-6 0.00034635781523494356 0.00027088880695927317 4.357995829012145e-5 0.0008668529727774242 0.0006798587906296881 7.450016040501602e-6 0.0004643871815576387 0.0005511301352288918 4.277745899208279e-5 0.0015560561858848161 0.0017972952797369326 -4.2050033348114945e-5 9507.35078012799 7.387780950921897e8
7350 373559.7729364118 51.03697270981197 9.631686753680221e-6 0.0003500106899868727 0.00026746915218651886 4.053009157542007e-5 0.0008816620140008661 0.000697344632875126 7.448987492294402e-6 0.00047608130503174503 0.0005274316492476527 3.9782728430329937e-5 0.0015228924465246483 0.001864384347902173 -4.184542417300938e-5 9507.350780128005 7.38778094986165e8
7400 376115.6742095905 51.20923140763811 9.651484225717274e-6 0.00035442386624759924 0.00026346672004900844 4.198995681464921e-5 0.0008876994079661542 0.0007174341044578649 7.464298530263958e-6 0.0004920421047486464 0.0005008934598304991 4.122422123809728e-5 0.0014671741770282479 0.0018401799092567096 -4.1623954500668145e-5 9507.350780127976 7.387780948795097e8
7450 378677.1023064903 51.15166660760301 9.683407331216857e-6 0.0003591858272381861 0.0002595874808882509 4.4255636873187226e-5 0.0008881881983259287 0.0007257707477471529 7.488987332928627e-6 0.0005107740593819095 0.0004765673618599701 4.3440510781046986e-5 0.0014747514644175691 0.0017677909342050408 -4.152070879009309e-5 9507.350780128007 7.387780947730534e8
7500 381180.557738612 51.005134417287344 9.707018926471722e-6 0.00036366553528779363 0.0002563794101978621 4.47770169420882e-5 0.0008894446251893876 0.0007350625091874117 7.50724815081127e-6 0.0005292974541691121 0.0004579560603544286 4.394912180075149e-5 0.0014556103581456837 0.001720295018981473 -4.1570965459724594e-5 9507.350780128014 7.387780946690773e8
7550 383728.75208500796 50.93789486730472 9.719771134707858e-6 0.0003675067773989517 0.00025403126783635655 4.396106988495317e-5 0.0008979027974583415 0.000760163971725388 7.517110498090142e-6 0.0005452534971647276 0.0004454672814781989 4.315423088678527e-5 0.0014062318805291873 0.001682641421163894 -4.171976344112222e-5 9507.350780127972 7.387780945629702e8
7600 386275.71108499914 50.95394771674597 9.730849070142294e-6 0.0003701579368643732 0.00025285909070216526 4.627436702486899e-5 0.0009010012144723045 0.0008080564273183864 7.525677990432263e-6 0.0005552442310723048 0.0004395149371173766 4.541993964662943e-5 0.001338377836240492 0.0016322597634936405 -4.1869002471885674e-5 9507.350780128005 7.387780944565048e8
7650 388800.0 26.306043468532152 9.742667178858368e-6 0.0003713593079418213 0.00025308185329550955 4.76217137966707e-5 0.000874818203742942 0.0008071659339794257 7.534817920566007e-6 0.0005573054130864264 0.0004397335478115378 4.674156314795871e-5 0.0013724302078959604 0.0015940945218072052 -4.192576648764375e-5 9507.350780127983 7.387780943507115e8
7700 391347.16600108164 50.93404780192454 9.752664088990432e-6 0.000371173625672059 0.00025473233039893144 4.7486264207817455e-5 0.0008197263923446665 0.0007272972030658941 7.542549365788916e-6 0.0005513685570567303 0.00044594893354990225 4.661288072805186e-5 0.0014981871727976824 0.0015625132687555983 -4.184979107068097e-5 9507.350780127992 7.38778094243993e8
7750 393894.80020092556 50.984230578944754 9.761073026566365e-6 0.0003698876417040714 0.00025763810772705235 4.5396705778278564e-5 0.0008293710491852125 0.000667553664603673 7.54905269925801e-6 0.0005391632983961159 0.00045830551455826844 4.4557259826522684e-5 0.0016006095051670844 0.0015535497521102204 -4.1676414721314906e-5 9507.350780127961 7.387780941375862e8
7800 396447.06946044223 51.11764896684847 9.767743418580185e-6 0.00036794822936627456 0.0002615403064954409 4.181252499615384e-5 0.0008318026797075458 0.000617079830209082 7.554211470296163e-6 0.0005234343126792882 0.0004770624471251701 4.104059312075795e-5 0.0016873599488271683 0.0015302704301466798 -4.1486657394155e-5 9507.350780127988 7.387780940314631e8
7850 398977.47265492636 51.25315498963516 9.773028617657434e-6 0.0003658625678670152 0.00026606396771917983 4.330536106715408e-5 0.0008309492523139526 0.000564764142038036 7.558298955990129e-6 0.0005072272306383601 0.0005015176824809369 4.251509772504405e-5 0.0017552501629959215 0.0015502753309495957 -4.135710662789195e-5 9507.350780128003 7.387780939266721e8
7900 401534.99222825054 51.06489217384548 9.780662180938152e-6 0.00036400726267129483 0.0002707842001007014 4.573595497014051e-5 0.0008285775824708802 0.0004927855054956088 7.5642026277808964e-6 0.0004926806725239711 0.0005299636920658556 4.489093572035948e-5 0.0017389163325098732 0.0016540544707242446 -4.133984634040444e-5 9507.350780128005 7.387780938209431e8
7950 404085.1867978204 50.95886780807987 9.79694468598436e-6 0.000362728732302294 0.0002749795422013487 4.5968821572867996e-5 0.0008283406258403315 0.00043420887063671306 7.576795248320752e-6 0.00048175648003205736 0.0005576294925560047 4.512123547104963e-5 0.0017288747192535227 0.001634540323668059 -4.142436912646484e-5 9507.350780128012 7.387780937154332e8
8000 406589.3482207604 50.935932757254044 9.823909832201948e-6 0.0003622612392754128 0.00027801103344810956 4.652089218709117e-5 0.0008354886113929473 0.0004586618016621833 7.597649647144129e-6 0.00047541495037832504 0.000578339430862069 4.566240296958078e-5 0.0017040655107282796 0.0015983037528987656 -4.156203155452938e-5 9507.350780128 7.38778093611529e8
8050 409137.30101841025 50.994643979307014 9.861740324453906e-6 0.00036279188730003954 0.0002794992489702152 4.745928556708708e-5 0.0008256547499309378 0.0005962974526249253 7.626907125175628e-6 0.0004737459161345106 0.0005873855689639332 4.658200513471982e-5 0.0016434230681738468 0.0015478120698475975 -4.167348947110324e-5 9507.350780128003 7.387780935054715e8
8100 411685.65873666515 50.93930747308798 9.89367810255412e-6 0.00036448681342745605 0.00027920162860928087 4.70080920981797e-5 0.0007955798000682787 0.0006270064902478972 7.651607275388874e-6 0.0004769351528898499 0.0005820369293463414 4.6140897849897954e-5 0.001492340902450785 0.0015679325262966469 -4.1678322283836035e-5 9507.350780128003 7.387780933992381e8
8150 414232.5534104109 50.95013273300739 9.898271802656002e-6 0.0003673806920901203 0.00027732913165498123 4.5161066818028124e-5 0.0008285236549953087 0.0006462390377118374 7.655159967193038e-6 0.0004848609874853013 0.0005646616905343554 4.432899869802076e-5 0.0014800759789069466 0.0016936030454120542 -4.156017724748015e-5 9507.350780128001 7.387780932932136e8
8200 416759.9611978328 51.04318818829212 9.87879812739617e-6 0.00037133024346633207 0.00027434300259266607 4.256704693848061e-5 0.000842649890695396 0.0006635914044305222 7.640099348307602e-6 0.0004971691849532181 0.0005405962284952265 4.178154783110612e-5 0.0014542367810415411 0.001810920689308212 -4.135822507408187e-5 9507.350780127988 7.387780931884171e8
8250 419316.2705960105 51.21924386646033 9.865089556334268e-6 0.0003761849777706788 0.00027064525314049654 4.440564735989509e-5 0.0008483090556197291 0.0006834013037099397 7.629497365811342e-6 0.0005136036953837163 0.0005145281301179132 4.359648646340007e-5 0.001458036855551821 0.0018278777768515671 -4.112235156370997e-5 9507.35078012798 7.387780930829985e8
8300 421877.5486551792 51.14335080829221 9.879527852309005e-6 0.00038153218715181484 0.00026677989451833335 4.727450261572959e-5 0.0008511584308631862 0.0006932086828968113 7.640663705503867e-6 0.0005328789241608639 0.0004906559501405797 4.640300749018091e-5 0.0014969667525847224 0.0017929622711790377 -4.098355343297038e-5 9507.350780127985 7.38778092977881e8
8350 424380.4511717267 51.00052691623554 9.915871300214918e-6 0.00038665471315408315 0.00026341523622016775 4.843909765279914e-5 0.0008561154466273895 0.0007062610289700934 7.668771127993191e-6 0.0005521876945969109 0.0004719756809776375 4.754332596308634e-5 0.0014775453596512366 0.001764020828629857 -4.1003752505431076e-5 9507.350780127994 7.387780928753128e8
8400 426928.5124139651 50.93710557589863 9.960420857164612e-6 0.00039113261324165644 0.0002609347927546117 4.786125857482493e-5 0.0008665954668903974 0.0007334402905850456 7.70322501971512e-6 0.0005690789133245814 0.0004589841307339258 4.698329262103528e-5 0.0014264691902071262 0.001727312204783124 -4.114301500688197e-5 9507.350780127981 7.387780927706727e8
8450 429475.5291615582 50.95696137657911 9.995863525837633e-6 0.00039439202576316246 0.00025972893248677966 4.7238475218980355e-5 0.0008674006196841438 0.0007801397626001604 7.73063579442108e-6 0.0005798053247112049 0.0004525708637468138 4.6365903649434436e-5 0.0013434450501252592 0.0016713397295218548 -4.1296342834480564e-5 9507.350780128001 7.387780926656696e8
8500 432000.0 26.459178313380107 1.0008207715444882e-5 0.00039621083657552546 0.00025993602814260473 4.7232583784268015e-5 0.0008374457168910536 0.000770473811995655 7.740182586828324e-6 0.0005822042704801637 0.0004528084124125564 4.6359757791836356e-5 0.0013883061843924956 0.001568737419776634 -4.136016710795687e-5 9507.350780127994 7.387780925613062e8
