#timestep time dt l2_h l2_h_vcon1 l2_h_vcon2 linf_h linf_h_vcon1 linf_h_vcon2 dsdu_ut mass entropy 
0 0.0 100.0 0.0 0.0 0.0 0.0 0.0 0.0 6.269431566873827e-12 9507.35078012804 7.387780850018977e8
50 1311.8543577948587 26.213177975148056 0.001787820411686194 4.7414319666505166e-7 1.0277629365150085e-6 0.010386849003225507 6.1389413064105725e-6 6.808676560221549e-6 7.393840281100744e-12 9507.350780128072 7.387780850019033e8
100 2621.4311610336163 26.172324840769775 0.001844094189995218 5.633024908958794e-7 1.0277374183391053e-6 0.012676680672484508 1.1797508281397029e-5 1.1562130065478904e-5 6.6964926891466826e-12 9507.350780128028 7.387780850019002e8
150 3929.214945463988 26.141307058321548 0.0016109046618753738 6.343141704810148e-7 9.23531862361054e-7 0.013380485355355631 1.2774033802620544e-5 1.3048084832267826e-5 7.0860687986250025e-12 9507.350780128043 7.387780850019063e8
200 5235.703774116903 26.120362550997488 0.0017769721550816478 7.504290683238614e-7 1.1143547382304338e-6 0.015018457004316588 1.442098392501201e-5 1.6120413146247792e-5 6.388950941172235e-12 9507.350780128023 7.387780850018991e8
250 6541.406163503562 26.109668007883585 0.0016648151479972504 8.547177718647923e-7 1.0631945873908303e-6 0.018232515370982583 1.709742430835992e-5 1.902810749077055e-5 6.370181632416483e-12 9507.350780128052 7.387780850019016e8
300 7846.838056183878 26.10934793289674 0.001713045620156942 9.686165414541034e-7 1.1429067498234707e-6 0.015291403604123843 1.9531749873014093e-5 2.1488688846438286e-5 6.842864197738049e-12 9507.350780128074 7.387780850018957e8
350 9152.519390625872 26.119439980536058 0.0018378531891963359 1.065329745318674e-6 1.208846002402936e-6 0.012299308995807223 2.129810514600594e-5 2.0759591327577584e-5 8.138532324863227e-12 9507.350780128018 7.387780850019034e8
400 10458.970524417962 26.139924152737315 0.0017403341709567248 1.165920238634182e-6 1.2479621957388873e-6 0.017009539021273667 2.2809069688489725e-5 2.219273516375353e-5 7.072793973358542e-12 9507.35078012803 7.387780850019007e8
450 11765.90941048041 26.128721219469135 0.001765855862876952 1.2486459857871382e-6 1.2771350371439797e-6 0.01742365067002538 2.5320791767841078e-5 2.539620830541156e-5 7.608584606185678e-12 9507.350780127994 7.387780850019001e8
500 13071.907749813148 26.11324935660293 0.001768027006883612 1.340143311192436e-6 1.3358389894245103e-6 0.015641189265352295 2.6737012785993386e-5 2.885678329325736e-5 8.158392872500126e-12 9507.350780128036 7.387780850019017e8
550 14377.397946055211 26.10819335364746 0.0018047453241216923 1.4177530836122612e-6 1.3431678123316035e-6 0.019126299052913964 2.9176211726905654e-5 3.208106510887293e-5 7.703916766406141e-12 9507.350780127994 7.387780850019047e8
600 15682.900572873916 26.113535073061225 0.0018291346505051758 1.5008741675746366e-6 1.4002875980347782e-6 0.019282436586308904 3.313582372352353e-5 3.662508862006808e-5 7.1449497513067556e-12 9507.350780128028 7.387780850018966e8
650 16988.933798216956 26.129194982380298 0.0018384688712045501 1.5810177139021002e-6 1.425519214506013e-6 0.019284255875390954 3.586928298529579e-5 4.469555789955726e-5 7.518934545963896e-12 9507.350780128032 7.387780850018988e8
700 18296.010263590186 26.155030209354596 0.0018964871045246997 1.6383228498467331e-6 1.4626878312140761e-6 0.017947583792192745 3.811119860044898e-5 4.881668411663154e-5 7.73813572037394e-12 9507.350780128067 7.387780850018992e8
750 19604.633816582915 26.19083396406369 0.0019015654473821964 1.7187049756919453e-6 1.4841500743392721e-6 0.02345513272575772 3.8339508343948614e-5 5.131517925183182e-5 8.401547697578466e-12 9507.350780128034 7.387780850018996e8
800 20915.295926625597 26.236325364082024 0.001903438446104552 1.7965054051287593e-6 1.526471881046998e-6 0.01605312244646484 3.7970415493027154e-5 5.520237245953963e-5 7.872453825464061e-12 9507.35078012804 7.387780850019009e8
850 22227.7521391343 26.236048915748043 0.0020036475719510294 1.8508774437525241e-6 1.5870528046501244e-6 0.021929901429757592 4.0140738763211337e-5 5.567818505963773e-5 8.019024437289883e-12 9507.350780128032 7.387780850018998e8
900 23538.356177294256 26.19061220525456 0.0019558546933589587 1.8994559197029182e-6 1.6201778782380524e-6 0.0178663797205445 4.2320714231852685e-5 5.491554947192889e-5 7.48825350331603e-12 9507.350780128052 7.38778085001902e8
950 24846.934007451917 26.154861392018752 0.002020316453550674 1.954424089132089e-6 1.66625395599717e-6 0.020698966455029222 4.6293946647818496e-5 5.403388720964797e-5 6.5100593124379286e-12 9507.350780128016 7.387780850018975e8
1000 26153.97753709577 26.129078288397636 0.0020965450166881183 1.9899095424475856e-6 1.7311873054333984e-6 0.01636542107553396 4.807632195133471e-5 5.6257158235539784e-5 7.503996060017228e-12 9507.350780128023 7.387780850019011e8
1050 27459.99077583474 26.113473867394518 0.002131168815739782 2.028128053316797e-6 1.7428348342229846e-6 0.015507423169765389 5.0865033063327014e-5 6.021220256208215e-5 7.725149977688275e-12 9507.35078012806 7.387780850019038e8
1100 28765.48670509458 26.10819368146249 0.0021904307647061675 2.0731287520970846e-6 1.7631986544318035e-6 0.017387367368428386 5.3234901360180165e-5 6.404679933774693e-5 7.589882303326137e-12 9507.35078012807 7.387780850019038e8
1150 30070.983714021342 26.113317939035255 0.0022347352050474723 2.105792393796411e-6 1.7956984708861044e-6 0.02082723122657626 5.294482254502089e-5 6.696389366708799e-5 7.329415069121088e-12 9507.350780127996 7.387780850018996e8
1200 31377.002461421063 26.128853681470318 0.0022396874583666504 2.136378244282441e-6 1.8198756639000342e-6 0.018400039970856596 5.6147151414793345e-5 7.126653457402432e-5 6.819558589808822e-12 9507.350780128034 7.387780850019041e8
1250 32683.955486585222 26.139747066072154 0.0023255508831113592 2.1795855262931146e-6 1.8334130563200286e-6 0.021031706367921288 5.571637353736503e-5 7.91040693892131e-5 7.959271929343845e-12 9507.35078012801 7.387780850019015e8
1300 33990.3790290518 26.119327689771 0.0024607786013883734 2.2224269699347076e-6 1.8207995289901027e-6 0.020330786439444637 5.8412756025152945e-5 8.401319970469112e-5 7.781510072831866e-12 9507.35078012801 7.387780850019017e8
1350 35296.046250681786 26.10929512922401 0.002457427059735326 2.2393296005063073e-6 1.866409061947819e-6 0.026504643541557016 5.948749226747374e-5 9.366904844121393e-5 7.636326004444064e-12 9507.350780128068 7.387780850019008e8
1400 36601.47757814189 26.109680214326417 0.0025244301855741687 2.268989285803928e-6 1.8915853450416208e-6 0.019528480088411015 6.050966113668732e-5 0.00010218874089212848 7.827594335177976e-12 9507.350780128028 7.387780850019034e8
1450 37907.192632286 26.120430005538744 0.002613994216268497 2.317654064181578e-6 1.9092634134061877e-6 0.019301589030419564 5.967536135753626e-5 0.00010830931724606363 8.026031339579361e-12 9507.350780128003 7.387780850019007e8
1500 39213.707418814076 26.141438319648117 0.002642371691472308 2.3655086035651633e-6 1.9293228806212613e-6 0.017473671263360302 5.511627408583131e-5 0.00011275155385620517 8.862107939048398e-12 9507.350780128054 7.387780850019029e8
1550 40521.53023113885 26.172517595394858 0.0027048093117567336 2.425388870524759e-6 1.934647684965017e-6 0.015633407130735577 5.305470078692531e-5 0.00011573385444152429 8.016550962492614e-12 9507.350780128003 7.387780850018938e8
1600 41831.158812568414 26.21342411617463 0.0027482474995676382 2.484567374622399e-6 1.984280130899269e-6 0.019996921799247502 4.8748785506147474e-5 0.00011675842095892897 5.578206399379261e-12 9507.35078012803 7.387780850019001e8
1650 43143.07365263898 26.26104682971984 0.0027696790716590556 2.5297369927275213e-6 2.012413844090568e-6 0.02208602900554979 3.820212536448375e-5 0.00011370249425318724 8.519734611769365e-12 9507.350780128063 7.387780850018978e8
1700 44433.001739603904 26.21184767455784 0.002813425414105269 2.590038037641962e-6 2.0111247712934214e-6 0.01961384675178124 3.42720198180102e-5 0.00010172707534783498 4.635674660918759e-12 9507.350780128043 7.387780850019026e8
1750 45742.519244951305 26.17127723185618 0.0028237221782206967 2.6495954992763147e-6 2.051955416737774e-6 0.017959020573471207 3.23919456463595e-5 8.764168804176187e-5 6.170550008608367e-12 9507.350780128101 7.387780850018996e8
1800 47050.2580642071 26.140550926942822 0.0028357725923444472 2.705429379760605e-6 2.0580437676581434e-6 0.020409647657288588 3.2864706780877384e-5 7.471123854196904e-5 5.744078538222167e-12 9507.35078012801 7.387780850018989e8
1850 48356.716521209295 26.11989747752049 0.002886619124034122 2.7629723286068077e-6 2.0676857720189136e-6 0.02562407112782239 3.126520204321803e-5 6.217266444785707e-5 6.239719238039753e-12 9507.350780128016 7.387780850019004e8
1900 49662.40345659919 26.10951083141996 0.0028427718804762353 2.8036350954474944e-6 2.089251806064958e-6 0.018086580148064968 3.626848826343565e-5 5.935672486406807e-5 6.0464282864673615e-12 9507.35078012806 7.38778085001903e8
1950 50967.83513615773 26.109488924865673 0.002848222175823821 2.8561574487100526e-6 2.090715641819783e-6 0.021822794453328243 4.2998235015412334e-5 6.025214053900774e-5 6.982680615225816e-12 9507.350780128023 7.387780850019034e8
2000 52273.53145493503 26.119888585225922 0.002813372252534469 2.9173248985227145e-6 2.1050972667942933e-6 0.017995667580180452 4.621731588760891e-5 6.432288014177057e-5 5.167536833773761e-12 9507.35078012801 7.387780850018978e8
2050 53580.012834824825 26.14067872576254 0.002869141087219489 2.9669481035609108e-6 2.0985154687758056e-6 0.017986833340955855 4.336407249683205e-5 6.880934958798657e-5 5.3909766097326864e-12 9507.35078012804 7.387780850018998e8
2100 54886.93386585151 26.128130065035506 0.002871883768105244 3.0114805547169633e-6 2.119387846372468e-6 0.022641572054226344 3.582761849096894e-5 7.210471037472077e-5 3.667382027046446e-12 9507.350780128012 7.387780850019014e8
2150 56192.91013349309 26.112959765996973 0.0028726737551987565 3.0589549859009465e-6 2.1368263711518477e-6 0.020009793799090403 3.719102095056659e-5 8.049991373190735e-5 6.226961315401204e-12 9507.350780128001 7.38778085001897e8
2200 57498.39331048472 26.10820374532615 0.0029240203642719315 3.1071842798230233e-6 2.137011260531925e-6 0.01883720299201741 4.990941710947272e-5 8.720967554723402e-5 4.910647714426371e-12 9507.350780127996 7.387780850019034e8
2250 58803.903953864705 26.113841479887625 0.002959813945194787 3.1482464196747216e-6 2.161086510825876e-6 0.01807461450152914 5.125132737571203e-5 9.910440272342669e-5 4.132265106049068e-12 9507.350780128016 7.387780850018975e8
2300 60109.960078007825 26.12979798231727 0.0029313458250227694 3.1856750917904374e-6 2.1783962849330515e-6 0.01916838746274152 4.9874822743545266e-5 9.878058412216006e-5 5.607011276933223e-12 9507.350780128016 7.387780850018979e8
2350 61417.074277256244 26.15592698988043 0.002968787382988914 3.224681492270572e-6 2.2293710118090378e-6 0.016972776546936075 4.515768279822474e-5 0.00010301122278816299 4.9041079389561915e-12 9507.350780127952 7.387780850019034e8
2400 62725.74997241638 26.192021951796846 0.003018324629044452 3.2743350346049517e-6 2.276030809367939e-6 0.023523021521214105 4.357578551028585e-5 0.00010272723131987682 4.159025346541509e-12 9507.350780128028 7.387780850018966e8
2450 64036.47837104623 26.23779012691349 0.0030178428011088656 3.3010171037057653e-6 2.296650495491577e-6 0.02289103754083044 4.6992872679729736e-5 9.345199795574022e-5 4.477850887437866e-12 9507.350780128008 7.387780850019029e8
2500 65348.92999386004 26.234586110026097 0.003039336193992339 3.3376709281633777e-6 2.353259105562118e-6 0.019338374931066937 5.483266314953994e-5 8.336668111397216e-5 3.511652666435687e-12 9507.350780128023 7.387780850019004e8
2550 66659.46772143673 26.189418178605962 0.0031207540457171613 3.3763195673730893e-6 2.3697161503296867e-6 0.026199327578979137 5.8095870388963355e-5 7.318742922236832e-5 5.650925026855646e-12 9507.350780128061 7.387780850018995e8
2600 67967.99360309237 26.153963271701578 0.003190312987944566 3.4114400145132123e-6 2.3828376989866066e-6 0.023539647208963288 5.573574939354842e-5 6.411505916197047e-5 3.796649802016446e-12 9507.350780128036 7.387780850019051e8
2650 69274.9997646498 26.128474812460226 0.003223166945364614 3.443669680135619e-6 2.4145781465423428e-6 0.01994550434028497 5.469834845650556e-5 7.03344905707004e-5 5.005411281756131e-12 9507.35078012802 7.387780850019037e8
2700 70580.99077784679 26.113177617258813 0.0032686361730676658 3.4787656321066244e-6 2.420469266880915e-6 0.020346002849692013 5.23117598763001e-5 6.447856549018915e-5 6.744128137990075e-12 9507.350780127992 7.387780850018982e8
2750 71886.47956117323 26.108200582135954 0.0033308176485244076 3.5105276248931496e-6 2.440125000589292e-6 0.02342460217914777 5.745380842381298e-5 5.705635207198245e-5 5.124024162001514e-12 9507.350780127996 7.387780850019053e8
2800 73191.9848016554 26.11363310503486 0.003381268731723445 3.5428862407064984e-6 2.4660235098097947e-6 0.022396210344595602 5.957176923576668e-5 5.0941630374306233e-5 5.044875840170152e-12 9507.350780128043 7.387780850018983e8
2850 74498.02717723168 26.129475186572297 0.0034092710308901934 3.57122964449879e-6 2.499392185169083e-6 0.020738069461913256 5.8834448811107e-5 6.0419248681276017e-5 6.080494562714509e-12 9507.350780128036 7.387780850018964e8
2900 75804.99518277745 26.1390193728191 0.0034427897370491027 3.6019152400966304e-6 2.531270814198364e-6 0.025595870472670867 5.557424124641441e-5 6.23424312787696e-5 4.134242138947446e-12 9507.350780128012 7.387780850018978e8
2950 77111.39001578468 26.118900805741426 0.003554334185291031 3.627410692876028e-6 2.5530153339897974e-6 0.025642508552664367 5.595888024434448e-5 7.135995523027683e-5 5.216405669720977e-12 9507.350780127997 7.387780850019009e8
3000 78417.04375979441 26.109173971518 0.00360227011202415 3.6473325938275264e-6 2.590834172795503e-6 0.024346481137399678 6.477119214065574e-5 7.796228103801317e-5 4.113681499348529e-12 9507.350780127974 7.387780850019007e8
3050 79722.47672973169 26.109861463617435 0.0036473978647357016 3.6749830046956548e-6 2.602386654288458e-6 0.022012826420905185 6.960034014480421e-5 8.539890881065215e-5 5.7470938035516555e-12 9507.350780128034 7.387780850019001e8
3100 81028.20857760377 26.120908906729923 0.003695483917879561 3.7045250627906853e-6 2.616376370867693e-6 0.030040525903586968 6.879405464366162e-5 8.982012073799339e-5 5.837882964009022e-12 9507.350780128012 7.387780850019001e8
3150 82334.75477390087 26.14220704416501 0.0037754295060778184 3.737461770554519e-6 2.6432781633530982e-6 0.026870308294746792 6.067730923020598e-5 8.806149186851853e-5 6.259332821087762e-12 9507.350780128048 7.387780850018973e8
3200 83642.62327405238 26.173565467309597 0.003848695639384629 3.7765950212570855e-6 2.664215549565044e-6 0.02416506762165227 5.117062864523625e-5 8.951733348272484e-5 5.768931982353865e-12 9507.350780128014 7.387780850019016e8
3250 84952.311494292 26.214751971779506 0.003882679683169483 3.826747032539627e-6 2.683904410485604e-6 0.020044952358148294 4.872570217007155e-5 8.384942922828875e-5 6.8804219597913274e-12 9507.350780128001 7.38778085001902e8
3300 86264.29176514543 26.25946172137247 0.003980777312197105 3.876554194495496e-6 2.7128637681908816e-6 0.022785404575188295 4.8504607448263126e-5 7.328015959936086e-5 5.57740232862473e-12 9507.35078012807 7.387780850018959e8
3350 87554.16906601164 26.21053390449869 0.003997769505098134 3.9350675615523224e-6 2.6824465468638576e-6 0.023070958788593998 4.8408073018979536e-5 7.706685988859846e-5 6.594034930477739e-12 9507.350780128056 7.38778085001906e8
3400 88863.627903295 26.170245606013964 0.004084396701510792 3.997047330692737e-6 2.6938039998690394e-6 0.024481461387040326 6.237826016564085e-5 7.511602383590554e-5 7.877102120206918e-12 9507.350780128043 7.387780850018998e8
3450 90171.32252912344 26.139812635075643 0.004150239990315585 4.042943685389691e-6 2.6974757413246855e-6 0.02527602327427303 6.493394026207966e-5 7.280455261282626e-5 6.570513946453548e-12 9507.35078012798 7.387780850018989e8
3500 91477.75150191538 26.119457080112273 0.004138337127587885 4.085460069067635e-6 2.6824500812172193e-6 0.023935661811265163 6.565222611643051e-5 7.558297029197636e-5 7.958849313584172e-12 9507.35078012797 7.387780850019045e8
3550 92783.42394503356 26.109372270966794 0.004241380868139281 4.126000197502727e-6 2.732643448873947e-6 0.025257978957597516 7.126422317615955e-5 6.981429154456764e-5 6.634426084713648e-12 9507.350780127983 7.387780850019001e8
3600 94088.85643925329 26.10966218539075 0.004298912853409533 4.149626158500591e-6 2.77822359454501e-6 0.023839866965317924 7.106582782356874e-5 7.490417390207393e-5 6.8138219278660835e-12 9507.350780128081 7.387780850019058e8
3650 95394.56906241387 26.12037026408123 0.004282586311663197 4.189210727443928e-6 2.7812499378323504e-6 0.024492109205311863 6.784090397632392e-5 8.190992751070693e-5 6.822678192890982e-12 9507.350780128034 7.387780850019028e8
3700 96701.08246081056 26.14147216509485 0.004367495643440526 4.23652010625427e-6 2.8050088332022876e-6 0.02380199104118219 6.929232021313236e-5 8.707900526121193e-5 7.165112782703693e-12 9507.350780128043 7.387780850018988e8
3750 98007.98349558053 26.127529983002127 0.004436402813138852 4.265516964928028e-6 2.8208351073472286e-6 0.023628995502804173 8.500989805815262e-5 9.417664461824904e-5 6.669307439826846e-12 9507.350780128021 7.387780850018967e8
3800 99313.93759262859 26.112663466420152 0.004424110457110274 4.299203585278816e-6 2.8288320627773835e-6 0.023232821236888412 8.9619900994653e-5 0.0001038533281078613 7.436528780349598e-12 9507.35078012803 7.387780850019048e8
3850 100619.4135186941 26.108200239319327 0.004475277832353651 4.3396730837373346e-6 2.852963982164791e-6 0.024913201284107345 8.412271385194181e-5 0.00011036970442807048 9.319436581866788e-12 9507.35078012797 7.387780850019021e8
3900 101924.93172992513 26.114136437715263 0.0045358440934824325 4.371264117853153e-6 2.8703952524053665e-6 0.024007519914448494 7.519762341234859e-5 0.0001138916689293612 8.328404061274686e-12 9507.350780128063 7.387780850019059e8
3950 103231.01026714948 26.130387946376885 0.00455076737833804 4.407133775568453e-6 2.9130575009464823e-6 0.02623254598438507 7.079902657702863e-5 0.00011412960385331905 7.405227454548236e-12 9507.350780128063 7.387780850019001e8
4000 104538.16140136022 26.156806251700942 0.004564891330819396 4.459409666714512e-6 2.928409118765895e-6 0.02698588796374679 8.357453048851715e-5 0.0001157334660278897 7.826085745286143e-12 9507.350780127997 7.387780850019058e8
4050 105846.88826495594 26.193176810841518 0.004571326495134667 4.5100460448891e-6 2.9610745255683156e-6 0.03004072780822753 9.021234351541674e-5 0.00010938585687830793 8.871986522604056e-12 9507.350780128028 7.387780850018986e8
4100 107157.681609001 26.239228390119333 0.004586336552803318 4.557061134488717e-6 2.9852806663590153e-6 0.027129826909003896 9.414302236307459e-5 9.76557122071009e-5 7.843805933152651e-12 9507.350780128018 7.387780850019e8
4150 108470.12418330435 26.233127284084606 0.0045576987679218015 4.618369999745931e-6 3.0253210333765396e-6 0.026934355177218094 0.0001014307333007114 8.529863861467257e-5 8.007346266807418e-12 9507.350780128034 7.387780850019033e8
4200 109780.5962563988 26.188247180026526 0.004566720177280568 4.659907956966183e-6 3.0633177183350584e-6 0.027986585857433965 9.842530563974883e-5 8.68170328943152e-5 9.185876600630939e-12 9507.35078012801 7.387780850019025e8
4250 111089.07062702309 26.15307666875199 0.004550668738259434 4.691064596570286e-6 3.086227216500552e-6 0.030111429434327874 9.66299832432238e-5 8.846080198463002e-5 8.391772494548389e-12 9507.350780128041 7.38778085001905e8
4300 112396.04015671129 26.127890805037907 0.004550028191022376 4.752491235247514e-6 3.106707226542685e-6 0.024518851463653846 9.853068987646096e-5 9.216763661956673e-5 7.962086655598245e-12 9507.35078012803 7.387780850019033e8
4350 113702.00950953615 26.11289255449745 0.004536819024135932 4.811898351185284e-6 3.13007200403536e-6 0.02600244864152046 8.8867917040103e-5 9.362131118247075e-5 7.766712777880785e-12 9507.35078012798 7.387780850019003e8
4400 115007.49180647581 26.108225485395565 0.004523568489424195 4.8582599246360654e-6 3.1251580635376023e-6 0.025156294062981033 8.544951435573989e-5 9.706669310005633e-5 7.507244888756366e-12 9507.350780128005 7.387780850018952e8
4450 116313.00595665995 26.113966363317584 0.004523038349338351 4.917511502483101e-6 3.1228356110439607e-6 0.027551077015232295 8.026852516822627e-5 0.00010181982920367313 8.124297400826773e-12 9507.350780128063 7.387780850019016e8
4500 117619.07253457324 26.13010979560984 0.004514496613251574 4.9642665946640465e-6 3.1224130267155154e-6 0.027499912021085038 7.753063598014975e-5 0.00010706597839172521 9.23167560930461e-12 9507.350780128076 7.387780850019004e8
4550 118926.05328141448 26.138271115411005 0.004557950930469087 5.002392452468817e-6 3.117296398050727e-6 0.02346335304355307 9.262215968108833e-5 0.00011536977021120443 7.986431333532286e-12 9507.350780128052 7.387780850019059e8
4600 120232.41834935799 26.118451527012418 0.004572226538997102 5.033254316856875e-6 3.1461807330890333e-6 0.021825350344442995 9.94859658777214e-5 0.00012590331834985702 5.979898132119594e-12 9507.350780128018 7.38778085001902e8
4650 121538.0572356206 26.10902733799068 0.004600302270440772 5.062391821941339e-6 3.1493362919559014e-6 0.022304673375401762 9.263770601064536e-5 0.00013376952807597764 8.319871339005776e-12 9507.35078012805 7.387780850019025e8
4700 122843.49050928043 26.11001194136952 0.004657656043478784 5.098586394934144e-6 3.162733102460833e-6 0.02321546132043295 7.454463518252741e-5 0.00013820348282736483 7.434101252452587e-12 9507.350780128034 7.387780850019011e8
4750 124149.23740633941 26.12135503230739 0.004697875805231089 5.108873356469536e-6 3.2043108974298934e-6 0.023814157868400798 6.244838041868928e-5 0.00014250726158016036 7.686030021026195e-12 9507.350780128023 7.387780850018958e8
4800 125455.8136694955 26.142952865739797 0.004745241228240986 5.1268638329357386e-6 3.236180394585643e-6 0.025778842729778262 5.259644619576287e-5 0.00014246371171378058 6.659482460988156e-12 9507.350780128041 7.387780850018982e8
4850 126763.72709356954 26.174610077849895 0.004767616400280278 5.170893303235753e-6 3.2560516881364783e-6 0.023331590580710326 5.483672150713437e-5 0.00014056472526025043 6.35003008774461e-12 9507.350780128063 7.387780850019015e8
4900 128073.47480266838 26.216081521621263 0.004802052495862934 5.205859796215321e-6 3.2709481993809975e-6 0.02542054014520545 6.591298253366684e-5 0.00012709021487566918 6.29718349463019e-12 9507.350780128023 7.387780850019033e8
4950 129385.51596013302 26.257855943098658 0.0048478389753643745 5.251381478204233e-6 3.251617640416071e-6 0.026998396575436345 7.2482302724719e-5 0.00011233884138112105 5.768633327502183e-12 9507.350780128032 7.387780850019027e8
5000 130675.35459059139 26.209199888946422 0.004865484567400519 5.302919490479206e-6 3.2617272099439902e-6 0.029233838962682057 7.655134994599688e-5 9.430484969635833e-5 6.7545427687154206e-12 9507.350780128032 7.387780850019047e8
5050 131984.75404303128 26.16919504836545 0.004923594863751084 5.343036447274433e-6 3.260926422134257e-6 0.03055835401028162 7.474763799508732e-5 8.31965982961147e-5 6.1444138801777745e-12 9507.350780128058 7.387780850019e8
5100 133292.40346408472 26.139050059004678 0.004986676815487429 5.381781263773223e-6 3.2661692441138505e-6 0.0284366865089396 7.241957877207605e-5 7.682271500958349e-5 5.936331855630378e-12 9507.350780128021 7.387780850019004e8
5150 134598.80217052117 26.11899767418044 0.005024436469177214 5.417522056840727e-6 3.2858659200941496e-6 0.025567987373506185 6.776659361351633e-5 6.687557794093912e-5 6.005638925762542e-12 9507.350780128036 7.387780850019007e8
5200 135904.45946627698 26.109212488836274 0.005087250285408855 5.433392171237974e-6 3.2928906159634612e-6 0.02558315977512393 6.465566199020945e-5 6.797972268382524e-5 6.6420379545232016e-12 9507.350780128054 7.387780850018995e8
5250 137209.8921234474 26.10981349273554 0.005158541591314793 5.465381316867636e-6 3.3145914723191874e-6 0.03215437082758399 6.2880701855339e-5 7.438436045549557e-5 4.879200890107524e-12 9507.350780128041 7.387780850018958e8
5300 138515.62037917113 26.12082584556937 0.005235625388977544 5.486120842560505e-6 3.2956055584546317e-6 0.02840517465119774 6.463787609500837e-5 7.585264895177551e-5 6.972985819271193e-12 9507.350780128088 7.387780850018965e8
5350 139822.1646962045 26.142239648601958 0.005275153526134308 5.499034292601622e-6 3.301561009127171e-6 0.02722208907107415 9.036517281024725e-5 8.08612307370074e-5 5.26384919453308e-12 9507.350780128005 7.387780850019034e8
5400 141129.0433108344 26.126940277136015 0.005343852510177667 5.509109805251569e-6 3.3271816664179623e-6 0.028374338427965995 9.97071420877349e-5 8.502480531631662e-5 5.6261405030743355e-12 9507.35078012807 7.387780850018984e8
5450 142434.97561227795 26.1123753076624 0.005421623083558194 5.506633784326285e-6 3.3550891275531366e-6 0.028247413583812886 9.071476440458692e-5 9.00597298681971e-5 5.1740766092439414e-12 9507.350780128063 7.387780850019021e8
5500 143740.44514694964 26.108224313170282 0.005482297270276588 5.524581519612721e-6 3.385404344939384e-6 0.027268543914033216 8.49385129492175e-5 8.755811738639374e-5 5.639702496467415e-12 9507.350780128001 7.38778085001902e8
5550 145045.9721515048 26.11446216547027 0.005528768584536188 5.555636033256308e-6 3.39568255318718e-6 0.028308724226008053 8.574335073030515e-5 9.034430121912518e-5 5.217994188074719e-12 9507.350780128103 7.387780850018964e8
5600 146352.0746453643 26.13102030203279 0.005587568328141145 5.567009617770233e-6 3.4081190079943367e-6 0.026295925197700853 8.143717928044136e-5 9.393967482795862e-5 3.917830922540882e-12 9507.350780127983 7.387780850018964e8
5650 147659.26493539623 26.157732149762094 0.005592896308484379 5.603567143660051e-6 3.428681263862483e-6 0.026367062970166444 7.103253016627065e-5 8.7957167232533e-5 5.700953543420855e-12 9507.350780127952 7.387780850018996e8
5700 148968.0455938756 26.194394046785217 0.005625758002883908 5.643472610264993e-6 3.4401731050586124e-6 0.032790111890790286 6.630181175160121e-5 8.503649463853513e-5 5.3346303943818815e-12 9507.35078012802 7.387780850019045e8
5750 150278.9074901159 26.240732687393617 0.005703868801521322 5.674804580455702e-6 3.4478108435331233e-6 0.0276343243822339 7.152711989888427e-5 7.439322409785731e-5 4.511529965327625e-12 9507.350780128061 7.387780850019022e8
5800 151591.33756543524 26.231673010146665 0.005704417090276113 5.703862450754598e-6 3.4649358543048085e-6 0.029042607679002685 7.650336241271649e-5 5.618438996255609e-5 3.768637508491949e-12 9507.350780128016 7.387780850019053e8
5850 152901.74416177126 26.18707440717537 0.005713800207434942 5.715577621667112e-6 3.5297251986042974e-6 0.02884320999874035 7.63465102384675e-5 6.322108027495554e-5 5.725385807633513e-12 9507.350780128016 7.38778085001902e8
5900 154210.1672639187 26.152190164551037 0.005738711563644771 5.753940856871626e-6 3.5578683526097026e-6 0.029496429227947374 7.168506396837415e-5 6.456730081788598e-5 5.663780586657244e-12 9507.350780128008 7.387780850018997e8
5950 155517.10005627148 26.12730005772424 0.005746004725674946 5.795541089046716e-6 3.5717782763528085e-6 0.03251876321519376 6.527370912834396e-5 5.726128078820114e-5 5.96730963867575e-12 9507.350780128014 7.38778085001904e8
6000 156823.04741652144 26.112600436822035 0.005773361892669006 5.840011479686664e-6 3.580701798573428e-6 0.0315767905121902 6.03562556757975e-5 6.655509525252401e-5 3.5198369580443e-12 9507.350780128018 7.387780850018965e8
6050 158128.5229858543 26.108243745140683 0.0058107631269413 5.875334397969751e-6 3.590450516433649e-6 0.029247757280245423 6.203064479004539e-5 7.760864268360756e-5 5.292017516073039e-12 9507.350780128012 7.387780850019038e8
6100 159434.04548929445 26.11427950622993 0.005815522952307052 5.910228904053234e-6 3.6231147138403376e-6 0.02948437208397081 6.44296803612443e-5 6.988833661197846e-5 6.595152971717371e-12 9507.350780128023 7.387780850019014e8
6150 160740.1357201979 26.13073754786936 0.005855914133510513 5.943346732091482e-6 3.6394648519848047e-6 0.028275177552131936 8.451913248563869e-5 6.718341189873578e-5 4.587613006714111e-12 9507.350780128063 7.387780850018998e8
6200 162047.12655160815 26.13754439159717 0.005880817238598243 5.965488921486992e-6 3.6533105714956402e-6 0.03100820555300743 9.738698922601152e-5 6.453254372390527e-5 4.699134150419277e-12 9507.350780128 7.387780850019013e8
6250 163353.46288830042 26.11802985615151 0.005924414291834619 5.995741711033192e-6 3.6753031286552915e-6 0.029503572830435587 0.00010611513034131104 6.0164050230682165e-5 5.775676125807488e-12 9507.350780128005 7.387780850018991e8
6300 164659.08804028924 26.10890173857804 0.005967715290710953 6.021667828814946e-6 3.6895691793434586e-6 0.031509884236584185 9.524045177145002e-5 6.043754694090575e-5 6.553189093374684e-12 9507.350780128034 7.387780850018998e8
6350 165964.52241829195 26.110188134851754 0.005976164575161524 6.03766660087545e-6 3.7342821025359195e-6 0.029530280948165455 9.75826400233526e-5 6.970975003581237e-5 7.655751013755594e-12 9507.35078012799 7.387780850019013e8
6400 167270.2856237091 26.121830118928838 0.005995298239178665 6.074412785219173e-6 3.7838839443587948e-6 0.028130452230470837 8.983230562398248e-5 8.144778737839697e-5 4.912619602229148e-12 9507.350780128021 7.387780850018973e8
6450 168576.8930497331 26.143719831559658 0.006013679015053678 6.1129242122005136e-6 3.821488497624066e-6 0.03147417878426495 7.052847206845403e-5 8.567553090099711e-5 4.529765141367867e-12 9507.35078012807 7.387780850018986e8
6500 169884.852247861 26.17566709732988 0.00600713743748881 6.148536172217779e-6 3.856710053130672e-6 0.027496129852806916 6.264556370566554e-5 8.665473741886753e-5 5.3980677480059734e-12 9507.350780128041 7.387780850019027e8
6550 171194.6604748442 26.217434721753314 0.006019603153653111 6.204104527743795e-6 3.858620039931952e-6 0.026943134842440486 6.658747805260434e-5 8.249377750274567e-5 6.496037850042261e-12 9507.35078012798 7.387780850019056e8
6600 172506.7589825541 26.25629711009724 0.0060134550978025525 6.2432577779220196e-6 3.888976366291306e-6 0.02893445279369189 7.50905705618754e-5 7.702861208275236e-5 5.292749794795914e-12 9507.350780127994 7.387780850019064e8
6650 173796.56051032693 26.207910927565194 0.006009923698753149 6.286184396196827e-6 3.911636291197208e-6 0.027774225833127275 8.196097324686402e-5 7.817194105386172e-5 7.440560620847315e-12 9507.35078012801 7.387780850019029e8
6700 175105.902715187 26.168187572537995 0.006013942040790345 6.329465440143909e-6 3.926795301451931e-6 0.027810755416794564 7.964642770807995e-5 7.701331942697176e-5 5.252075301341742e-12 9507.350780127992 7.38778085001909e8
6750 176413.50906452475 26.138326667565607 0.006027315387461914 6.374743953357335e-6 3.945388539883761e-6 0.03249376790608949 7.069786100888376e-5 6.955846260114917e-5 7.378631857115055e-12 9507.350780128023 7.387780850019002e8
6800 177719.879445269 26.118571963936507 0.006041025190413925 6.416425139257687e-6 3.966149936597967e-6 0.030163902063577552 6.473285783192839e-5 6.663313868536525e-5 6.914598795767224e-12 9507.350780128038 7.387780850019047e8
6850 179025.52316153096 26.109086195384442 0.006062606952030427 6.453083446411824e-6 3.969810403522308e-6 0.029869314677853254 6.466285943515504e-5 6.386335006092203e-5 6.491462304558147e-12 9507.350780128068 7.387780850019007e8
6900 180330.95712843115 26.109988539330807 0.006083558776741945 6.48901097251446e-6 3.983746100414608e-6 0.03023468361243431 7.227510707052964e-5 7.706183590913684e-5 7.53008815600174e-12 9507.350780128072 7.387780850019021e8
6950 181636.70165490158 26.121308474518578 0.006117901396961471 6.526355511648491e-6 3.993425335328071e-6 0.03287965361778333 7.339506296877296e-5 8.011523712328494e-5 7.001361859089406e-12 9507.350780128054 7.387780850018985e8
7000 182943.27723918 26.14301503125233 0.0061456321863330755 6.552605843310112e-6 4.0051478148784714e-6 0.03395135276696237 9.525845206370676e-5 8.23522687092848e-5 8.169010435368282e-12 9507.350780128034 7.387780850019046e8
7050 184250.1314595061 26.12635621272603 0.006223010037301241 6.578037451295698e-6 4.030808766946148e-6 0.037478306076081935 0.00010622272067517535 8.932709283504536e-5 6.592997296313559e-12 9507.35078012801 7.387780850019026e8
7100 185556.04220741286 26.112092045682306 0.006279325395745934 6.595979883055247e-6 4.056535225416225e-6 0.03124225999454211 0.00010341997879781406 8.681954357875332e-5 7.63901294088212e-12 9507.350780128012 7.387780850019002e8
7150 186861.50531639115 26.10824384847597 0.006297187857621196 6.609477977785965e-6 4.088714754770792e-6 0.02972157598924241 9.691834401137633e-5 8.97060543087469e-5 7.460359905950536e-12 9507.350780128028 7.387780850019025e8
7200 188167.04105671984 26.114779164537943 0.006353026318713119 6.646324375968329e-6 4.122893927478805e-6 0.03130733249054174 0.00010186741311590808 8.989693359007234e-5 8.16517769810502e-12 9507.350780128054 7.387780850019026e8
7250 189473.1672003556 26.131636222211718 0.0064158916457502935 6.6708757378451774e-6 4.121430328413289e-6 0.03322205089898489 8.766597298326406e-5 8.657598624206564e-5 7.891801299381404e-12 9507.350780128048 7.387780850019038e8
7300 190780.39620397487 26.158654142417348 0.006437300531488992 6.703378465484589e-6 4.150716450626811e-6 0.030999708364106482 7.945849175072794e-5 8.349118551442825e-5 9.218946882092268e-12 9507.350780128028 7.387780850019039e8
7350 192089.23056717738 26.19561156763683 0.00650984732788409 6.740282722873318e-6 4.159173622994329e-6 0.029034993411187315 8.682192026093771e-5 8.382852864063928e-5 8.804513499573895e-12 9507.350780128041 7.387780850018988e8
7400 193400.1602462045 26.24222774619868 0.00656396775147368 6.747207834538205e-6 4.185855932893309e-6 0.033373001704603666 9.322290031141267e-5 8.05447882160637e-5 7.685744767353754e-12 9507.35078012799 7.387780850018997e8
7450 194712.57370422105 26.230235155792105 0.006607741358929137 6.757143885937935e-6 4.2354976098089915e-6 0.03306171915573941 9.846693482834512e-5 7.766398199748892e-5 8.716831498246534e-12 9507.350780128072 7.387780850019047e8
7500 196022.91564818143 26.18592072742615 0.00665867947956309 6.771834635348365e-6 4.262509330054925e-6 0.03258262578128779 9.309231168105891e-5 7.639027468850368e-5 8.363457717263855e-12 9507.350780128003 7.387780850019048e8
7550 197331.28850254178 26.151325115715554 0.006701576296337207 6.7980563453971955e-6 4.2974430498705435e-6 0.03199525519448798 8.528069700372565e-5 7.975642441410136e-5 7.552916107613691e-12 9507.350780128083 7.387780850019035e8
7600 198638.18535954307 26.126723979400197 0.006752354174859162 6.833334856690098e-6 4.312566497353168e-6 0.035107254050672054 7.853039858120303e-5 7.782214682586219e-5 7.784023272553317e-12 9507.350780127997 7.387780850019033e8
7650 199944.1118109448 26.112326956744177 0.006822902440813043 6.850380089925723e-6 4.315412254440713e-6 0.03265657422161894 7.055978623603243e-5 6.663712075272166e-5 7.569550799961583e-12 9507.350780127967 7.387780850018986e8
7700 201249.58142102507 26.10825891288267 0.006892605259427231 6.878301510100006e-6 4.341938718465072e-6 0.03620146141111036 6.30226030221212e-5 6.928355941411557e-5 7.292144475194427e-12 9507.350780128032 7.387780850019051e8
7750 202555.11302591348 26.114606118510764 0.006943780788699326 6.895032229291231e-6 4.361681711449963e-6 0.032642330928865704 7.205457806691573e-5 7.938393243618006e-5 7.998525419184803e-12 9507.350780128014 7.387780850019042e8
7800 203861.22771144428 26.131371730890606 0.007029007189813266 6.906915598923048e-6 4.374389502112336e-6 0.03489900569729798 6.965778513490228e-5 8.433731777673925e-5 7.59764876531052e-12 9507.350780128076 7.387780850019035e8
7850 205168.22667516483 26.136825272215606 0.007099832812668892 6.9277639710137396e-6 4.396310679599004e-6 0.033350166559102945 8.920683683766306e-5 8.89997645934365e-5 8.296857206725067e-12 9507.350780127985 7.387780850019014e8
7900 206474.5346787685 26.11760408005754 0.0071534473216425315 6.937472763795421e-6 4.424745790304342e-6 0.033000949524648604 9.588005072913575e-5 0.00010004229711685353 7.189190872893523e-12 9507.350780128087 7.387780850019021e8
7950 207780.14687564617 26.108794966645902 0.00720867816948357 6.9614662898290786e-6 4.460214590193624e-6 0.03631066719572118 8.923604140365082e-5 0.00010404362851079707 7.807920446823378e-12 9507.350780128025 7.387780850019034e8
8000 209085.58395276815 26.11038735133157 0.007240713233653663 6.983187167816402e-6 4.500961044950556e-6 0.03577698448316369 9.46795991006999e-5 0.0001045580698430526 7.420939379982596e-12 9507.350780127987 7.38778085001901e8
8050 210391.36481788152 26.12233465632848 0.007273307879063599 6.995891831586337e-6 4.533289983601342e-6 0.035489329322444974 9.964418964270028e-5 0.00011001966039270172 7.214318083972597e-12 9507.350780128038 7.387780850019033e8
8100 211698.00512227573 26.14453132120488 0.007295200232581993 7.038045808199132e-6 4.556590317788444e-6 0.03647439084124926 8.338982792899241e-5 0.00010473637128999291 6.8776172844213585e-12 9507.350780128061 7.387780850019026e8
8150 213006.01233030987 26.176769882029404 0.007318386174038278 7.069368450596928e-6 4.596754010528358e-6 0.035177135692720185 7.054887889945682e-5 9.763162544257353e-5 7.07184823299488e-12 9507.350780128034 7.387780850019023e8
8200 214315.88283631796 26.21881942035844 0.00734935000566496 7.100926102672683e-6 4.612736130616446e-6 0.036313589982455596 6.515131267292862e-5 8.422733217067213e-5 7.114888991812384e-12 9507.350780128074 7.387780850019004e8
8250 215628.0355546009 26.25471122934605 0.007364101485063955 7.136755030547956e-6 4.653875603884521e-6 0.03245839403280115 6.862269570939716e-5 7.43979810743367e-5 7.704494931567731e-12 9507.350780128005 7.387780850019064e8
8300 216917.78355495867 26.20658696080239 0.00737769399540568 7.167106262795128e-6 4.666375911699157e-6 0.03360130546025175 7.553319737818587e-5 7.020982649455498e-5 6.744200887248818e-12 9507.35078012801 7.387780850018991e8
8350 218227.06690510947 26.16715917701005 0.007411657283027638 7.208432611283981e-6 4.6708984718849475e-6 0.03904311213409528 8.158117242185181e-5 6.736041795596392e-5 7.018576631053065e-12 9507.350780128048 7.387780850019042e8
8400 219534.62914838377 26.137590647103195 0.007424939284749045 7.253756110378328e-6 4.71680533947242e-6 0.03843584424248547 8.561625325495537e-5 6.887064283223054e-5 5.965347323143861e-12 9507.35078012805 7.387780850019063e8
8450 220840.9698281312 26.11812870043198 0.007454415763842266 7.299385712450802e-6 4.712765063302777e-6 0.03550416930556821 8.015998210292308e-5 7.673175147826505e-5 5.526573570213346e-12 9507.350780128 7.387780850018971e8
8500 222146.59919786273 26.108956075397852 0.007472419799201326 7.340632440271568e-6 4.735484497704653e-6 0.034011349873253494 6.54536307687914e-5 7.320934341314977e-5 5.883378053082022e-12 9507.350780128045 7.387780850018977e8
8550 223452.03435201917 26.110163603009195 0.007527659644810938 7.3796008922442046e-6 4.757390859162848e-6 0.03837100520104286 7.36915097294677e-5 7.285293286984906e-5 6.721081938601892e-12 9507.350780128061 7.387780850019029e8
8600 224757.79550676447 26.12178971403729 0.0075584119370808575 7.4060389186765056e-6 4.7711609082358794e-6 0.036095379869721 8.241965523159145e-5 7.116786489935745e-5 5.769234466113903e-12 9507.35078012805 7.387780850019003e8
8650 226064.4032018115 26.14380526452578 0.0075573669116665585 7.425755146984553e-6 4.815825889526738e-6 0.03502632656091009 8.631325158481307e-5 7.757992731516339e-5 6.059481035049238e-12 9507.350780128001 7.387780850018978e8
8700 227371.23191660465 26.12580778577031 0.007582904277397278 7.460977363409311e-6 4.843557728213039e-6 0.03525575605817721 0.00010521827655751714 7.726709952758648e-5 6.47517795732473e-12 9507.350780128078 7.387780850019013e8
8750 228677.12318345014 26.11185437073337 0.007622391349279392 7.487644829909154e-6 4.876193069278094e-6 0.037409698154078797 0.00011405828823896069 7.980316182287783e-5 6.012113609790689e-12 9507.350780128041 7.387780850019048e8
8800 229982.5823854964 26.108318969169915 0.0076515540359034405 7.500609169754672e-6 4.933146170335612e-6 0.037550735993136186 0.00010734459259620355 7.823323859723619e-5 5.006657591425653e-12 9507.350780128068 7.387780850019013e8
8850 231288.1297718641 26.115165827403235 0.007690681712794747 7.534082443976535e-6 4.949337074967406e-6 0.03597799958561154 0.00011558858392290983 7.25986081879515e-5 4.782452033795746e-12 9507.350780128088 7.387780850019037e8
8900 232594.2827530694 26.132324050589627 0.00773539815780808 7.571404492047865e-6 4.969926748603855e-6 0.03810920054093003 0.00010630967274416481 7.15564252264933e-5 3.9919202992083235e-12 9507.350780128 7.387780850019053e8
8950 233901.55327431497 26.159627874825464 0.007778106561944314 7.5896141144314035e-6 4.992528220379064e-6 0.03856552343677322 9.343155513130696e-5 8.668209228357426e-5 5.339401214192096e-12 9507.35078012808 7.387780850019034e8
9000 235210.44342430012 26.196872336046564 0.0078029262083747905 7.623280149029306e-6 5.010895659330428e-6 0.03728571045030549 9.014530925899322e-5 8.235014282183956e-5 4.420700601332531e-12 9507.350780128005 7.387780850019072e8
9050 236521.4431682769 26.243760654028307 0.007843921276351726 7.649009584114072e-6 5.055785763176499e-6 0.03813398002057511 9.2454184735552e-5 8.341355145059098e-5 5.503515884100099e-12 9507.350780128014 7.387780850019059e8
9100 237833.83588087343 26.228812665081893 0.007881657833140645 7.666770521105622e-6 5.091098392298154e-6 0.03564392723819765 9.987774329345278e-5 8.779620384821718e-5 4.486044751317367e-12 9507.350780128052 7.387780850018978e8
9150 239144.11324635166 26.18476379387538 0.007935652105077937 7.696681640540628e-6 5.119470615550299e-6 0.036870755726340576 9.310397026721096e-5 8.180276891095462e-5 5.841972238132062e-12 9507.350780127996 7.387780850019e8
9200 240452.43571335735 26.150467478188155 0.00799474663658882 7.72116677294466e-6 5.1535817597623225e-6 0.03679673758415447 7.980776951557744e-5 9.167541507854038e-5 3.691540524311729e-12 9507.350780127981 7.387780850018972e8
9250 241759.2970301106 26.126159822946523 0.008036834278731322 7.73734357599086e-6 5.19685212715066e-6 0.03686339764135482 7.315226194504199e-5 9.184238921622345e-5 4.644398828605414e-12 9507.350780128003 7.387780850018952e8
9300 243065.20276973106 26.112066096184755 0.008073239737880942 7.757357293770374e-6 5.230610610153049e-6 0.04064697136345785 7.254683855989486e-5 8.623929935588914e-5 6.003956120540561e-12 9507.350780128003 7.387780850019066e8
9350 244370.66690201205 26.108306458323188 0.008127946485150606 7.77996918749663e-6 5.266269852546661e-6 0.04156698780570878 7.846863843791185e-5 7.073291310411012e-5 4.872747265075329e-12 9507.35078012805 7.387780850019037e8
9400 245676.20858846436 26.114967501409616 0.00819158077466258 7.793516850861856e-6 5.312136057879568e-6 0.0391139755538461 9.098929074702333e-5 8.056506060341584e-5 5.72208816031285e-12 9507.350780128078 7.387780850019021e8
9450 246982.3486295051 26.13202814734029 0.008229189534257927 7.802521091964362e-6 5.351405750655943e-6 0.03838830614586186 9.402214384113261e-5 8.164488601547504e-5 5.2162850591077975e-12 9507.35078012803 7.387780850019027e8
9500 248289.3542338097 26.13612349656295 0.0082845410476271 7.814086032024863e-6 5.4100502148586815e-6 0.036760081704414915 0.00011152998087937682 7.209573352738585e-5 4.941761902331886e-12 9507.35078012802 7.387780850019015e8
9550 249595.63499211307 26.11722071714494 0.008325743497748565 7.820867109573332e-6 5.457663784656543e-6 0.038556409446755424 0.00012419256436846382 7.394826400781984e-5 5.1345689756109264e-12 9507.350780128025 7.387780850018988e8
9600 250901.2355817747 26.10871224849221 0.00837390069609533 7.833890670573849e-6 5.485568164928893e-6 0.03570779274923552 0.00012315017398334405 7.744181843546971e-5 6.232796571734082e-12 9507.350780128008 7.387780850019e8
9650 252206.67603348033 26.110608601247364 0.008435104276341568 7.848716143962637e-6 5.5432955068988345e-6 0.04449948645742552 0.0001238437819379712 8.079770744953696e-5 5.084445693563934e-12 9507.350780128056 7.387780850019015e8
9700 253512.47596019632 26.12286562224085 0.00849920605350049 7.841088093787653e-6 5.608421674282273e-6 0.04468528477627842 0.00012148224848163025 8.926547844223531e-5 6.342552229727478e-12 9507.35078012807 7.387780850019054e8
9750 254819.15019415686 26.145347902864422 0.008538915240891481 7.835179998530141e-6 5.662511667143814e-6 0.04426698016868613 9.843001426268483e-5 0.00011029894934339035 5.888933799104991e-12 9507.350780128087 7.387780850019041e8
9800 256127.2057283557 26.177880266753522 0.008579941413264121 7.846998208369908e-6 5.712334778361329e-6 0.0423976151705574 8.642752211424076e-5 0.0001277440708546962 5.309742490074989e-12 9507.35078012806 7.387780850018998e8
9850 257437.13894115208 26.220208790271517 0.008620409762139075 7.8619344992142e-6 5.755186478094553e-6 0.042702614331574296 8.089416285556039e-5 0.00014191083216055778 5.944452970251135e-12 9507.350780128018 7.38778085001902e8
9900 258749.34089548388 26.253184220380014 0.008648755578036177 7.89034748723776e-6 5.777594948277916e-6 0.03699914267963322 7.476722792443269e-5 0.00014399298326966958 7.667396638517042e-12 9507.350780128081 7.387780850019007e8
9950 260039.02691290108 26.205330638433555 0.008691226197894605 7.915685207839896e-6 5.816127509050623e-6 0.039642386573177646 8.557634137840164e-5 0.00013521824533427318 5.963183989923338e-12 9507.350780128076 7.38778085001902e8
10000 261348.25470290537 26.16618293679286 0.008706760814649859 7.949835926057667e-6 5.8373519183944765e-6 0.04471428666511201 8.868516678883775e-5 0.00011865027063193145 7.954886393436844e-12 9507.35078012802 7.387780850019017e8
10050 262655.77562763734 26.13690374817154 0.008733447057880426 7.994981220796528e-6 5.836949066823267e-6 0.045147836426622234 9.193301974105839e-5 0.00010660657250036176 6.903797445298032e-12 9507.350780127996 7.387780850019041e8
10100 263962.08988682233 26.117746893667228 0.008772589242562768 8.028603737769446e-6 5.8527922173585975e-6 0.04096205041059875 8.861113573890855e-5 0.00010129716280841972 8.492013315279842e-12 9507.350780128081 7.387780850019007e8
10150 265267.70784454385 26.10887364206321 0.008801707267507343 8.073556902492312e-6 5.8655992302422906e-6 0.0398486812828196 7.858693534934513e-5 9.446476029185968e-5 7.685534177394233e-12 9507.350780128076 7.387780850019121e8
10200 266573.14652323193 26.110375980128744 0.008843895251304426 8.113197231574107e-6 5.875940133608608e-6 0.043154828790648025 9.11829210828996e-5 9.651550616800522e-5 7.88152068044848e-12 9507.350780128005 7.387780850019114e8
10250 267878.92608247814 26.122302971669672 0.008892319219975593 8.137512235553421e-6 5.915267410933369e-6 0.045203187142078605 0.00010312722777794381 0.00010494795368349782 6.3088310338458154e-12 9507.350780128036 7.387780850019046e8
10300 269185.56730655883 26.144622607214004 0.008923128207997106 8.174572319224768e-6 5.933062750148318e-6 0.04167808594866074 0.00010310533762336593 0.00011891090886756439 7.302842445138035e-12 9507.350780127997 7.387780850018976e8
10350 270492.36777605314 26.12525011628722 0.008946457761431215 8.207595370611904e-6 5.956831262686914e-6 0.041791315024966025 0.00011062058198518798 0.00013211141410741922 7.72254440555276e-12 9507.350780128025 7.387780850019e8
10400 271798.23889511044 26.111601114568742 0.008980816292288326 8.234502226819314e-6 5.993805979251501e-6 0.03895838073731284 0.0001219838579717969 0.00014161060491391098 9.435793277864044e-12 9507.350780128094 7.387780850019101e8
10450 273103.6931687065 26.108368526305288 0.009014468635259698 8.272338452857706e-6 6.009157660557642e-6 0.038786996867202106 0.00011893434500531708 0.00014935480823430325 7.792762755873391e-12 9507.350780128008 7.387780850019001e8
10500 274409.2509279301 26.115518950950047 0.009043329830262653 8.310698275590487e-6 6.036449648690216e-6 0.04564044517610455 0.000118929442662008 0.00015518841873493616 8.92301821315825e-12 9507.350780128067 7.387780850018996e8
10550 275715.42937890836 26.132973752532003 0.009067229139005643 8.356934754542285e-6 6.055573970255954e-6 0.044213648870936595 0.0001171483897634551 0.0001558553887719416 7.539059288277284e-12 9507.35078012801 7.38778085001905e8
10600 277022.73985403357 26.160566698705384 0.009094701761980553 8.396818272977345e-6 6.060740226331852e-6 0.043968408446744434 0.00013698593404071202 0.0001541617412688101 7.54105414953019e-12 9507.350780128028 7.387780850019048e8
10650 278331.6841217154 26.198091684488134 0.009097598822489778 8.429390659025479e-6 6.081415020936436e-6 0.0422853981708613 0.00015129443303851797 0.00014188175260709812 6.967862739892328e-12 9507.350780128072 7.387780850019007e8
10700 279642.75180844974 26.24525236221051 0.009107958766172628 8.47283932111622e-6 6.104812735295123e-6 0.04278035653078405 0.00015963051668882455 0.00012783771514440767 8.429284309701409e-12 9507.350780128058 7.387780850019052e8
10750 280955.1192934997 26.22740449548087 0.009110473302249879 8.493033527678475e-6 6.149724227579627e-6 0.03974593088059919 0.0001532570357662688 0.00010306352709765765 7.390011372745838e-12 9507.350780128032 7.38778085001903e8
10800 282265.3336454292 26.18364201559137 0.009094758702929279 8.515491935547957e-6 6.198416103145682e-6 0.04009451920137508 0.0001356389996676477 8.541331791422913e-5 7.764865329599542e-12 9507.350780128052 7.387780850019021e8
10850 283573.6072240243 26.14962869592523 0.009103899115193074 8.555962973230841e-6 6.224811701875317e-6 0.04125194342122995 0.0001189466584595178 9.058543984113987e-5 7.787988107154823e-12 9507.35078012802 7.387780850018954e8
10900 284880.43398003397 26.125614233092534 0.00912424499918358 8.591867553036683e-6 6.242269493582697e-6 0.04135631444478349 0.00010124377116044192 9.662134057492056e-5 7.902225502377637e-12 9507.3507801281 7.387780850019048e8
10950 286186.3201639108 26.111824627385467 0.009117114771956808 8.611985324122938e-6 6.280206438233751e-6 0.04418467914365465 9.341293027313735e-5 9.098353712937157e-5 7.36175977244916e-12 9507.350780128052 7.38778085001901e8
11000 287491.7797416382 26.108361321382674 0.009122260546782578 8.65358219170622e-6 6.317131500376678e-6 0.043453939171740785 9.569394323755837e-5 8.772231588233259e-5 8.110853146365607e-12 9507.350780128012 7.387780850018998e8
11050 288797.33186802967 26.115314330301306 0.009146024995415386 8.686822829588102e-6 6.341027752698839e-6 0.04600957884667878 9.96250253536557e-5 0.00010406757679977396 7.268397585577297e-12 9507.350780128088 7.38778085001905e8
11100 290103.49743005744 26.13267944189055 0.009160869973076722 8.720283868780803e-6 6.368217146206053e-6 0.04143545444094343 0.00010482633161901234 0.00012127002475549598 8.832367372015205e-12 9507.350780128052 7.38778085001904e8
11150 291410.5077190741 26.135431975394695 0.00917646803428198 8.732025221382548e-6 6.413553560844258e-6 0.04433689173674793 9.488016400882593e-5 0.00013253194587123374 7.009812977749e-12 9507.35078012803 7.387780850019085e8
11200 292716.76194839674 26.116840954129074 0.009200119807789824 8.750086978401538e-6 6.454928313382585e-6 0.04209156885372067 0.0001103013937434616 0.00014326216918575385 7.829519318853405e-12 9507.350780127992 7.387780850019071e8
11250 294022.35137478984 26.108638271178524 0.00921781815525278 8.776748936614647e-6 6.502615740566645e-6 0.0439426707180246 0.00012924973996075728 0.0001534199619658838 6.719336913619143e-12 9507.350780128008 7.387780850019033e8
11300 295327.7963052082 26.110841211237346 0.009256665276821521 8.781328511238162e-6 6.546923803048786e-6 0.044679284816083964 0.0001273098727416766 0.00016023802726677916 7.553076921764597e-12 9507.350780128028 7.38778085001897e8
11350 296633.615466335 26.123390207505885 0.009295727224908542 8.786089141921436e-6 6.60469899302072e-6 0.049800868657257524 0.00013154333881160163 0.00016243908607915802 7.840932337432293e-12 9507.350780128101 7.387780850019007e8
11400 297940.32370015077 26.14617138076551 0.009340782736911565 8.803310722512941e-6 6.654018326437581e-6 0.043974700860417215 0.00011370333434634894 0.00015938933786402432 8.493667403689161e-12 9507.350780128088 7.387780850019023e8
11450 299248.4277119583 26.178985239065447 0.009382167107422068 8.815700943049112e-6 6.698920709573669e-6 0.04455789535859367 0.0001007575301671948 0.00015765464548345154 5.821889613810578e-12 9507.35078012801 7.387780850019101e8
11500 300558.4232415411 26.221587903808967 0.009406791207415525 8.818557393246587e-6 6.74606653111532e-6 0.04705721801292384 0.00010434658983908551 0.00014410030799127949 7.293446304035096e-12 9507.350780128054 7.38778085001904e8
11550 301870.66973979597 26.25159913066853 0.009424600707740963 8.83674781069645e-6 6.783370830573555e-6 0.04243568353376759 9.702199296985486e-5 0.00013753525579113246 6.4517412092843475e-12 9507.350780127981 7.38778085001903e8
11600 303160.28653329384 26.20402856125728 0.009462671325853104 8.863670444509305e-6 6.789718113190734e-6 0.04252262655791128 9.02255474745095e-5 0.00012453773866902274 5.673668742483791e-12 9507.350780128023 7.387780850019016e8
11650 304469.45665010525 26.16517341639377 0.009484049504206532 8.895625244236157e-6 6.806040165943691e-6 0.044472947678514174 9.426109914978387e-5 0.00010893531895114772 6.767786962715042e-12 9507.350780128045 7.387780850019052e8
11700 305776.9351223868 26.13620763950776 0.00950553222486203 8.92252086794283e-6 6.830457403292148e-6 0.04500998002004053 9.347212921673176e-5 0.0001046396112374115 5.1280416440928995e-12 9507.350780128041 7.387780850018995e8
11750 307083.2220257409 26.11735627350877 0.009533756966189858 8.967567975112852e-6 6.828068319530906e-6 0.042551824622933054 9.089758085906174e-5 0.00010369168065804679 6.711153579237619e-12 9507.350780128103 7.387780850019094e8
11800 308388.8281594878 26.10879333686375 0.009561632351006816 9.011431153550832e-6 6.834390915528036e-6 0.04278428008001356 7.91453007183418e-5 9.067377022653478e-5 6.712413290086384e-12 9507.35078012806 7.387780850019025e8
11850 309694.27026255155 26.11060262083633 0.009609250892585798 9.038051847672806e-6 6.85963827932095e-6 0.04161809966535657 8.502104060514881e-5 8.2088570580785e-5 6.084824579450364e-12 9507.350780128061 7.38778085001902e8
11900 311000.06857671664 26.12282689136833 0.009652595590123275 9.066678405644706e-6 6.881571468813548e-6 0.04565299910791509 0.00010393343381576159 8.330587950561297e-5 5.139451790990521e-12 9507.350780128041 7.387780850019052e8
11950 312306.74336678645 26.14543339413426 0.009691928469665856 9.089999825489123e-6 6.914311375901232e-6 0.04399397019733442 0.00010574457722833941 9.535901952465592e-5 5.789968004855722e-12 9507.35078012808 7.387780850018977e8
12000 313613.5141134701 26.12470962842467 0.009733666732056218 9.105358753872909e-6 6.949186569216446e-6 0.04602179941139184 0.00010657973650807229 0.00011875792610405167 5.3771197903962795e-12 9507.350780128067 7.387780850019047e8
12050 314919.3664937339 26.111383974009858 0.009770359219356891 9.1466585009655e-6 6.962991118795065e-6 0.04131634160876274 0.00011146658096894413 0.0001458232251304592 5.401659264042876e-12 9507.35078012804 7.387780850019035e8
12100 316224.817324989 26.108447448288196 0.009795655335042676 9.178842723483786e-6 6.988669562083892e-6 0.04288445923157269 0.00013714445768486794 0.0001503169044118069 4.728165771139881e-12 9507.350780128058 7.387780850019064e8
12150 317530.38672908756 26.115901122874675 0.009816000570664868 9.217026754946967e-6 7.001199371343807e-6 0.04680266224750085 0.00015787043752080177 0.00013822826265352806 5.810433520012697e-12 9507.350780128032 7.387780850019015e8
12200 318836.59170968307 26.13365071091514 0.009850679289805138 9.26787254695232e-6 7.000988085328947e-6 0.05441240567051864 0.0001449184553563576 0.00012585776915752245 4.3801984087543304e-12 9507.35078012803 7.387780850019047e8
12250 320143.94369531237 26.16154288885412 0.009871455610627883 9.307017665775726e-6 7.013068828241597e-6 0.04983217535482254 0.00012495114052948897 0.00012629139170644565 5.0521029046900385e-12 9507.350780128045 7.387780850019056e8
12300 321452.943973933 26.199346932149524 0.009875079730785793 9.360926851679856e-6 7.007587698804522e-6 0.04537528430955717 0.00014404934277403858 0.00011603950532040885 4.688180481189592e-12 9507.350780128052 7.387780850019069e8
12350 322764.08160952793 26.24679196138148 0.009877392573250168 9.387538996577595e-6 7.037454239743085e-6 0.04413545373972738 0.00014393376119370416 0.00010319728950542416 6.084081771229512e-12 9507.350780128092 7.387780850019029e8
12400 324076.4190294916 26.225973094747573 0.009882940022032494 9.402007413455287e-6 7.088517011398265e-6 0.04539092224877095 0.00013393406191236634 7.982790378369131e-5 4.898494759307898e-12 9507.350780128018 7.387780850019009e8
12450 325386.5690718409 26.182506178995016 0.009867407456342145 9.416128956570077e-6 7.137391702443776e-6 0.0457277904079092 0.0001222675986357058 8.590150508291927e-5 5.284203671347763e-12 9507.35078012803 7.387780850019021e8
12500 326694.7932266624 26.148784376200055 0.009864935597767419 9.441706927243696e-6 7.171454038353234e-6 0.04307456566129986 0.00011107793452369563 9.618802552513461e-5 5.697882758920219e-12 9507.35078012802 7.387780850019016e8
12550 328001.58558942826 26.125074010018718 0.00987508625185818 9.483459750258341e-6 7.2035444360960565e-6 0.044920257010744535 0.00010474384042014062 9.226646609661326e-5 5.420147148034541e-12 9507.35078012805 7.387780850019028e8
12600 329307.45252689754 26.111582003307173 0.0098790374333426 9.51849898874932e-6 7.233957301032187e-6 0.044894464957906166 9.778974841823107e-5 9.172581676913927e-5 6.711404372734866e-12 9507.35078012804 7.387780850019011e8
12650 330612.908096369 26.108429994566297 0.009884749956401333 9.544496388125115e-6 7.286821501954956e-6 0.04926858847102267 9.07776682642289e-5 9.940989521020627e-5 6.070498718840481e-12 9507.350780128054 7.387780850019066e8
12700 331918.4713092723 26.11568896488056 0.009889946750519282 9.575524728639233e-6 7.338981550703414e-6 0.04418589988927124 0.00010468593617074529 0.00010041995188471431 4.6511123407921975e-12 9507.350780128045 7.387780850019035e8
12750 333224.66308263974 26.133359262367602 0.009906751795694722 9.605567723851495e-6 7.372147149362796e-6 0.045858394103561295 0.00010365608564277817 0.00010130387389321871 4.90497542600535e-12 9507.35078012801 7.387780850019071e8
12800 334531.6752633303 26.13471123800946 0.00993005442173799 9.637824864523592e-6 7.3926651773206475e-6 0.04882200922475022 0.0001067056714672554 0.00010220523549635263 5.9833702340771774e-12 9507.350780128045 7.387780850018995e8
12850 335837.90144682827 26.116422405352786 0.009951270149139615 9.675347162180825e-6 7.429213208028889e-6 0.043935072695603594 0.00013554343414390324 0.00011745948468265544 5.7858064600874824e-12 9507.350780128028 7.387780850019022e8
12900 337143.47797705984 26.108531136728033 0.009980031732454948 9.68874017180835e-6 7.485136889699471e-6 0.048215887414698955 0.00014951045005062724 0.00012577757196849393 6.766453545380446e-12 9507.35078012808 7.387780850018933e8
12950 338448.9253313445 26.11104257869699 0.01001918740125213 9.705986771961533e-6 7.543547648678138e-6 0.04305760100760381 0.00016731745973630474 0.00013123493180272616 5.345868240403533e-12 9507.350780128063 7.387780850018984e8
13000 339754.76220688707 26.12389647287995 0.010053007174270514 9.717062555961301e-6 7.598844093834592e-6 0.05234082887000113 0.00017071469504081893 0.00013392463786998654 5.2051175692771685e-12 9507.350780128052 7.387780850019069e8
13050 341061.5033098593 26.146973516542346 0.010079386892582287 9.728392226844303e-6 7.648052005137093e-6 0.050552106089526205 0.00014092072725713223 0.0001405006335116199 6.441406985634454e-12 9507.350780128008 7.38778085001906e8
13100 342369.654799912 26.180077221772947 0.010099984344925615 9.749835035558733e-6 7.69698189463092e-6 0.052308318077848526 0.000103240347232747 0.00016228708499765876 5.932284699499243e-12 9507.35078012805 7.387780850018989e8
13150 343679.7125110907 26.222971928748553 0.010121729576860675 9.764158094274718e-6 7.74449626799574e-6 0.05003755815050681 0.00010267234000405079 0.00016981112184419334 5.444665562685186e-12 9507.350780128048 7.387780850019002e8
13200 344991.9989001528 26.250055675044166 0.010130461063639717 9.784238418561342e-6 7.787191396344173e-6 0.04823824482264172 0.00012259020694371792 0.00016536410433429238 6.337517215240775e-12 9507.350780128067 7.387780850018982e8
13250 346281.5646035344 26.20275915459556 0.010115677947115907 9.823358930814489e-6 7.800186985638609e-6 0.04609268324202276 0.00013042439983490528 0.00015412721695837184 6.323266018343813e-12 9507.350780128068 7.387780850019068e8
13300 347590.6786269421 26.164191264151867 0.010129947669143258 9.867347390623404e-6 7.806148818822807e-6 0.04726466220199654 0.00012205459748071412 0.00012909024393689683 7.587089114681232e-12 9507.350780128058 7.387780850019013e8
13350 348898.11556091474 26.135519461083973 0.010136172774675704 9.897075003912261e-6 7.842028715897855e-6 0.0469440907399985 0.00010968166062796936 0.00011305862631619257 7.784656956886055e-12 9507.350780128043 7.387780850019054e8
13400 350204.3759084496 26.11696315897715 0.010147417538401052 9.948694742518372e-6 7.860397685288796e-6 0.05629822973241971 0.00010818025511522 0.00011217733616741832 6.669429964894203e-12 9507.35078012805 7.387780850018995e8
13450 351509.97038047266 26.108703280023775 0.010174032982927867 9.995060564986545e-6 7.873885495014475e-6 0.05221836528653512 0.00010385399253853844 0.00010592767861727914 7.1140006850740454e-12 9507.350780128074 7.387780850019011e8
13500 352815.4161729811 26.110822396244238 0.010224023948903057 1.0028454575085969e-5 7.898536028772871e-6 0.049396727421481046 0.00010234490135729857 0.00010186691854281033 6.848044710742238e-12 9507.350780128078 7.387780850019103e8
13550 354121.2331816247 26.123347538842797 0.010245368503287021 1.0079691345057636e-5 7.90598195372397e-6 0.04796351120057807 0.00011029331002010423 0.00011028384966185745 7.411897412902484e-12 9507.35078012798 7.387780850018983e8
13600 355427.941577017 26.14625614407571 0.010265644632852807 1.0112664173361004e-5 7.929871951130365e-6 0.0488887270057603 9.604060212708987e-5 0.00012234826226632106 7.011979421957561e-12 9507.350780128132 7.387780850018992e8
13650 356734.6788302702 26.12414345451083 0.010294137005605873 1.0142223168300733e-5 7.95893950773932e-6 0.04856661723169964 9.40945415263128e-5 0.0001374271444267855 9.595634886047972e-12 9507.350780128043 7.387780850019008e8
13700 358040.5105025705 26.111118555025993 0.010320840659715383 1.0171360994372463e-5 7.989913201645666e-6 0.04896360658494814 0.00010909853165319561 0.00014720972133291932 9.506360058844972e-12 9507.350780128036 7.387780850019068e8
13750 359345.9565231332 26.10850409456452 0.01037287199811129 1.021073948133934e-5 8.001067377424529e-6 0.046622834481240716 0.00014622210372583488 0.00015380684028840075 7.297317330381905e-12 9507.35078012803 7.387780850019008e8
13800 360651.5367806339 26.11626747965049 0.010425305953818968 1.0264792502095647e-5 7.985896960917105e-6 0.05317364494112553 0.0001696658920501415 0.0001608351051932133 7.743538310062713e-12 9507.350780128054 7.387780850019099e8
13850 361957.7681363368 26.134322561395624 0.010458322783653445 1.0308673707217447e-5 7.996415608428013e-6 0.05348373633387382 0.00015963551624353922 0.0001576550488091022 7.593318748574666e-12 9507.350780128088 7.387780850019034e8
13900 363265.16124435543 26.16251170268295 0.010471271870490401 1.0339692864053041e-5 8.015785208765843e-6 0.048333717431887635 0.00014492232727972287 0.00015150651222856082 7.035056252612583e-12 9507.350780128028 7.387780850019056e8
13950 364574.2177026445 26.200618309879594 0.010497044650650753 1.0368767600237843e-5 8.03922636491247e-6 0.04725224166577391 0.00016044787278951533 0.00013791329014017917 7.012071315758079e-12 9507.35078012805 7.387780850019011e8
14000 365885.4259514452 26.248340297232915 0.0105271376434585 1.0390455840189346e-5 8.058766267008744e-6 0.04967363803007174 0.00015986943047491264 0.00011322013377712548 7.81655559239078e-12 9507.350780128012 7.387780850019037e8
14050 367197.72928000544 26.224566152021346 0.01054534704137347 1.0401168474833301e-5 8.085020647933909e-6 0.04604427036247216 0.00014802816346404235 9.06837066921018e-5 8.977928587875966e-12 9507.350780128034 7.38778085001905e8
14100 368507.81624618266 26.181382346617156 0.010561417907297909 1.0403234457655263e-5 8.132106836535254e-6 0.05179943091934547 0.00013483698401606237 9.592562559176954e-5 8.92982218330492e-12 9507.35078012798 7.387780850019072e8
14150 369815.991444983 26.14794930877308 0.010583858937654853 1.0411735761507209e-5 8.175312332114477e-6 0.05074777784466278 0.0001237108947166332 0.00010690462251608523 7.830933143263455e-12 9507.350780128025 7.387780850019052e8
14200 371122.75007706275 26.124546181546464 0.010629295284740789 1.0446215541629973e-5 8.19938666526497e-6 0.0497947793937783 0.00012356625185638848 0.00010728813478436128 7.855397953197131e-12 9507.35078012802 7.387780850019097e8
14250 372428.59787231905 26.111349255989424 0.010666472132639103 1.0468822997938793e-5 8.246466412125856e-6 0.050701464504527394 0.00011904150663277768 9.88392278218897e-5 7.863184038336833e-12 9507.35078012807 7.387780850019011e8
14300 373734.0496897719 26.10851273586624 0.010698368943785213 1.0494370083622425e-5 8.284518634404573e-6 0.048712692865592544 0.00011115835192621049 0.00010217359913947122 7.405523237718653e-12 9507.350780128054 7.387780850019078e8
14350 375039.6243013864 26.11606784711468 0.01073453383751585 1.0515071159861598e-5 8.329023926081208e-6 0.04862335097641335 9.374144986340482e-5 0.00011875822190898777 9.441747230355923e-12 9507.350780127967 7.387780850019041e8
14400 376345.8426233201 26.13403609002361 0.010767660029749148 1.0528413655802582e-5 8.381959507707242e-6 0.05675853383036156 9.615296614177982e-5 0.00011576445060625801 8.54106881050936e-12 9507.350780128058 7.38778085001906e8
14450 377652.85536663566 26.13403236954223 0.01079197767525902 1.0534135000858517e-5 8.435397994451817e-6 0.05409743286691082 0.00010391330493797479 0.0001319817917005417 7.1986667031516e-12 9507.35078012803 7.387780850019026e8
14500 378959.0554179218 26.116057423640683 0.01082919058087937 1.0558364874953562e-5 8.485322626201946e-6 0.05015243989873852 0.00012409851375549952 0.00014517411334830088 7.490493414703651e-12 9507.350780128072 7.387780850019027e8
14550 380264.6212917471 26.108471947180597 0.010883960541614026 1.0568709609542973e-5 8.550945027695143e-6 0.05009670302752056 0.0001402202389567675 0.0001517852409126108 7.581362025009382e-12 9507.350780128028 7.387780850018988e8
14600 381570.07338032144 26.111288752579437 0.01091172394448797 1.0586736284265079e-5 8.60099627791371e-6 0.05076243991970841 0.00016770342718852582 0.00015666018099039225 7.217159133971937e-12 9507.350780128127 7.387780850019041e8
14650 382875.930495039 26.124449323696208 0.010940242874464993 1.0602952451020545e-5 8.642075909583916e-6 0.05435596883216931 0.0001760408201624264 0.00015791674974824366 7.695215572169616e-12 9507.350780128052 7.387780850019027e8
14700 384182.70676508325 26.14782161758521 0.010948253107826628 1.060463335554072e-5 8.694710013620975e-6 0.056931895818706835 0.00014748938273079215 0.00015468947760222118 8.108364355934917e-12 9507.350780128014 7.387780850019028e8
14750 385490.9083322845 26.181224570096692 0.010967983706435291 1.062779666577925e-5 8.724623397806446e-6 0.05233066649634566 0.00011608215879327366 0.00014364193239818634 6.2847816604686475e-12 9507.350780128041 7.387780850019047e8
14800 386801.0307338093 26.22440613145155 0.010964209896290801 1.065981720580264e-5 8.75234337345463e-6 0.05214774934029265 0.00011599381254101537 0.0001513871635062669 4.9979851140017894e-12 9507.350780128101 7.387780850019059e8
14850 388113.3545007845 26.24851196011859 0.010942239875643838 1.0674922089416515e-5 8.808931309179573e-6 0.04919141316713649 0.00013831003661235464 0.00014241839194992223 5.713837820035115e-12 9507.350780128074 7.387780850019025e8
14900 389402.8599719783 26.20149098213367 0.010928675254885918 1.0698660710492007e-5 8.832102511535726e-6 0.052050633859835216 0.00014402537307578456 0.0001275785251372008 5.620443087442235e-12 9507.350780128076 7.38778085001903e8
14950 390711.9176476902 26.16321207742475 0.010928665252386524 1.0748368935932768e-5 8.83315340917548e-6 0.049281730243819766 0.00013705862112245448 0.00011627031539729327 7.644802250314738e-12 9507.350780127987 7.387780850019102e8
15000 392019.31256755313 26.13482338150811 0.010944004093847454 1.0800118903756487e-5 8.842038652736557e-6 0.05102396175243484 0.00011624809273613756 0.00012494307549271166 5.411802042275023e-12 9507.350780128068 7.387780850018997e8
15050 393325.54570767295 26.11657078401538 0.010950431719358888 1.0829851748230007e-5 8.863364028898952e-6 0.05335287815796619 0.00012905299384602387 0.00012551103656688323 7.417943259194882e-12 9507.350780128083 7.387780850019037e8
15100 394631.1281742695 26.108608417931936 0.010977108774191665 1.0884353124028165e-5 8.881473443567775e-6 0.05254161835364357 0.00012186836176297788 0.00011906281943252495 5.943277495386179e-12 9507.350780128078 7.387780850019045e8
15150 395936.57727844635 26.111037109847754 0.011008177975601942 1.0933397840487467e-5 8.88920479093812e-6 0.055959762479687924 0.00013244434885734124 0.00010679015918146906 5.766320666855819e-12 9507.350780128096 7.387780850019009e8
15200 397242.4132945703 26.12387883255678 0.011036066227851785 1.0962033890634422e-5 8.912932353897382e-6 0.05061305946583161 0.0001389056010673434 0.00011744258321612702 4.642336961456296e-12 9507.350780128021 7.38778085001909e8
15250 398549.15577590035 26.146718134647614 0.011058541782741469 1.0986834729415795e-5 8.945103596678934e-6 0.053662945498217596 0.0001336288589810844 0.00012367733548074994 5.017252180843679e-12 9507.350780128008 7.387780850019016e8
15300 399855.85973081994 26.123627196655306 0.011084043847723931 1.1028661043010481e-5 8.976079726055004e-6 0.055520107331176405 0.00012265674221589168 0.00012360827401328156 4.491125712704328e-12 9507.350780128063 7.387780850019026e8
15350 401161.67334744893 26.110909411132152 0.01112651577555545 1.1064613949893467e-5 9.007327551711693e-6 0.047812256632823846 0.00012207408400610742 0.0001409932479587983 3.5891574293557055e-12 9507.350780128028 7.387780850019064e8
15400 402467.1167488825 26.108603593608468 0.011180396226588141 1.110985611613284e-5 9.009662760015588e-6 0.051376973886362975 0.00015144936788891172 0.00014669127631561363 4.778385733122835e-12 9507.350780128043 7.387780850019047e8
15450 403772.70940337534 26.1166708129622 0.011252243989235924 1.1166330450198607e-5 9.001509867446756e-6 0.061535845045000315 0.0001745858270657541 0.00013533403006471545 4.600532940037427e-12 9507.350780128058 7.387780850019026e8
15500 405078.968323502 26.135026042690683 0.011306646917117882 1.1228056763477494e-5 8.997085570274315e-6 0.06056334688582865 0.0001582265108380776 0.00012934788573615297 4.593093371103844e-12 9507.350780128058 7.387780850019016e8
15550 406386.40403619735 26.16351090773065 0.01135027494830587 1.1277024512419855e-5 8.986335219689553e-6 0.05450849977751204 0.0001404264503050423 0.00012701342552190464 6.202104042361151e-12 9507.35078012805 7.387780850018979e8
15600 407695.5176197051 26.201895112346023 0.011379296543910327 1.1313240283507521e-5 9.005105178562224e-6 0.05111388414115936 0.00015817456594205415 0.00012664950572410794 4.941811199526956e-12 9507.35078012807 7.387780850019029e8
15650 409006.79707400466 26.249900166951427 0.011394297005384078 1.1323188719089831e-5 9.059595265466035e-6 0.052717048729391536 0.0001596988209976724 0.00012974273380920477 4.215448140059412e-12 9507.350780128052 7.387780850019042e8
15700 410319.06295562896 26.223182179864928 0.011406027897835767 1.133010662924299e-5 9.107910096136781e-6 0.049056287154598976 0.00015124776177155574 9.686205166925532e-5 5.561592766027321e-12 9507.35078012802 7.387780850019037e8
15750 411629.088030838 26.180284837489197 0.01143299452059942 1.1354953504539885e-5 9.14019263492632e-6 0.05034864877052314 0.00014768521233921028 9.869118270938726e-5 4.5177213101375086e-12 9507.350780128028 7.387780850019034e8
15800 412937.2159927273 26.14714192507453 0.011453784528229297 1.1379627544622355e-5 9.166817345446914e-6 0.05573328080754436 0.0001473246638469261 0.00010925316896293058 5.2547976551820806e-12 9507.350780128034 7.387780850019045e8
15850 414243.9417205872 26.124033373017138 0.011485226497686279 1.140462869627219e-5 9.195342898807543e-6 0.05530678872673889 0.00015092853993903255 0.00011627182869572428 5.133509325223706e-12 9507.350780128036 7.387780850018997e8
15900 415549.77201036934 26.11114180694541 0.01153287226219269 1.1442045739953273e-5 9.225610601156009e-6 0.05467453832170577 0.00014602138792607633 0.00013018444389148454 3.749316836933091e-12 9507.350780128043 7.387780850018998e8
15950 416855.2214314929 26.10860877322556 0.011580087360455502 1.1457586630531394e-5 9.265848058137978e-6 0.055998560466832714 0.00012851559742080298 0.00014144287921941112 5.493822045372565e-12 9507.350780128096 7.387780850019034e8
16000 418160.8092535741 26.116478180882833 0.01162456006172358 1.1468565225938339e-5 9.32513200880374e-6 0.052626495191361755 0.00011553551243816606 0.0001521086228144647 5.552015709004611e-12 9507.350780128025 7.387780850019001e8
16050 419467.0560207201 26.134751800274547 0.011664216174166527 1.148215334320454e-5 9.371692773506723e-6 0.06227543594650342 0.00012843389918517495 0.00014987706828606395 5.0946516487839375e-12 9507.350780127996 7.387780850019046e8
16100 420774.0670804235 26.133338399987622 0.011703509459895806 1.1496951353303695e-5 9.425151284549418e-6 0.05698920887152781 0.0001332636601060616 0.00013556098157450902 5.890219115778379e-12 9507.35078012808 7.3877808500191e8
16150 422080.24011560116 26.115669031867608 0.011751957768732063 1.1507621487616726e-5 9.498519794800275e-6 0.05202075335364498 0.000153969153133926 0.0001345586373820984 6.970070105558932e-12 9507.350780128087 7.387780850019084e8
16200 423385.79467811267 26.10839425344479 0.011803926325222824 1.1520974602066283e-5 9.569770360092433e-6 0.05431908201353508 0.00016125105301234566 0.00013631196905883325 4.779327644578142e-12 9507.350780128038 7.387780850019029e8
16250 424691.2508327065 26.111519675642633 0.011867571830161183 1.1531633913137626e-5 9.624298390433415e-6 0.05651054653208121 0.00017010583294840842 0.00013554051576022963 3.1546433369700247e-12 9507.350780128052 7.387780850019042e8
16300 425997.1274602974 26.124985180610327 0.01191903122351549 1.1537754817330013e-5 9.687672346617895e-6 0.0606139879055263 0.00016831779044712558 0.00014365257678333743 7.290243422196215e-12 9507.35078012803 7.387780850019007e8
16350 427303.93835929414 26.148662752594177 0.011945176799716512 1.1554425939624982e-5 9.742500019731428e-6 0.06234109227443696 0.0001363029298302454 0.00014755963971374575 6.675755321496508e-12 9507.350780128034 7.387780850019035e8
16400 428612.189553334 26.182357322563174 0.01196793814892599 1.1560695190590879e-5 9.781075561186157e-6 0.05529887774537201 0.00012429536970470778 0.00016905785027018783 6.795094737102235e-12 9507.350780128038 7.387780850019064e8
16450 429922.37572588766 26.2258238168039 0.011971199039948612 1.1582728436678962e-5 9.812409172392995e-6 0.05599202887606225 0.00012112313840917377 0.000178171489123774 6.125464612729342e-12 9507.35078012804 7.387780850019068e8
16500 431234.731241691 26.24698288384927 0.011963120998637757 1.1613125115986423e-5 9.841347497894219e-6 0.05610249737947015 0.00014088277322188425 0.00016863208255105122 5.946528238579495e-12 9507.350780128036 7.387780850019038e8
16530 432000.0 4.543986023811158 0.011966016313745992 1.1626354776855705e-5 9.860099266804702e-6 0.05318880172853824 0.000141560643912908 0.00015896458800720992 5.5234491809957425e-12 9507.350780128096 7.387780850019004e8
