#timestep time dt l2_h l2_h_vcon1 l2_h_vcon2 linf_h linf_h_vcon1 linf_h_vcon2 dsdu_ut mass entropy 
0 0.0 100.0 0.0 0.0 0.0 0.0 0.0 0.0 -2.50854781071336e-13 9507.350780127921 7.387780641008914e8
50 1639.4584671568707 32.75315533303797 0.06834618709140129 1.854006103889327e-5 3.8667845705075984e-5 0.2770292096920457 0.00015630589071674583 0.000169313097757251 4.015912579810428e-13 9507.350780127894 7.387780641008914e8
100 3275.5586546200125 32.695170306448325 0.12351127042997807 3.771816735568544e-5 7.01096819430769e-5 0.5597258832203806 0.0003456882341927314 0.00033847646552337407 1.7245404694201373e-14 9507.350780127943 7.387780641008941e8
150 4909.246459825956 32.65634776192331 0.17100102301055384 5.587502611215126e-5 8.691053541441122e-5 0.761681825895721 0.0006594812624075574 0.0004305000564088779 -2.7401202076727956e-13 9507.350780127877 7.387780641008902e8
200 6541.4925268456345 32.63722925459758 0.20686206535285248 7.176168444488736e-5 9.176715694689324e-5 0.960873196941975 0.0010178627757398973 0.0006777321211565712 -8.736803825761255e-13 9507.350780127894 7.387780641008914e8
250 8173.299625160224 32.63842085317403 0.2280294508991433 8.39050489050936e-5 9.331866912775756e-5 0.8699754424178536 0.0013113091157781198 0.0010793993840727892 -3.712356699669157e-13 9507.350780127907 7.38778064100893e8
300 9805.686059962729 32.65999950631297 0.23379828073506564 9.319240727025712e-5 9.718271544341619e-5 0.9021412322272226 0.0015346296816069471 0.001484606279709165 1.0915452864615735e-12 9507.35078012786 7.387780641008945e8
350 11439.316153084088 32.667423811050156 0.22508167871180498 0.00010094175697743407 0.00010385577635166115 0.8823605375082479 0.0017116842885918637 0.0018338464929325005 3.6717702676623776e-13 9507.350780127885 7.387780641008872e8
400 13071.9334729803 32.64119167907764 0.20764065391619654 0.00010775620630722086 0.00011136012744119498 0.8657454333713304 0.0018935439683466226 0.002103219511109533 1.5284084512017156e-12 9507.350780127932 7.387780641008878e8
450 14703.759186472314 32.63535134545591 0.19067687195973917 0.00011276305659472506 0.00011940041430701902 0.7997368989881579 0.002095987044060832 0.002275019950943591 -2.0321703083968057e-12 9507.350780127943 7.387780641008965e8
500 16335.812267694533 32.64986015331685 0.18405492435441734 0.00011595141301235037 0.000127785909967703 0.8957983424429585 0.0022986402274700612 0.002360145667010982 -2.5116109376572677e-13 9507.350780127908 7.38778064100894e8
550 17969.102967860945 32.684355556129525 0.1924680658151468 0.00011805545811661647 0.00013561551882078279 0.9933201743315294 0.0025592702876335305 0.0024638687240912116 5.33428241646838e-13 9507.350780127934 7.38778064100893e8
600 19604.61800287601 32.73838317389731 0.21264333883291794 0.00011942457450734074 0.0001422424172189994 1.0218001328148603 0.0027897744693294313 0.0027059213512159452 -6.41265625707115e-14 9507.350780127865 7.387780641008965e8
650 21243.318224218077 32.81130088948586 0.23802257765441262 0.00012091815371408489 0.00014770462635749953 1.1311887723734344 0.0030225241167884387 0.002979913249408439 1.1348885327178701e-14 9507.350780127901 7.38778064100892e8
700 22883.31252276953 32.76508823350817 0.26379955465047394 0.00012295358830137653 0.00015248287178090702 1.3208315461622533 0.0032218370851353484 0.0032562131819896534 -4.0476925218534723e-13 9507.35078012787 7.387780641008927e8
750 24519.912287173032 32.70333824762969 0.28577412694407145 0.0001269740511727105 0.00015721004019823216 1.4374082202039062 0.0033669015906961086 0.0034855583251585665 4.61038894144935e-13 9507.350780127857 7.387780641008956e8
800 26153.916363705826 32.66091878426263 0.30061571095590117 0.0001345347958366918 0.00016157033842943347 1.760424158150272 0.0034636144052220125 0.0037032078745031782 7.084246839522953e-14 9507.350780127908 7.3877806410089e8
850 27786.30519734107 32.63841645364865 0.3062199524750674 0.00014430651024646953 0.0001660109510828682 1.8489076662576736 0.003517893710410877 0.00391621897806696 1.2450309198034377e-12 9507.350780127965 7.387780641008891e8
900 29418.082655254668 32.63613797307701 0.30328837377720685 0.00015341108449123343 0.0001704458798385172 1.6296167686778062 0.0034998239712612615 0.00412414822609929 -4.066147861690517e-13 9507.350780127865 7.3877806410089e8
950 31050.26462265404 32.65413940948492 0.29597801028342785 0.0001598528273669658 0.00017408837801565996 1.6758679551103342 0.003384847222410576 0.004278374796769353 -5.167724888893389e-13 9507.350780127948 7.387780641008941e8
1000 32683.76852805858 32.675007687957894 0.2887658799123351 0.00016360013989463499 0.00017622941132664752 1.619312851630184 0.0032198268140838787 0.004412025376476003 1.578209151946638e-13 9507.35078012791 7.387780641008894e8
1050 34316.67166082349 32.64512357757596 0.2853535657451958 0.00016575469287604725 0.0001773284956443328 1.4184839128292879 0.0030547774551751283 0.00456031071547594 1.5393170120307077e-13 9507.350780127885 7.387780641008894e8
1100 35948.60021360927 32.63559730192773 0.2873328022859752 0.00016747769711484339 0.00017795802625712745 1.3614772199243816 0.002968096250390073 0.00473683629179128 4.916089010451357e-13 9507.350780127928 7.387780641008961e8
1150 37580.57141731817 32.64641827797208 0.2954330655590424 0.00016975180714052507 0.00017875669145855192 1.391034170009334 0.003258798695412457 0.004913752002750099 1.0637167781761704e-12 9507.350780127881 7.387780641008908e8
1200 39213.59539440463 32.677277719170995 0.31151644040383286 0.0001726647434654284 0.0001795240095467017 1.3675261320308891 0.0033838549053595846 0.005177773345990455 -4.917620573923311e-13 9507.35078012787 7.387780641008953e8
1250 40848.667829975435 32.727845083743254 0.33415370489002383 0.00017630028086273645 0.000180450426247544 1.5085800693359488 0.0034124908246871977 0.005315217650596699 1.1843427172272628e-12 9507.350780127916 7.387780641008939e8
1300 42486.76063920442 32.7976267654414 0.3596044525824201 0.00018043294352295915 0.00018142960517422067 1.5629792259596798 0.0034111431638133294 0.005378524719954397 -2.712934956045613e-13 9507.35078012791 7.387780641008937e8
1350 44118.422227592266 32.77971474843712 0.3831622563229474 0.00018509858601868494 0.00018218968624550546 1.7038338831762303 0.0033590908877642045 0.00541847014520952 9.823448109112576e-14 9507.350780127908 7.387780641008914e8
1400 45755.66310793828 32.71433462297044 0.4012080488640878 0.00019045375182171636 0.00018217403356830307 1.9039492410149705 0.0032563949273997916 0.005360969523959147 7.058516573194127e-13 9507.350780127925 7.387780641008878e8
1450 47390.11766461361 32.66799837212049 0.4093963861653844 0.0001977115601911549 0.00018191400315936947 2.0064837812233236 0.00332449294079315 0.005226006424931373 -4.43050681166836e-13 9507.350780127894 7.387780641008955e8
1500 49022.75586504133 32.64138294512682 0.40501788139335393 0.00020795697979665616 0.00018136617637967947 1.875329845887336 0.003396763298893879 0.005068955210495385 1.458201581647347e-13 9507.350780127847 7.38778064100893e8
1550 50654.57716451479 32.63499977064432 0.38892083059195703 0.0002205512987761526 0.00018036605517616488 1.7302020051192812 0.0034338556915132212 0.004916018087634422 6.87518842560124e-14 9507.35078012789 7.387780641008897e8
1600 52286.60119756548 32.6490416572408 0.3665987820968861 0.0002332716030672723 0.00017944063068363214 1.822525404069438 0.003560360754629066 0.004952494942661969 -1.4450148201538235e-12 9507.350780127887 7.387780641008915e8
1650 53919.848548934235 32.68355569070873 0.3464161995909812 0.00024374122685258024 0.00017967020615076258 1.9075976182125487 0.003959127580378474 0.005061624708447829 -1.1655657490611076e-12 9507.350780127894 7.387780641008936e8
1700 55553.12995485497 32.650984412125325 0.33528476764717924 0.0002513497503632046 0.0001819032823155841 1.8693580088470299 0.004100158733418291 0.005221440613651734 3.6187781715327714e-13 9507.350780127861 7.387780641008984e8
1750 57185.25861592899 32.63787097494336 0.3351490619777579 0.0002561477667111968 0.00018669697310780698 1.7745561406059096 0.003997089379988772 0.00550917149362648 -6.560452132114705e-13 9507.350780127927 7.387780641008899e8
1800 58817.24728376396 32.64490900734885 0.3416037030439339 0.0002594087630259134 0.00019370409603504846 1.8138030716509093 0.004420229168937917 0.005872963743882048 4.763775023165537e-13 9507.350780127945 7.387780641008923e8
1850 60450.10227198914 32.67201700039838 0.3483529219088691 0.0002620938059570226 0.00020254433194789246 1.6151618746062013 0.004778956120779054 0.0062413182019874225 -3.894306440137285e-13 9507.350780127877 7.3877806410089e8
1900 62084.81380322961 32.71878621999298 0.3521107790658312 0.0002646690547022648 0.00021200616124214061 1.582556775428202 0.005120248674460898 0.006542641355729378 -4.566356491630675e-13 9507.350780127901 7.387780641008928e8
1950 63722.35566308895 32.78472243927031 0.35322423104889955 0.00026736669018014156 0.00022074742547012366 1.5354609035330213 0.005424023259811728 0.0068254354162272934 -4.455241561740416e-13 9507.350780127881 7.38778064100892e8
2000 65362.80128691588 32.79371723796793 0.35237458323592896 0.00027088599280626716 0.0002280547184868259 1.5150363837419718 0.005637713824253099 0.007115579043887932 2.8421989130785255e-13 9507.35078012791 7.387780641008903e8
2050 67000.65600898777 32.724949523615386 0.3510675219726569 0.000275443660824402 0.0002338151260053361 1.5419676662349957 0.005736899765671211 0.007375485705573531 6.042707100420676e-13 9507.350780127937 7.387780641008984e8
2100 68635.55637387361 32.675245276259986 0.3514351500119577 0.0002811223605343374 0.00023788309772782254 1.5249872323329328 0.005646534734960629 0.007604395501411204 -7.433979358343636e-13 9507.350780127916 7.387780641008964e8
2150 70268.46780826687 32.6451169143426 0.3527915222347473 0.0002879826852436322 0.00024094299164163473 1.6197248753405802 0.005445172092514078 0.007774948740334048 3.3748001104505085e-13 9507.350780127887 7.387780641008908e8
2200 71900.38359387303 32.63513349731939 0.351843193611048 0.00029606761926230665 0.00024407952101544953 1.7751537902627206 0.005213488009814901 0.007953292086960169 1.5088963325690225e-13 9507.350780127861 7.387780641008925e8
2250 73532.31992585374 32.645516028889425 0.347163326624765 0.00030485424414929195 0.00024781960617763747 1.8629106516607408 0.005339265690385453 0.008149673862291148 4.871577947047695e-13 9507.350780127941 7.387780641008936e8
2300 75165.29267840479 32.67607151677607 0.3417999595905646 0.0003136286013269161 0.0002516672983442204 1.8178528915459538 0.005371462137514868 0.008425927142435535 -3.314262671153604e-13 9507.35078012789 7.387780641008948e8
2350 76798.81581555602 32.655333932566926 0.3403182958089057 0.0003213467597709951 0.0002542051977096522 1.790059651750198 0.005433849759101966 0.008722794260234645 -4.0520096163900427e-13 9507.350780127948 7.387780641008891e8
2400 78431.06946325819 32.63851709136383 0.34623939431768336 0.0003272019177609657 0.0002559833242929605 1.7346008006570628 0.005525938046144763 0.009093812097441867 1.6700550989053759e-13 9507.350780127907 7.387780641008945e8
2450 80062.99706434211 32.6418881223458 0.3600306803455629 0.00033074956289995394 0.0002582646732963893 1.7825958563862514 0.005650608369971999 0.009497353451501128 6.524115788742598e-13 9507.35078012791 7.387780641008914e8
2500 81695.6069216494 32.66538169435819 0.3778697840095152 0.00033177740676389167 0.00026187611759648596 1.8975170225894544 0.005889465477670663 0.009881573128948773 -8.071492653544463e-13 9507.350780127887 7.387780641008931e8
2550 83329.89935367001 32.70872907025454 0.3916430750603935 0.0003316409081202851 0.00026671619405186964 1.8406123367967666 0.005962408459636026 0.010183751509020844 6.539776025243327e-13 9507.350780127941 7.387780641008908e8
2600 84966.85346498291 32.77134328285961 0.39442852722174293 0.00033233858342595057 0.0002721163752257845 1.7209317587321493 0.006022729635048629 0.010313979837937082 1.2050341397333607e-13 9507.350780127905 7.387780641008899e8
2650 86596.87953263718 32.80913457950569 0.3857530542724183 0.0003347599667507606 0.0002766746592936163 1.606617752046077 0.006105613474568672 0.010051534988167798 2.060894781313302e-12 9507.350780127876 7.387780641008893e8
2700 88235.40826739899 32.736543328759524 0.3707877914746338 0.0003386343776660519 0.00027962203806721706 1.6314189756703854 0.006085531408716788 0.009306006118940557 2.7845355483594597e-13 9507.350780127857 7.38778064100892e8
2750 89870.79193856745 32.68306221692894 0.3548610085703096 0.0003436713982448581 0.0002811003524132464 1.598986448818323 0.005991507120285122 0.008200483249038243 6.784366711714371e-13 9507.350780127908 7.38778064100891e8
2800 91504.00135153499 32.649315277088895 0.34039268898148206 0.0003489162424515859 0.000282021755545153 1.4736087719611533 0.005846039926503593 0.008418832792355002 1.5932854798736845e-13 9507.350780127903 7.387780641008925e8
2850 93136.0337136703 32.63563336155344 0.329497574731975 0.00035326578362006674 0.0002836193548372399 1.4274947892108685 0.005959208144537986 0.008710225337789444 -1.3688654843282737e-12 9507.3507801279 7.387780641008893e8
2900 94767.89867739462 32.64224900537836 0.3243568424753023 0.00035595853084491633 0.0002868500306544706 1.5103091835480882 0.006227954082255349 0.00900408643218239 7.585221251199087e-13 9507.350780127885 7.387780641008962e8
2950 96400.61461306603 32.669223929861566 0.32345550288884545 0.0003569468660552896 0.0002919673828712601 1.685636415884801 0.006218962229849856 0.009246905828558 -6.656328005459022e-13 9507.350780127914 7.387780641008916e8
3000 98034.28093773348 32.6604292466556 0.32560889941201454 0.00035616701558744063 0.0002985711505165579 1.7321103559852418 0.006141687566675963 0.0095239624168285 1.2960090099674247e-12 9507.350780127907 7.387780641008923e8
3050 99666.68323267429 32.6394873197799 0.33092340022258454 0.0003541434885854187 0.00030559822821820705 1.7591673523857025 0.006560393183567659 0.009786333254072216 1.1650909643848019e-12 9507.350780127908 7.387780641008986e8
3100 101298.55845372398 32.63896042100888 0.336686643750717 0.0003520949576569557 0.0003120965619926213 1.8965388196711501 0.007222948739563362 0.010004675264876223 -2.5266202596824163e-13 9507.350780127948 7.387780641008916e8
3150 102930.92721304181 32.65870560558829 0.34024454869823684 0.00035096191889631456 0.0003171685625008754 1.8150202324723068 0.00781458623323128 0.010065504432246353 -4.180402496698281e-13 9507.350780127888 7.387780641008905e8
3200 104564.79060680239 32.69834563484857 0.34249214623571916 0.00035038353495317156 0.00032025075773988945 1.7809383054527643 0.008138973164950825 0.00995303877033804 2.4462131774048344e-13 9507.35078012792 7.38778064100892e8
3250 106201.13014770372 32.75726743710639 0.344436111625208 0.0003502866472435744 0.00032116351261155944 1.6957412454403311 0.008163506706761359 0.009579875580850494 1.2685940238194491e-13 9507.350780127885 7.387780641008935e8
3300 107840.87662167367 32.82465895742899 0.34302412209189426 0.0003508849690156932 0.0003208039888130154 1.5879785005581653 0.00797276460345736 0.008978908952973041 1.516554149928792e-13 9507.350780127876 7.387780641008925e8
3350 109480.09855092241 32.74881365260341 0.3375624966887497 0.0003530072718508266 0.00031958535740162446 1.496991963354958 0.007640840552567113 0.00809851060124911 -2.5998289936418144e-14 9507.350780127908 7.387780641008916e8
3400 111116.0069451661 32.691845709330046 0.33382023320467624 0.00035691437954883047 0.0003173152498071615 1.6050857311747677 0.007298734247905364 0.007269287865723173 4.597906699152926e-13 9507.350780127932 7.387780641008933e8
3450 112749.56149750731 32.6543789764491 0.33656606878007345 0.0003618390654080255 0.0003146260271347769 1.4965646679174824 0.006996326565352262 0.007781705219863322 5.231820820194662e-13 9507.350780127921 7.387780641008915e8
3500 114381.75053286039 32.636923390195484 0.3443789524527299 0.00036715816252168087 0.00031190845410750324 1.465300324875443 0.007284470324634362 0.007774782651945283 4.472127049018708e-13 9507.350780127888 7.387780641008892e8
3550 116013.58613691079 32.63984202624349 0.3538130369484423 0.00037202417313326135 0.00030944215939393224 1.3636858141030643 0.007504899906882523 0.008208754759205572 -1.1690806872292418e-12 9507.35078012789 7.38778064100891e8
3600 117646.0858500702 32.66306170763141 0.36232284722811686 0.00037586271446028594 0.0003078184530713419 1.5856826178223855 0.0073743068048319205 0.008679884538035268 -2.3493417878037476e-13 9507.350780127903 7.387780641008904e8
3650 119279.76465778744 32.66548257170404 0.3674422498515924 0.00037858290403140147 0.00030757234933450234 1.7928426044454682 0.006617619749376913 0.009095582820019793 -2.0626426781256694e-13 9507.350780127903 7.387780641008866e8
3700 120912.33247280924 32.64111138653735 0.36803987468052696 0.0003807593144933116 0.0003084252539482461 1.7444776721913513 0.006741409717418406 0.009410240562460287 7.089549878044594e-13 9507.350780127867 7.387780641008904e8
3750 122544.2013621172 32.63707330389774 0.3655006640823738 0.0003831159647697071 0.0003085194163110825 1.611105216863507 0.006973742603395533 0.009595993838822203 7.15416271201765e-13 9507.350780127932 7.387780641008943e8
3800 124176.38408127335 32.65323382172692 0.360125338439745 0.0003857768535547545 0.00030720412290654686 1.6547640502312788 0.007061474953359237 0.009622832450075947 1.2928693048499192e-13 9507.350780127865 7.387780641008924e8
3850 125809.87637199883 32.68900393655607 0.35105672468252747 0.0003883060573833014 0.0003052874496953596 1.7484867399380164 0.007061261941700259 0.00945272931535579 6.681292490051871e-13 9507.350780127874 7.387780641008935e8
3900 127445.65112425035 32.74402707756657 0.3393722932285649 0.00039017499685718943 0.00030437613388477016 1.768475453454812 0.007005141752637306 0.00905819233981997 -1.2088324171438063e-12 9507.350780127945 7.387780641008906e8
3950 129084.65746181474 32.817786593809195 0.32593612866463917 0.000391891855540335 0.00030426043112547467 1.7113040404965432 0.006862922671072608 0.008436996941812824 4.577077435934352e-13 9507.350780127927 7.387780641008931e8
4000 130714.70150196654 32.76085028216494 0.31098331972141235 0.0003944119528696444 0.0003046299594914943 1.6175186189229862 0.006609206872476542 0.00760531530279919 5.582548855272114e-14 9507.350780127907 7.387780641008923e8
4050 132351.12109268323 32.70032389526644 0.29841184830524214 0.0003973608763489954 0.0003054483539719238 1.467381375046898 0.006502590697561539 0.006458218295546159 1.8214271746559436e-12 9507.350780127865 7.38778064100891e8
4100 133985.00705322126 32.65924873975117 0.2943887345545481 0.00039926449169129725 0.00030744025260899023 1.3472693996063754 0.0065718607285175645 0.006486148476342879 -5.305335866848451e-13 9507.350780127914 7.387780641008912e8
4150 135617.34708273652 32.638079219324574 0.3021613280075253 0.00039913385511964754 0.0003105193017403355 1.2950687155707783 0.006871514474930618 0.005994921524937302 2.9939002749755636e-13 9507.350780127925 7.387780641008911e8
4200 137249.1442944994 32.63716199371089 0.3212227104914846 0.0003967442902291941 0.0003135617743209169 1.376622481036975 0.007156318265240935 0.0054427239180362755 -1.5813546004271634e-12 9507.350780127896 7.387780641008968e8
4250 138881.4129204576 32.656636681829234 0.3448104813260017 0.00039308525366767735 0.00031628574912305154 1.4825101279748196 0.007292552915063921 0.00583045283884118 7.917264211918701e-13 9507.350780127908 7.387780641008899e8
4300 140514.97520348028 32.670864321361606 0.36797272478569876 0.0003894466400606406 0.0003182666305693865 1.5695541881977988 0.007049623313211573 0.0061939344855821005 3.955722135362638e-13 9507.35078012792 7.387780641008939e8
4350 142147.72005268768 32.6428921161281 0.3864430263341174 0.0003864578676776071 0.000319365323064829 1.6256575467086805 0.006308384712381432 0.006445232463291317 5.765877002865001e-13 9507.350780127921 7.387780641008925e8
4400 143779.58750454188 32.635363527022925 0.394391746414795 0.00038456513651548074 0.00032036712392210126 1.791557395043128 0.0052974427946402836 0.0064835649095733305 -4.019741488490313e-13 9507.350780127907 7.387780641008905e8
4450 145411.59653119562 32.648053650084016 0.39213179092115563 0.0003841026219668322 0.00032150694355887025 1.9746082375404512 0.005574266069174133 0.006404639993610406 -1.1574944095639104e-12 9507.350780127996 7.387780641008911e8
4500 147044.75001417458 32.68065957180689 0.38567129106509507 0.0003843032766943842 0.0003226436276755037 2.0881548916731845 0.005740251131495011 0.006873712495861814 1.1737902449055e-13 9507.350780127941 7.38778064100899e8
4550 148680.02814321208 32.73255321982254 0.3785520345349555 0.00038413555122281145 0.0003227557165032583 2.024359484990782 0.0057849532003554915 0.007278123073649889 -3.954496884585075e-13 9507.350780127921 7.387780641008945e8
4600 150318.37573583957 32.802986855689106 0.3711221935564816 0.00038296433197795686 0.0003216507192765436 2.0187929215189797 0.0058082634885711915 0.007506726530557239 1.08767043087753e-12 9507.350780127896 7.387780641008931e8
4650 151958.60657090243 32.77335648930125 0.3650693131477668 0.00038083574102183194 0.0003196132973498325 1.7993610070516297 0.005771257048480055 0.007262359478937101 9.75881613059612e-13 9507.350780127956 7.387780641008893e8
4700 153595.5683580306 32.70954649595693 0.36128716731161853 0.0003781006859323624 0.0003174750926662807 1.6972703586579883 0.005641013095801173 0.006375098146612634 -9.260292220475113e-13 9507.350780127848 7.387780641008956e8
4750 155229.82724391416 32.66494839545586 0.35817882397002276 0.0003750975439960407 0.00031603232616745616 1.7536629051619457 0.005634164574522926 0.007029837439319231 -7.734855002408987e-13 9507.350780127876 7.387780641008931e8
4800 156862.3554990783 32.64007994783455 0.3569134911655031 0.000372490007296382 0.0003150993539884806 1.6781091053917407 0.005821811828777779 0.0076285227705571446 -1.0042729709209582e-12 9507.35078012791 7.387780641008906e8
4850 158494.16047880944 32.63560535787727 0.3590435646461033 0.00037035463809646015 0.0003147355622997864 1.727700794368502 0.005860481251456273 0.007950183862088789 -8.905658698544177e-13 9507.35078012789 7.387780641008929e8
4900 160126.26574736598 32.65164311967546 0.36436713064593035 0.0003689320682311505 0.0003142955082609676 1.5661975132825319 0.005563629599248943 0.00816015609907439 1.464289546448364e-13 9507.350780127928 7.387780641008929e8
4950 161759.65124549085 32.67768126827723 0.3695065891937542 0.0003679444918606424 0.00031397171113567565 1.6621489050285163 0.005068748842449122 0.008036298111849444 -5.012080947590033e-13 9507.350780127887 7.387780641008903e8
5000 163392.643317654 32.646075916766186 0.37222089813486153 0.0003673694304738576 0.0003138203842554025 1.6463203860766953 0.004706760636200291 0.007680816343371144 -6.024041170606236e-13 9507.350780127901 7.387780641008943e8
5050 165024.57838852698 32.63492259676908 0.37204069477099416 0.0003669397786103107 0.0003145854825360746 1.7816013707997627 0.005410416414991626 0.007456512629644779 2.745748703432226e-13 9507.350780127907 7.387780641008927e8
5100 166656.46763863644 32.6438046457393 0.3651819343513293 0.0003674697463444012 0.00031653731786398566 1.8477170338665019 0.005422269243342964 0.0074701363475272176 -3.7256430127883576e-13 9507.35078012789 7.387780641008941e8
5150 168289.3031121485 32.6723093719072 0.35293237425216845 0.0003693782072328879 0.0003187259848939053 1.8442236814262287 0.004700741905188738 0.00762778861347449 -1.6686384026938184e-14 9507.350780127908 7.387780641008936e8
5200 169924.06323745215 32.720340142037934 0.3420269656732161 0.0003720541167419747 0.0003191185991676188 1.7421284069150715 0.0045297275213962845 0.007669843878193763 4.48204392249961e-13 9507.350780127917 7.387780641008892e8
5250 171561.70821554994 32.78717471692675 0.33831664727822525 0.0003740806720956112 0.00031718591333797724 1.6540075952725601 0.0047531214941149424 0.0074695619239929685 3.8888693898118485e-13 9507.350780127992 7.387780641008912e8
5300 173193.57182621714 32.78904457163538 0.3429793757155471 0.000375046210906341 0.0003134333906132655 1.6559036664839368 0.0048184895684170725 0.006992176817738716 5.697875584710246e-13 9507.350780127896 7.387780641008923e8
5350 174831.2274347414 32.72171757512691 0.3536419300586065 0.00037437263546572153 0.00030891073626526097 1.7550498290020187 0.004783071475788131 0.006464366619494566 4.883543286672336e-13 9507.350780127896 7.387780641008875e8
5400 176466.00366622713 32.67350960936133 0.3662019896720359 0.00037310883080197163 0.00030434584433436986 1.737862292778118 0.004530588507588751 0.006566616493159039 8.964853626735197e-13 9507.350780127908 7.38778064100894e8
5450 178098.8662210215 32.644811714677125 0.37920962032182204 0.0003720169388383496 0.000300945617972895 1.8002839755572495 0.004377872718212376 0.00634993711065962 7.143365189540375e-13 9507.350780127888 7.387780641008921e8
5500 179730.7981694079 32.6360528211241 0.39186228757968267 0.0003709374320558649 0.00029986672693879007 1.943618186463027 0.004806513246038396 0.006150683690530345 -2.4385553600450646e-13 9507.350780127907 7.387780641008929e8
5550 181362.81630817227 32.64787502861682 0.399001267162198 0.000370238304775498 0.0003013580586924714 1.9350747566932114 0.004328677178936785 0.005902792903255516 5.979530107202575e-13 9507.350780127985 7.387780641008953e8
5600 182995.94777080714 32.68007022224623 0.3979306919899075 0.00037045190264310826 0.00030420341856112333 1.8782914408939178 0.004078564395584072 0.00555289713647189 -1.6755304383176112e-13 9507.350780127943 7.387780641008927e8
5650 184629.21804832693 32.64977864149709 0.3905711204153966 0.00037178891128297856 0.00030639736481914665 1.7849978753365576 0.003779792787114822 0.005132116136116888 1.2720400416313454e-12 9507.35078012792 7.387780641008966e8
5700 186261.23649744352 32.63473594076796 0.37721035738005676 0.0003738606922998912 0.0003085324133795869 1.8149271792990476 0.003898817933555232 0.004717594408980508 4.95522045715978e-13 9507.350780127885 7.387780641008946e8
5750 187893.02317683515 32.63994637927048 0.359469451377573 0.000376170122887116 0.00031107666808219495 1.6091100021822058 0.0036762401014855672 0.004476361142733198 -8.896852208580441e-14 9507.350780127888 7.387780641008918e8
5800 189525.57801810064 32.664972386613805 0.3415901970999758 0.0003777447647596897 0.00031379898664928946 1.5334385840915274 0.0034980300515489726 0.004489790130175558 7.30249463427639e-13 9507.350780127948 7.387780641008961e8
5850 191159.87803854173 32.70935314583489 0.32714319841331674 0.0003790122986528175 0.00031586160231703595 1.4236750595709964 0.003517461372241959 0.004653954690759049 2.6741098220315806e-14 9507.350780127876 7.387780641008885e8
5900 192796.8769817621 32.772454483502614 0.31859680283203085 0.0003798424989733302 0.00031664808877518186 1.3817637280280906 0.0033019377393308513 0.004657616208099617 -2.3907705797201014e-13 9507.350780127914 7.387780641008911e8
5950 194437.10529053127 32.803633913124656 0.3172480443733368 0.0003793374511470859 0.00031673450760949615 1.3929385458354773 0.003462276130322073 0.004377896935912442 -1.3847324818977165e-12 9507.350780127936 7.387780641008937e8
6000 196075.39448699818 32.73247567424426 0.3225357681598642 0.00037688411720756225 0.0003166987610323794 1.5214755433339633 0.003954549450489009 0.004157703769372578 -3.9584789496121554e-13 9507.350780127941 7.387780641008886e8
6050 197710.6145231859 32.68066266618998 0.33079164786543913 0.0003731370596403217 0.0003169846709863603 1.4988156276504014 0.004292877007498974 0.004264476842698595 -3.191548541031219e-13 9507.35078012796 7.387780641008939e8
6100 199343.74489077303 32.648517298900934 0.3380760732527422 0.0003695401181005041 0.00031802573270923605 1.4472973027277476 0.004421205317939214 0.004443774590278386 2.6844478754672697e-13 9507.350780127883 7.387780641008918e8
6150 200975.77697458523 32.63631152700806 0.3410252710873258 0.00036666679492326515 0.000320150846836226 1.5283984215357123 0.004499684826622545 0.00488339691320977 5.730765910270457e-13 9507.350780127885 7.387780641008903e8
6200 202607.7115956818 32.644271808592414 0.3391376114269141 0.00036478928502444336 0.0003225779529618883 1.5988409459441755 0.004898341570812167 0.004420794723645302 9.374642578199873e-13 9507.350780127857 7.387780641008958e8
6250 204240.56026749488 32.67252695055405 0.33570717849077464 0.0003635701814237754 0.00032442740186250374 1.5108017162583565 0.004995536461170957 0.0034592100957196448 -2.341554744776032e-13 9507.350780127968 7.387780641008881e8
6300 205874.061941251 32.65504378612749 0.33085083986450187 0.00036300072504386207 0.0003256527911091191 1.498410957260603 0.0048006475157067185 0.003641176737191887 -3.1082602049720243e-13 9507.350780127917 7.387780641008925e8
6350 207506.25501900932 32.636456856632286 0.32478462107241524 0.00036310830616197675 0.00032624602677941075 1.5434012721816543 0.004550967709258225 0.0037899487103761897 -6.804966240412152e-13 9507.3507801279 7.387780641008936e8
6400 209138.03448412655 32.638033586020526 0.3202047933944381 0.00036311017189640134 0.00032682596142212793 1.4686316173374507 0.004500822791856207 0.003760554804915439 3.585504955104572e-13 9507.350780127874 7.387780641008952e8
6450 210770.40102313543 32.65955350530195 0.31736699950601105 0.00036260973091748405 0.00032813857420767155 1.3904577774883364 0.0038818265164963783 0.0036953285414153825 7.175374866104213e-14 9507.350780127914 7.387780641008956e8
6500 212404.35019490754 32.70083515859828 0.3159001146103574 0.0003620760565693739 0.00032997829671653836 1.4880098567446112 0.004013211979468578 0.004320650047987831 -7.606433405285649e-13 9507.350780127885 7.387780641008929e8
6550 214040.85504898278 32.76122811501164 0.3187086223131038 0.0003604748992641231 0.00033194879454456 1.4642228901848284 0.004054939922317258 0.00503153914190075 -3.0798975639257773e-13 9507.350780127916 7.387780641008927e8
6600 215680.776969999 32.81947062960443 0.3236828717046468 0.0003579689477372601 0.00033354403723584984 1.3496869077816882 0.00419294855973823 0.005536435877275633 5.731416824746037e-13 9507.35078012792 7.387780641008986e8
6650 217310.90858550204 32.74533191310916 0.3298450166658675 0.00035518985018220703 0.0003340359288694626 1.49728788320499 0.004323554571383836 0.0056271731053558205 -1.5533116732556868e-13 9507.350780127887 7.387780641008908e8
6700 218946.67397955025 32.689611246286816 0.3353074979590686 0.00035262093277705535 0.00033326425470832713 1.5436519043905719 0.004362044337830939 0.005154336056205244 1.3607941448310764e-13 9507.350780127917 7.38778064100893e8
6750 220580.15142072283 32.65350028377795 0.33388436013612033 0.00035074777421274735 0.0003328316306979452 1.5941704569222566 0.00422299386110303 0.004729185832494709 -4.2061327630271075e-13 9507.350780127905 7.387780641008916e8
6800 222212.32684789953 32.63719526661807 0.3203114312763597 0.0003502023026004545 0.0003342345325198763 1.4552643244151113 0.004075720460704257 0.00462932440101782 -5.05630364630874e-13 9507.350780127943 7.38778064100892e8
6850 223844.2023527829 32.641184011280366 0.2956402052105981 0.0003522760327328596 0.0003353753506599981 1.5671791659895007 0.004359819883536342 0.0040689857709219675 1.2808465315950806e-13 9507.350780127921 7.38778064100894e8
6900 225476.79933076497 32.66561408527476 0.27105544864062053 0.00035618501275744784 0.00033386070725883993 1.5155617153031926 0.004380619093481641 0.004070871869495972 3.313690727919546e-13 9507.350780127896 7.387780641008937e8
6950 227110.47061270694 32.66283001256415 0.25251036181504455 0.00036050485296551445 0.0003301650185939564 1.266681535207681 0.004708521439960256 0.004181519119126453 -4.545527228412101e-13 9507.350780127876 7.387780641008908e8
7000 228742.94242736738 32.63993649610443 0.2367278312356666 0.0003647105494709398 0.00032733643188466417 1.2053440854288056 0.004511319286998439 0.0043298160404150465 -4.467264334995254e-13 9507.350780127896 7.387780641008894e8
7050 230374.79558318277 32.63765309996891 0.22837464234158547 0.0003684108783422265 0.00032655415881899686 1.1846248980655218 0.004357328292091789 0.004537910293919423 -2.921151010057751e-13 9507.35078012794 7.387780641008925e8
7100 232007.05326611668 32.65558334285693 0.2343698295509542 0.0003720404853634814 0.00032636863639435405 1.0876796294105588 0.003884623863909198 0.004671022357729038 -2.9531606866215886e-13 9507.350780127917 7.387780641008905e8
7150 233640.7142752125 32.6933266601934 0.2490187510587595 0.0003756996958279829 0.0003261488630059463 1.0399674037125806 0.0034632780505953475 0.00484289307722835 -1.2894232870380228e-13 9507.350780127887 7.38778064100891e8
7200 235276.75638265137 32.75035464079232 0.2618322206896432 0.0003787218589269001 0.0003271378840394449 1.2855505265863485 0.0035293577583930674 0.005017363645791806 7.175604600625006e-13 9507.350780127914 7.387780641008914e8
7250 236916.12286199292 32.82575663395081 0.2709816459533222 0.0003814261604669989 0.00032902054323776403 1.258980097428548 0.0036507604233335655 0.005294907229110055 -3.8975993016019864e-13 9507.350780127885 7.387780641008967e8
7300 238555.90344558598 32.75915485792026 0.2789956434528398 0.00038301242865580054 0.00033119298228527223 1.2145517060744169 0.003423149088821159 0.005426555575562819 1.334604409460664e-13 9507.350780127896 7.387780641008906e8
7350 240192.26849579252 32.69985015274969 0.28395615025178306 0.0003836425733437233 0.0003335861163556851 1.272367307717559 0.00350022398112132 0.005591065210665436 -9.859363272529896e-13 9507.350780127937 7.387780641008983e8
7400 241826.166305123 32.660102566971986 0.2817423109879863 0.0003840000319076512 0.0003368098186312005 1.4359850397527225 0.004011523745099055 0.005548187171971808 -6.729996208460007e-13 9507.350780127923 7.387780641008888e8
7450 243458.58229516775 32.64023618235696 0.273179777894934 0.0003846919090797089 0.0003412160792995651 1.4649637740337766 0.004476334632235568 0.005217402572106011 -3.9301450253810075e-13 9507.35078012787 7.387780641008899e8
7500 245090.5212188064 32.64069067034864 0.262321118663262 0.00038576212024258195 0.00034595206572731846 1.8073101348879845 0.0046453315681834195 0.004462932823869337 7.394445876223824e-13 9507.350780127952 7.38778064100892e8
7550 246723.00110528013 32.661482111250756 0.2526026140508266 0.0003859996965840312 0.0003506829259303463 1.8176047222420948 0.005126809121254294 0.004830571518393834 4.653780049064146e-13 9507.350780127914 7.387780641008892e8
7600 248356.71138250572 32.66959053308218 0.2461407919605679 0.00038586129144221746 0.00035425165498192675 1.4932028311582144 0.005610435551444137 0.004972015943662811 -8.200756610577376e-13 9507.350780127876 7.387780641008955e8
7650 249989.43360345054 32.64317840993801 0.24645620758190298 0.00038581706003630204 0.00035593599519802174 1.677799645174673 0.005424613793371114 0.005040271491088821 -2.0538074713468352e-13 9507.350780127907 7.387780641008924e8
7700 251621.35774031217 32.63731107886105 0.2547117254144886 0.00038557163443755905 0.00035676038047952394 1.7261267990265878 0.005911475977997127 0.005678723506309075 6.083523266948248e-13 9507.350780127863 7.387780641008904e8
7750 253253.50923904742 32.651852653708595 0.26793882282906456 0.00038446644651510877 0.0003580526418293941 1.9888364302300943 0.00587200948815747 0.006243916419660933 8.653410194713363e-13 9507.350780127905 7.387780641008906e8
7800 254886.89545601277 32.68616270191451 0.27718828580311844 0.00038282340850644803 0.0003614991171367557 1.7093453696306824 0.00532601289416923 0.006647198836374435 6.493829121084709e-14 9507.350780127945 7.387780641008941e8
7850 256522.49563537273 32.73995989914767 0.275128457334252 0.0003816657967909069 0.0003680047990603617 1.3654952894673897 0.005189153778642874 0.006900513654314988 -8.0835920049729e-14 9507.350780127877 7.387780641008905e8
7900 258161.26609415133 32.81245129153821 0.2662473269079321 0.0003815474269880028 0.00037537895303316275 1.2645217998338012 0.005395088162557349 0.0070234579714265055 -1.4798732047754953e-12 9507.350780127961 7.387780641008915e8
7950 259790.11107109633 32.77126892491012 0.2560862174316588 0.0003833826162244194 0.000379718051399434 1.429309403865318 0.005620479858989336 0.006907034397321543 1.0352143819631077e-12 9507.35078012792 7.387780641008958e8
8000 261426.9891587016 32.70832692228619 0.24651385402086612 0.00038795480746221393 0.0003789503362370524 1.4834042000966292 0.0057069587210537565 0.006460828726033041 -6.100217308792546e-13 9507.350780127907 7.387780641008877e8
8050 263061.21657156956 32.66498738674892 0.2372619505012612 0.0003939042828924803 0.0003737299417424698 1.5135695260705688 0.005459406617229323 0.005681849318722065 -5.555593338165724e-13 9507.350780127887 7.387780641008914e8
8100 264693.7870583102 32.64163380181202 0.2288249388572562 0.00039940177875549864 0.00036688768085385093 1.5844026297259006 0.0048908643456900824 0.005696425794284296 1.5945719931901258e-12 9507.350780127863 7.387780641008949e8
8150 266325.70092264 32.638312510009335 0.22583380762571145 0.0004037328391147057 0.00036041886407752713 1.7001239299534063 0.00581229933039118 0.005927012651450937 -5.37885091350224e-14 9507.350780127923 7.387780641008897e8
8200 267957.9628576748 32.65518399015693 0.23236338886810656 0.0004067155310863504 0.0003554541520999837 1.922875001940838 0.006318105826294662 0.006213890542091538 3.929226087297835e-13 9507.350780127888 7.387780641008953e8
8250 269591.5060729554 32.67669685252196 0.24910447245466924 0.0004072849120270935 0.0003527565355309632 1.7184233434381895 0.006241297095363141 0.006662365971399867 -8.558376681278621e-14 9507.350780127897 7.387780641008937e8
8300 271224.482102631 32.64630934830528 0.2713737929647801 0.00040596664558464494 0.0003523580756219326 1.8675661306692746 0.00705595529233749 0.0072009319553617 1.4798272578713366e-12 9507.35078012788 7.38778064100895e8
8350 272856.45575345116 32.63628759670378 0.29674812298284325 0.00040407710642535526 0.0003533944953431901 2.113649290045032 0.006853315090581846 0.007744256383185016 1.8830572887673703e-13 9507.350780127907 7.387780641008902e8
8400 274488.4504814609 32.646678620048526 0.323303285227271 0.00040270467921156724 0.0003550965152830964 2.277936052789755 0.006013884287342175 0.00820045070850764 8.798678990028194e-13 9507.350780127948 7.387780641008894e8
8450 276121.47703285137 32.67704844902134 0.3422138268751911 0.00040177283008764955 0.0003580451808756359 2.4859951941637064 0.00545823568149395 0.008553236169977663 5.002852081137548e-13 9507.350780127901 7.387780641008867e8
8500 277756.52083181316 32.72693206373497 0.34892104068489854 0.00040143593210396314 0.0003622738814930258 3.0769405830726555 0.005142630469962328 0.008660471056977426 9.18585823573815e-13 9507.350780127937 7.387780641008955e8
8550 279394.5440430043 32.79568691852334 0.3450545298757506 0.0004021461548649013 0.0003666852589244505 2.664125953189796 0.00481358402894469 0.008466588589571555 -9.293527147816513e-14 9507.35078012789 7.387780641008918e8
8600 281035.0258470888 32.78473488558447 0.33211972666310363 0.00040322502559429405 0.0003712436916175653 2.0233970721217247 0.004968187441537375 0.007916880527778392 1.0327638804079814e-12 9507.35078012792 7.387780641008914e8
8650 282672.49229902687 32.71841817872339 0.30956374286269794 0.00040425741579382574 0.0003764913770825956 2.002630495077483 0.004965334235489505 0.007045012093351177 1.2285589546625731e-12 9507.350780127917 7.38778064100895e8
8700 284307.1302255836 32.6713142351826 0.28689533512245186 0.000405245754910497 0.0003808140140807555 1.8054854755939687 0.00526610359183971 0.005863007726599312 5.812283376065205e-13 9507.350780127928 7.387780641008906e8
8750 285939.91338469513 32.643884545463955 0.277820096086184 0.00040588652006610536 0.0003835106045952099 2.0599112776501443 0.005493666152924112 0.005877078703365957 -6.065374239805594e-13 9507.35078012792 7.387780641008915e8
8800 287571.83288678544 32.636355429690916 0.2822898090692777 0.00040672260611918955 0.0003844353487950223 1.9397765764724682 0.005824190444138955 0.0061784513944556085 -6.835367775330438e-14 9507.350780127905 7.38778064100893e8
8850 289203.8884386035 32.649025897079554 0.2909917062512109 0.0004078791076585793 0.00038465953054325574 1.9089919757777807 0.006289255630917534 0.0059800648364205945 5.383196724853909e-13 9507.350780127901 7.387780641008892e8
8900 290837.10164953984 32.68234182605595 0.295852356360761 0.00040921843129003487 0.0003853775118974828 1.8037878160632772 0.006712339724735394 0.006413184064611402 -1.4271946005440545e-13 9507.350780127894 7.387780641008908e8
8950 292470.4430262852 32.651787019766516 0.30040888573602104 0.0004095701672108911 0.0003870973337928425 2.103701413753015 0.007695767380547447 0.007033870262126721 -1.7099331828063767e-13 9507.350780127885 7.38778064100892e8
9000 294102.5897216198 32.63779885015302 0.30575990775961576 0.00040883036876932524 0.0003902249822661227 2.239307197625749 0.007576725773372428 0.0077802437900132415 -8.780070493843954e-14 9507.35078012789 7.387780641008915e8
9050 295734.5626111649 32.644426863123606 0.3101827335508678 0.0004081678551977165 0.00039451857109991877 2.278572275759416 0.006476184154312281 0.008519922893777343 2.297804676972497e-13 9507.350780127914 7.38778064100893e8
9100 297367.38354101445 32.67114863814454 0.31513978868058823 0.00040922793577786174 0.00039755421836626615 2.407489728975179 0.006765389505682867 0.009117628113642362 -8.278560034952636e-13 9507.35078012788 7.387780641008918e8
9150 299002.0430211819 32.71752587966142 0.3219866670337275 0.0004120503214771014 0.0003984753784078975 2.320491802545803 0.006279506366478019 0.009345839725276917 8.004716486167271e-13 9507.350780127881 7.387780641008958e8
9200 300639.512066425 32.78308155835696 0.3254289011600378 0.00041528575784294665 0.0003984227541095856 2.543394371365139 0.0060012300320372025 0.009157419547315193 2.544309817783484e-13 9507.350780127917 7.387780641008931e8
9250 302279.989817039 32.79738470992921 0.3197119345367839 0.0004188945351399688 0.0003986037324576375 2.4973552597348316 0.005721675310506769 0.008534325722954261 9.415592756531242e-13 9507.350780127905 7.387780641008937e8
9300 303906.8592334103 32.72798947940131 0.31134477138696603 0.00042314577866931126 0.00039850957807091326 1.9829132774989375 0.005801348037971943 0.007563674148270638 -6.422458263291655e-13 9507.350780127917 7.387780641008904e8
9350 305541.8872682956 32.67736134643237 0.31136971406932423 0.00042790888032866534 0.000397434607730664 1.9506501090859274 0.0056455575254587 0.007242157707023231 1.0532561996627251e-13 9507.350780127923 7.387780641008921e8
9400 307174.88686667336 32.64651409025727 0.3201835712294694 0.00043303961365875963 0.0003961277656439697 1.8035498236865806 0.005765084460758962 0.007114518835752634 9.183254577835829e-14 9507.350780127934 7.387780641008923e8
9450 308806.84677932126 32.63551437595043 0.3342073169256617 0.0004365614882054011 0.000396175632352947 1.9353922092370794 0.005838786536150886 0.007171720711553947 -1.7802893797992608e-13 9507.350780127923 7.38778064100889e8
9500 310438.7728154755 32.64477571360915 0.35118393933352177 0.0004381838994305851 0.0003975501257480916 2.029703117209465 0.005445730480760469 0.0073272391562423725 -4.664529710182922e-13 9507.350780127907 7.38778064100893e8
9550 312071.6853552652 32.67448973438847 0.3648046922137537 0.00043785417275072155 0.0004001566965551989 2.325817331886128 0.0066807201376235525 0.007491757778721055 1.1116393992136093e-12 9507.350780127888 7.387780641008936e8
9600 313705.2846224888 32.65740216201316 0.37103231806665293 0.00043622337258783706 0.00040402292904331355 2.1942807051054842 0.007216619213900932 0.007767769612828532 -4.979112847322261e-14 9507.350780127894 7.387780641008878e8
9650 315337.62137165485 32.63978035549257 0.3702430055416337 0.00043472991065305916 0.00040814409326388337 2.4575245189780617 0.00681572498401628 0.00832184057253249 6.80534913128014e-13 9507.350780127905 7.38778064100897e8
9700 316969.5984691293 32.642651818529835 0.3634239881577927 0.00043379822880078376 0.0004117902442533951 2.382204233961602 0.006465006250757299 0.008957426761346449 -7.45013735297275e-13 9507.350780127894 7.387780641008859e8
9750 318602.2351775035 32.66572458221374 0.3545372324193477 0.00043352521594734283 0.0004139931407329303 2.543042594216786 0.006628843051582095 0.009456325251451014 -8.050050764937108e-13 9507.350780127903 7.387780641008893e8
9800 320236.5296633686 32.70842454311956 0.3443835545949046 0.00043386191815222933 0.00041481797245604895 2.4306171813655055 0.007016205372437911 0.009484153583214139 1.857327022438544e-13 9507.350780127901 7.38778064100893e8
9850 321873.44591691 32.77010044660843 0.33262595741786827 0.00043511541689575996 0.0004149312878379704 2.2392170121668187 0.007139268884100353 0.008896421983669134 5.105237099237668e-13 9507.350780127907 7.387780641008941e8
9900 323513.67239549395 32.81102619556257 0.32465076779782337 0.0004367746603442522 0.0004147760447084044 2.00529586268226 0.006956177444309819 0.007828024202278405 9.822146280161416e-13 9507.350780127928 7.387780641008916e8
9950 325152.2862354507 32.73807886736665 0.32315778777485066 0.00043795613323348596 0.00041534255073807144 1.7344774546018016 0.0067265881670362515 0.00703936633086677 -4.866542932133647e-14 9507.350780127885 7.387780641008894e8
10000 326787.73070928344 32.68405484677091 0.32585814276352437 0.00043876160218696075 0.000417138103542507 1.7295953184293467 0.006586742086218511 0.006403930804302571 3.221490606907919e-13 9507.350780127923 7.387780641008941e8
10050 328420.9761760271 32.649762173598646 0.3299187198067948 0.0004402651878837366 0.00041929994972373383 1.6032246081431367 0.00660515157012298 0.007261361022474211 4.3884271052764253e-13 9507.350780127932 7.387780641008902e8
10100 330053.0200884793 32.63566577477678 0.33523449264079797 0.00044300193717074893 0.000420152058054397 1.4747741559795031 0.006783174688275717 0.007480402978455758 2.871911244434432e-13 9507.3507801279 7.387780641008925e8
10150 331684.8747022039 32.64177073590528 0.3403783390641701 0.00044673772295011275 0.00041965567633250997 1.6130160168850125 0.007111919636022701 0.007091016042891751 -6.109272677820474e-13 9507.350780127916 7.387780641008906e8
10200 333317.54936183046 32.668009697757554 0.34342109024771966 0.0004498716722524822 0.0004193010890144037 1.950442885128723 0.0074553085314204015 0.007602094679722893 5.6075803457668614e-14 9507.3507801279 7.387780641008921e8
10250 334951.28293930535 32.66330778921913 0.3472571463126108 0.00045172863409919224 0.0004197736707094465 2.2969317708611925 0.008051037444000153 0.008057552445641797 -6.29495560425149e-13 9507.350780127903 7.387780641008892e8
10300 336583.81607502914 32.641848562210015 0.35082206943626426 0.00045242798761522824 0.00042175261605398426 2.520736483418659 0.008052085890919214 0.00845246413928502 -7.407866201146821e-13 9507.350780127901 7.387780641008906e8
10350 338215.7954837392 32.64075755282803 0.35012652696572705 0.00045242366739089003 0.0004247928022309164 2.4178112074350793 0.0072210577609030935 0.008797283273267342 5.636383311311295e-13 9507.350780127936 7.387780641008937e8
10400 339848.2390649819 32.65988720420183 0.34882306474668234 0.0004522950668587555 0.0004274688117885352 2.2647105440901214 0.00751714689896929 0.009088777849427965 -7.173996458979454e-13 9507.350780127923 7.387780641008941e8
10450 341482.13478615234 32.69841015608609 0.35136377987505457 0.0004528592532748539 0.0004279623715083648 2.1391365675776797 0.0070995278787798904 0.009305799444151525 4.445056664651922e-13 9507.350780127903 7.387780641008939e8
10500 343118.44886183797 32.75616611720751 0.354441707755978 0.0004543290944419724 0.00042714934972430446 2.401917797849819 0.006682472418458124 0.00929267782182415 7.382901716553972e-13 9507.350780127888 7.387780641008983e8
10550 344758.125119275 32.82718065766198 0.3581172685091928 0.0004565397833535897 0.0004263474252043983 2.1759367187903536 0.006521783681780802 0.008752327637467958 3.9856642012393376e-13 9507.35078012789 7.387780641008921e8
10600 346386.4057767578 32.75068061402071 0.3655869571711993 0.0004595779913329407 0.00042576950555319533 1.9067981734715431 0.006717344020968463 0.007692716581710397 -1.2753329030960464e-13 9507.350780127877 7.387780641008879e8
10650 348022.37720114115 32.6926158731029 0.37413174150329237 0.0004633130969940636 0.0004261651417036055 2.007899975080363 0.006604863648878689 0.007223083366848959 -2.321543910787783e-13 9507.350780127925 7.387780641008942e8
10700 349655.9479758336 32.65425762801443 0.3810035005493359 0.00046640228627675305 0.0004280166503281678 1.993889395305814 0.006082407041551163 0.007460794768248458 -1.0495651316953162e-12 9507.350780127896 7.387780641008939e8
10750 351288.11321973964 32.636080997632 0.3853597479304089 0.00046853819894798385 0.00043037520413779866 1.8001027953923767 0.005834294139134499 0.007058002044064371 -4.4510297621925427e-13 9507.35078012794 7.387780641008914e8
10800 352919.8829054396 32.63810495683476 0.3828355633088103 0.0004703694376339736 0.00043298918456232354 1.6866710972740293 0.006300144406450492 0.007383555944036446 -1.8159748086957876e-12 9507.350780127894 7.387780641008923e8
10850 354552.27035520197 32.66023154662384 0.37045425514080504 0.00047221353985122695 0.0004362300695820524 1.6855120591014838 0.007452807107314108 0.007355728083778212 9.833250115333081e-13 9507.350780127881 7.387780641008912e8
10900 356185.9383004345 32.669069764095056 0.3521561114190145 0.0004729486622233305 0.0004400236362879954 1.9979637173744322 0.008441358018533851 0.007252456084346076 9.396601369479013e-13 9507.350780127888 7.387780641008911e8
10950 357818.67789270455 32.64433518763095 0.3338384059476715 0.00047264936764574225 0.0004440861189598343 2.195529265477262 0.008323391295332327 0.007359196867944423 5.268272030827165e-13 9507.350780127934 7.387780641008875e8
11000 359450.68647136365 32.639446228475414 0.32143432786705006 0.000471672861298901 0.00044775872724513914 2.2747009837946734 0.006950025395385806 0.00806785919033648 7.836550816946729e-13 9507.35078012788 7.387780641008962e8
11050 361082.961634077 32.65452299031707 0.3236450819220903 0.00047069815493235544 0.00045031100440594637 2.159219961765757 0.005321943996055345 0.008031240226429648 -3.570840234860613e-13 9507.35078012791 7.387780641008946e8
11100 362716.49926761707 32.6895449657215 0.3345096721584813 0.000470195089916489 0.00045175832628326426 2.045049070948153 0.005713455812884266 0.008172820914171763 8.984917108217793e-13 9507.350780127903 7.387780641008904e8
11150 364352.2743370672 32.74355540358228 0.34594558872791165 0.0004707644950734565 0.0004518553985687381 1.9729615370542888 0.005714564554746698 0.008205964950855085 -1.1509086866345084e-12 9507.350780127881 7.387780641008927e8
11200 365991.22610688256 32.81614074586349 0.3630094758312028 0.00047198088996690707 0.000450916514074417 1.9404303653445822 0.005609416537546458 0.007865814337353318 -7.969949995353917e-13 9507.350780127952 7.387780641008956e8
11250 367631.1126310724 32.761838535802845 0.3816566721128029 0.0004738579363989617 0.0004502011602008297 1.7703754659560218 0.005521560550247773 0.007221521189356532 8.072871060669222e-14 9507.350780127876 7.387780641008924e8
11300 369267.56750160374 32.700722816645644 0.39439705748243814 0.0004773109771832675 0.0004496342716214932 1.806881662764681 0.005251995781581864 0.006780882585064152 -3.745208736142569e-13 9507.350780127965 7.387780641008911e8
11350 370901.45767451095 32.65894854937093 0.402212551042844 0.00048137892837740124 0.0004488830380529171 1.874611871756315 0.0051857055385307604 0.0067979754136039405 -4.946413967196044e-13 9507.35078012792 7.387780641008915e8
11400 372533.76243686496 32.63699785239803 0.40840203629513 0.000485681096347548 0.0004473441836997858 2.076289050917694 0.005509921462803102 0.006612413709339904 -1.0738174392737067e-13 9507.350780127957 7.387780641008939e8
11450 374165.4836733861 32.635289200690316 0.41016014057940886 0.0004898910744435191 0.00044499894090442794 2.163884196846084 0.006174914638431728 0.007139781518161081 2.188451045074986e-13 9507.350780127927 7.387780641008878e8
11500 375797.6361651403 32.65376659475913 0.40556518675415787 0.0004932440703033027 0.00044341400080344037 1.8890779296930305 0.006871595210790782 0.007268541026030584 1.1406318957376973e-14 9507.350780127901 7.387780641008917e8
11550 377431.1302062971 32.675332649940685 0.40131719513690045 0.000493165328364889 0.0004450029264895177 2.264943245809718 0.007797336662485388 0.007370951736049958 3.530143721729287e-13 9507.350780127863 7.387780641008914e8
11600 379064.0910066851 32.64700384729298 0.40058882726329886 0.0004911259630527839 0.0004487287038822738 2.7577347995400032 0.007941623497659589 0.007602005003959494 8.660665976661744e-13 9507.350780127941 7.387780641008886e8
11650 380696.1517869192 32.63888440141013 0.4043951340460005 0.000488576841741002 0.00045276172549794664 3.075818578174676 0.007256938257134304 0.007866670994174457 1.4441839469702885e-12 9507.350780127907 7.387780641008949e8
11700 382328.30800189386 32.65047557147934 0.41386531250011976 0.00048603049188271986 0.000456635771822807 2.6474485608048326 0.007489476264278566 0.007904074988620197 6.047454947183733e-13 9507.350780127881 7.387780641008875e8
11750 383961.55204584816 32.6819797075047 0.42568995472999493 0.0004841068958282012 0.00045979329544200697 2.3439070655626892 0.006962372718003651 0.007781481938242213 5.593499534096585e-13 9507.35078012791 7.387780641008912e8
11800 385596.8694890105 32.73288810020099 0.4346306294345078 0.0004830744941292492 0.0004620448029208313 2.2712008896951374 0.0072483261403996635 0.007678026992362794 3.624444956379001e-14 9507.350780127894 7.387780641008943e8
11850 387235.2134932615 32.80252747547764 0.4408399411093326 0.0004821670836983028 0.0004636661985751659 2.159351605898337 0.007362041497533722 0.007540003173285237 -7.632240249788073e-13 9507.350780127908 7.387780641008917e8
11900 388865.55015378306 32.77433148902329 0.4448167021673299 0.00048254799889468854 0.0004637812741894264 2.114528828053153 0.007331016068262114 0.007289996496097115 -1.1988159920372277e-12 9507.350780127856 7.387780641008949e8
11950 390502.5337747271 32.7093514713346 0.4420915377582066 0.0004854621231501566 0.0004623789467524611 2.004752007431307 0.007149116409962908 0.006669009998245726 -8.373210657519389e-13 9507.350780127877 7.387780641008912e8
12000 392136.7518375673 32.66354050780375 0.4336478439424525 0.0004895460248999279 0.00046116226233927274 1.881255273206989 0.006794299928470415 0.006584868983313674 -8.61427874800494e-13 9507.35078012791 7.387780641008927e8
12050 393769.19007173425 32.63784968873003 0.4263067296143941 0.0004921814785661897 0.0004612027470514727 1.8748474361304943 0.006385319462176797 0.007221484119683708 5.344697048077668e-13 9507.350780127867 7.387780641008908e8
12100 395400.86163595534 32.63253406628728 0.4206519193160145 0.0004936582355144503 0.0004617730996426256 2.1625266120422566 0.0060805312183383475 0.008104640194803392 -1.406128423600913e-13 9507.35078012789 7.387780641008925e8
12150 397032.78132624296 32.647351140516825 0.4112250581671606 0.0004955134415087765 0.0004628211387494425 2.2268440855718836 0.007047706580212476 0.00857348929720736 -3.2522750326941934e-13 9507.350780127907 7.387780641008886e8
12200 398665.95963398606 32.68239040567041 0.4005635625317343 0.0004973089261573796 0.00046460911265823587 2.326188930683429 0.008563888268772857 0.008824070955919028 -1.980617881930836e-13 9507.350780127907 7.38778064100899e8
12250 400299.2120588521 32.65074448174738 0.39528812130621804 0.0004979338510560998 0.0004678887451670171 2.8069429816271168 0.009038562125005756 0.008895418114140963 4.445669290040704e-13 9507.350780127937 7.387780641008917e8
12300 401931.3481212104 32.63833272067643 0.3990734903711677 0.0004988523493315017 0.0004715897668791993 2.632687251719517 0.008229203590843337 0.008966888412858781 -8.656856212525259e-13 9507.35078012787 7.387780641008892e8
12350 403563.37724995444 32.64609526906979 0.41496823366116925 0.0005012979574582567 0.00047323172161313254 2.320647871505571 0.006469975020685359 0.008980990217688806 -1.5667894318088814e-13 9507.350780127896 7.387780641008939e8
12400 405196.3029959914 32.673668841204055 0.43626952148477605 0.0005047076375301767 0.00047374212768373596 2.4717472607208038 0.0060251878295564665 0.008892085798487728 6.538703930812959e-13 9507.350780127876 7.38778064100895e8
12450 406831.1072929509 32.72079645643566 0.4502934351769722 0.0005072597331260858 0.00047602532253700853 2.2742877316668455 0.006275673966900874 0.0086597790008838 -5.860833938126145e-13 9507.350780127928 7.387780641008883e8
12500 408468.7577977425 32.787058293467624 0.45802794901807 0.000508972040611941 0.0004784072447919135 2.0929213079307374 0.006123439773548747 0.008292448047089174 3.281145004140525e-13 9507.350780127905 7.387780641008955e8
12550 410109.1789684924 32.789884660530674 0.46296978342761724 0.0005099265029586954 0.00047859707415185624 2.1099643181441934 0.005767517306972225 0.0077643117617306155 -5.922862258740279e-13 9507.350780127877 7.387780641008929e8
12600 411746.83983565995 32.7209963878777 0.4599221742457878 0.0005107658476509315 0.00047861536110945326 2.0576063153257564 0.005312763727080255 0.007582118180378961 -5.359017166540436e-13 9507.350780127907 7.387780641008912e8
12650 413381.53664924996 32.67117926191255 0.44783275469686884 0.0005121671979859315 0.0004802201164596177 1.9411850720434813 0.005137455950248282 0.007428661407686832 1.6525569862383022e-13 9507.350780127925 7.387780641008928e8
12700 415014.25308022165 32.641503076664655 0.43778207756323867 0.0005141603439747558 0.00048122283439428653 1.9768725351450485 0.005919025410670228 0.00688698591873782 -1.2310707187565776e-13 9507.350780127937 7.387780641008921e8
12750 416646.015233084 32.632567574787316 0.435792088431399 0.0005164425976327509 0.00047999787228319594 1.9841825943044569 0.006378751878624717 0.006480667090878245 6.157765806251216e-13 9507.350780127868 7.38778064100889e8
12800 418277.8514800157 32.64401129764896 0.4329721702231586 0.0005189043306663571 0.00047869795915795205 1.9876061551822204 0.006554569282144042 0.007072605682555244 8.794390612306724e-13 9507.350780127925 7.387780641008902e8
12850 419910.76966403873 32.675482252125896 0.42999279361094705 0.000520092039938109 0.00047897699479272773 2.113421046141866 0.007071782381467329 0.007304456642107937 -3.7196866667232114e-13 9507.350780127908 7.387780641008905e8
12900 421544.22865446063 32.654350276642404 0.4322806952236582 0.0005195368122320626 0.00048114161387895855 2.1955898477433493 0.007696542266124928 0.007135428644713698 8.377862781565449e-13 9507.350780127923 7.387780641008937e8
12950 423176.46005808056 32.6385560821123 0.43615875505054996 0.0005185453743811389 0.000485410358272144 2.494712977616018 0.007022259102845152 0.006889892608015341 5.72900461227771e-13 9507.350780127905 7.38778064100894e8
13000 424808.4161674634 32.64294522367569 0.44114757380397324 0.0005182611689072031 0.0004894560826381579 2.385372627874858 0.006442089831549397 0.0067426363679510826 1.2707382126801845e-13 9507.350780127896 7.387780641008904e8
13050 426441.10133895924 32.66728012899764 0.4473088110154049 0.0005182686239376827 0.0004927408597149133 2.531892847454401 0.006085989041592077 0.006831136443694541 6.224197371847217e-13 9507.35078012787 7.387780641008967e8
13100 428075.50591362367 32.71122428639736 0.4482217748713814 0.000519442738402475 0.0004957124145811737 2.3760432660019433 0.006311470272371056 0.006971367764451286 5.109219164264749e-13 9507.350780127888 7.387780641008935e8
13150 429712.59908429167 32.77430608782864 0.4423356399849806 0.0005218948545999112 0.0004976615286874274 2.101640638335084 0.0065959874685206366 0.007070218292303851 5.453361476412799e-13 9507.350780127937 7.387780641008941e8
13200 431352.911500956 32.80487745830975 0.4340011091413602 0.0005244760960085656 0.000498396155867 2.0436091643659893 0.006787732908896449 0.006919934320468172 8.631202524370031e-13 9507.350780127923 7.387780641008915e8
13220 432000.0 24.09491211239947 0.43070515116885 0.0005254500170746766 0.0004982701166085106 1.9592746538528445 0.006831776455014704 0.006810357833051638 6.983546541241981e-13 9507.350780127894 7.387780641008943e8
