#timestep time dt l2_h l2_h_vcon1 l2_h_vcon2 linf_h linf_h_vcon1 linf_h_vcon2 dsdu_ut entropy h_squared 
0 0.0 100.0 0.0 0.0 0.0 0.0 0.0 0.0 -6.716730385606785e-12 7.387780849071512e8 1.0400221015656401e8
200 4245.968179189839 21.224603960874546 6.955542961901246e-9 1.5584959670694743e-12 1.3339216975040784e-12 7.97595021140296e-8 2.5818923388154502e-11 2.73345504217537e-11 -5.260401263616969e-12 7.387780849071544e8 1.0400221015656339e8
400 8496.289876308767 21.29431532218426 6.781670489256875e-9 2.423920447937854e-12 1.6315148271164954e-12 7.967014425958041e-8 3.302708107000285e-11 3.1713409676115134e-11 -8.781231345473606e-12 7.387780849071518e8 1.0400221015656352e8
600 12762.876498815633 21.303560571602606 6.689783819350055e-9 3.020549366810927e-12 1.900002490544285e-12 8.275856089312583e-8 4.091804672867738e-11 3.657185665417728e-11 -7.856763917832165e-12 7.387780849071538e8 1.040022101565626e8
800 17014.24365460141 21.226519644109654 6.688828529397732e-9 3.4685285078411285e-12 2.0103166080556607e-12 8.236588655563537e-8 3.457448216614978e-11 3.544300963831404e-11 -6.722121488571577e-12 7.38778084907158e8 1.0400221015656322e8
1000 21259.886126410067 21.24574404517665 6.6894205359071796e-9 3.8803852479432395e-12 2.0101646853804105e-12 8.173105925379787e-8 4.0441594517659496e-11 2.8059082834985816e-11 -7.827844173021742e-12 7.387780849071518e8 1.0400221015656236e8
1200 25506.17463155182 21.22339561957611 6.749557955986731e-9 4.2231897353172975e-12 2.0072177909557634e-12 8.828874342725612e-8 3.5167646572631384e-11 3.4191677267259024e-11 -8.6876466032848e-12 7.387780849071558e8 1.0400221015656295e8
1400 29755.61188594454 21.286730762768585 6.742304642584352e-9 4.476652237328225e-12 2.0576211877953703e-12 8.131473805406131e-8 4.344535842193409e-11 3.734368370089669e-11 -9.171279547465156e-12 7.387780849071585e8 1.0400221015656334e8
1600 34021.9777840249 21.312036914056897 6.668225107843475e-9 4.664750962936394e-12 2.1313927189978186e-12 8.008100849110633e-8 6.631745153029556e-11 3.64402952257592e-11 -8.833652152024158e-12 7.387780849071648e8 1.0400221015656339e8
1800 38274.40444553588 21.228640633044577 6.7065557116741695e-9 4.74256667655434e-12 2.2719130455653643e-12 7.904259291535709e-8 4.2457037885412774e-11 3.6100178402165284e-11 -4.869396971243666e-12 7.387780849071538e8 1.040022101565631e8
2000 42519.831020575875 21.241530899781843 6.725884860938603e-9 4.830989402054765e-12 2.4313198784940038e-12 7.845960681152064e-8 4.495323557840436e-11 3.6780689605109274e-11 -5.682685104881652e-12 7.38778084907152e8 1.0400221015656272e8
2200 46745.447686654596 21.222569594168665 6.852427769669567e-9 4.9091772926191295e-12 2.5902142677340647e-12 9.360337571706623e-8 4.411218612609957e-11 3.8638703347970704e-11 -5.368353505796905e-12 7.387780849071527e8 1.0400221015656279e8
2400 50994.028795216436 21.27904569968799 6.872730207895464e-9 4.971283895286339e-12 2.69318135457929e-12 9.169480108539574e-8 5.29477572897008e-11 3.8396815241203974e-11 -5.330922097711814e-12 7.387780849071581e8 1.0400221015656252e8
2600 55259.920326166626 21.321603720774682 6.752603010394097e-9 4.9988810843649164e-12 2.7609815338213205e-12 8.333631740242708e-8 6.105421723745508e-11 5.474451447717854e-11 -6.337543540259733e-12 7.387780849071548e8 1.0400221015656357e8
2800 59513.57917782524 21.23139284132904 6.757626509560772e-9 5.022627539996653e-12 2.7100520821153185e-12 8.684833119332325e-8 5.325029306391116e-11 4.1095321590134404e-11 -5.0225681424905945e-12 7.387780849071529e8 1.0400221015656286e8
3000 63758.867386589394 21.237462446841093 6.776817149595033e-9 5.115081321397415e-12 2.6109782282560366e-12 7.755079423077404e-8 5.370498490364639e-11 3.880351595597631e-11 -4.870832093956728e-12 7.387780849071535e8 1.0400221015656263e8
3200 68005.67581729106 21.22223994424717 6.869489631611635e-9 5.233392412145769e-12 2.548970413700021e-12 9.202835826727096e-8 4.9551807101977374e-11 4.60010918246212e-11 -4.815940145849437e-12 7.387780849071536e8 1.0400221015656258e8
3400 72253.54789405804 21.272327311237227 6.8642653347236835e-9 5.332161359088627e-12 2.548333454636661e-12 9.16861608857289e-8 5.768663324801082e-11 4.016663390782327e-11 -6.0099289794756e-12 7.38778084907159e8 1.04002210156563e8
3600 76518.77726430695 21.330932245983163 6.714333397080737e-9 5.408423731348981e-12 2.5511608752334902e-12 9.001564649224747e-8 6.313566336402232e-11 3.627131928141125e-11 -6.5711492474279755e-12 7.387780849071542e8 1.0400221015656164e8
3800 80773.66991620824 21.23439459013592 6.72530847954874e-9 5.3612140430179464e-12 2.642703167368808e-12 9.316499927081168e-8 6.13668282856139e-11 4.2653387766211637e-11 -4.07199378183952e-12 7.387780849071572e8 1.0400221015656286e8
4000 85018.91665170918 21.234104599058725 6.768559986158275e-9 5.354354657044284e-12 2.756050727580532e-12 7.513199307140894e-8 6.056957713163058e-11 4.4731178830415e-11 -6.8946628678831e-12 7.38778084907161e8 1.0400221015656324e8
4200 89244.96977127857 21.222356860021662 6.836177807888161e-9 5.421866673390618e-12 2.854329867204143e-12 9.117479748965707e-8 5.78151693186868e-11 3.915301416412831e-11 -8.47809930332921e-12 7.387780849071584e8 1.040022101565628e8
4400 93492.17436234606 21.265576080957672 6.839782447963221e-9 5.534215198445661e-12 2.9208751428598977e-12 9.359700925415382e-8 5.672479153062682e-11 4.020224951550855e-11 -4.917449292493859e-12 7.3877808490715e8 1.0400221015656339e8
4600 97756.45553877908 21.341409801592032 6.681062431969964e-9 5.642610672383055e-12 2.958821546275907e-12 8.279744179162662e-8 6.412537167932442e-11 5.0810217144814374e-11 -6.8570565265475086e-12 7.387780849071438e8 1.040022101565637e8
4800 102012.76715890977 21.238092902810948 6.692790381797219e-9 5.703052961486725e-12 2.9318726463819488e-12 8.964320841187146e-8 6.472714031424687e-11 4.582784152162844e-11 -5.860975590089222e-12 7.387780849071566e8 1.040022101565623e8
5000 106258.06329603719 21.230958838161186 6.738958351486239e-9 5.8123618241857145e-12 2.867502854650329e-12 8.116603567032143e-8 6.454642376141351e-11 4.097769346067537e-11 -8.622279719143466e-12 7.387780849071561e8 1.0400221015656288e8
5200 110505.19524330042 21.222903405106592 6.8357535962095325e-9 5.94273930106269e-12 2.8193349407944575e-12 9.237237463821657e-8 6.030423382874517e-11 5.438291483805813e-11 -7.1697783089754654e-12 7.387780849071487e8 1.0400221015656242e8
5400 114751.86645290177 21.259728953605347 6.839240124287549e-9 6.058162668864722e-12 2.8209485787253004e-12 9.608402251615189e-8 5.345129894251954e-11 4.441145715072814e-11 -7.195192568532881e-12 7.38778084907159e8 1.0400221015656309e8
5600 119015.04502122256 21.35158171390812 6.690373256677953e-9 6.1697166155784994e-12 2.801903821646751e-12 8.29866166895954e-8 6.613837255642352e-11 4.035471956598258e-11 -7.501459454610119e-12 7.38778084907158e8 1.0400221015656313e8
5800 123272.76383785217 21.24197488415523 6.685725484011999e-9 6.167286108071236e-12 2.869164040359091e-12 8.5747842604178e-8 6.210690295382904e-11 4.5585535346504e-11 -7.280366634904899e-12 7.387780849071503e8 1.0400221015656337e8
6000 127518.19353035533 21.22846268675314 6.733328026373975e-9 6.1827829446864435e-12 2.974775609516446e-12 7.958578862599097e-8 6.270378660744313e-11 4.678701870375335e-11 -6.276438709731812e-12 7.387780849071513e8 1.0400221015656433e8
6200 131744.48405610677 21.223960003298686 6.834792217474855e-9 6.227768112453935e-12 3.0710975122813318e-12 8.984147825685795e-8 5.937927927135433e-11 4.271277775913518e-11 -6.285273676455763e-12 7.387780849071411e8 1.0400221015656358e8
6400 135990.6765730017 21.25391634789215 6.8672946717827956e-9 6.289619439766957e-12 3.1419491776662655e-12 9.896029951050878e-8 5.337333353061524e-11 3.9932858235391944e-11 -5.926588242285634e-12 7.387780849071568e8 1.0400221015656246e8
6600 140252.43407294917 21.36295982678725 6.722428982399913e-9 6.368947412553481e-12 3.166246296572233e-12 8.202528078982141e-8 6.080502767957796e-11 5.3417575918146554e-11 -6.69857705247898e-12 7.387780849071606e8 1.040022101565634e8
6800 144511.75753599338 21.246618118407152 6.699068073933568e-9 6.400398940634437e-12 3.137620263452892e-12 8.63594777911203e-8 6.200387425714382e-11 3.763668543488308e-11 -4.893158697885449e-12 7.387780849071529e8 1.0400221015656279e8
7000 148757.42493232078 21.226245938849566 6.747342834331108e-9 6.471532269839457e-12 3.070396131638492e-12 7.91919774201233e-8 6.225614468391427e-11 4.647415785541398e-11 -5.272040427097908e-12 7.387780849071516e8 1.04002210156562e8
7200 153004.683074903 21.225379299802423 6.8474369439263895e-9 6.562290551899213e-12 3.0206772508904127e-12 8.970414455689024e-8 5.971079186650741e-11 5.0734833001442325e-11 -5.13649180655798e-12 7.387780849071577e8 1.0400221015656385e8
7400 157250.51789499962 21.24894444785083 6.885683152902476e-9 6.647169106802091e-12 3.014674227146916e-12 9.974132808565628e-8 5.332614905206867e-11 4.449943538653578e-11 -4.229857399929716e-12 7.387780849071578e8 1.0400221015656386e8
7600 161510.73950569372 21.368405312313485 6.733893572820758e-9 6.750982840441197e-12 2.9866597514472886e-12 8.310325938509777e-8 6.319589296310824e-11 4.270894748970022e-11 -3.0954026040048137e-12 7.387780849071525e8 1.0400221015656306e8
7800 165771.6358144937 21.25137877422213 6.69909787730377e-9 6.75074662891303e-12 3.035534152842082e-12 8.826714292808902e-8 6.238798366808851e-11 4.684225229922845e-11 -4.552196682226815e-12 7.387780849071519e8 1.0400221015656388e8
8000 170017.61220813886 21.224616972352475 6.752099668080743e-9 6.735103490471995e-12 3.136080915120672e-12 8.046799848671071e-8 6.147815589940819e-11 4.6084858151829167e-11 -7.444395991981594e-12 7.387780849071497e8 1.04002210156563e8
8200 174243.94034984085 21.227371317846572 6.844242657758797e-9 6.756601468108541e-12 3.225974716551105e-12 8.629467629361898e-8 6.265263308158353e-11 4.33068580996121e-11 -5.49992867669073e-12 7.387780849071497e8 1.0400221015656342e8
8400 178489.48518426128 21.244074051737332 6.8883350806115584e-9 6.805762444528156e-12 3.296898355606185e-12 1.0090889190905727e-7 5.772532452041901e-11 4.462602509747171e-11 -8.901112073022106e-12 7.387780849071527e8 1.0400221015656234e8
8600 182748.0509860225 21.356812806551947 6.7349870540099834e-9 6.89146148282e-12 3.3228915845342937e-12 8.365623216377571e-8 6.195033375178127e-11 5.4068610699786745e-11 -7.698109271206364e-12 7.387780849071553e8 1.0400221015656283e8
8800 187010.499246773 21.256964635390325 6.697735761967153e-9 6.928838688537478e-12 3.307569036813032e-12 8.537426765542477e-8 6.661132756491384e-11 3.8821446057824005e-11 -6.561919962970083e-12 7.387780849071492e8 1.0400221015656257e8
9000 191256.9019738757 21.223334577359985 6.743821686255336e-9 6.986984379391645e-12 3.2441693190596023e-12 8.008055374375544e-8 6.155606580016126e-11 5.071912334564388e-11 -7.343352297009159e-12 7.387780849071503e8 1.0400221015656312e8
9200 195504.08873229276 21.22965899326173 6.8410360982776005e-9 7.069165330066775e-12 3.204455782543587e-12 8.861093192535918e-8 6.332781521400932e-11 4.646061313451355e-11 -7.811001044471895e-12 7.387780849071513e8 1.0400221015656336e8
9400 199749.4513871657 21.239980235658322 6.907777495593145e-9 7.154826574775369e-12 3.1899389649459535e-12 9.93911726254737e-8 5.860675833524454e-11 4.888384141921165e-11 -9.311330066830964e-12 7.387780849071554e8 1.0400221015656276e8
9600 204006.56214676166 21.346439675678816 6.7661857091236306e-9 7.253987400113767e-12 3.1685733590850576e-12 8.495112524542492e-8 6.27879137571341e-11 3.9588055056327676e-11 -7.880097778921874e-12 7.387780849071558e8 1.0400221015656255e8
9800 208270.23516855875 21.262601340823007 6.708954374843329e-9 7.266636423530042e-12 3.196126868392752e-12 8.384472494071815e-8 6.864386836724634e-11 4.5801862302852214e-11 -6.847798226143483e-12 7.387780849071592e8 1.0400221015656273e8
10000 212517.122552555 21.222577371617877 6.7589283002422835e-9 7.240431739929747e-12 3.2882952452793062e-12 8.048436939134263e-8 6.322012358062068e-11 4.582099500174963e-11 -5.610252448983464e-12 7.387780849071599e8 1.0400221015656346e8
10200 216743.28869982623 21.23258117735375 6.8405787716848785e-9 7.254156229269187e-12 3.372152235656718e-12 8.623032954346854e-8 6.596481694209899e-11 4.396989001197171e-11 -6.233397711598883e-12 7.387780849071536e8 1.0400221015656361e8
10400 220988.5497779378 21.236054481096904 6.919572129842487e-9 7.294017934115524e-12 3.44189598268449e-12 9.596988093107939e-8 5.5637522367035785e-11 4.540656739493443e-11 -5.466890940943778e-12 7.387780849071493e8 1.0400221015656422e8
10600 225244.1901328257 21.33574563846274 6.784121092501644e-9 7.370832934534411e-12 3.4710221165260656e-12 8.236543180828448e-8 6.163286547788971e-11 5.2379572901273264e-11 -5.020153058545252e-12 7.387780849071488e8 1.0400221015656266e8
10800 229508.94257343694 21.269126365207104 6.711253895751803e-9 7.402589359470338e-12 3.4680289975581066e-12 8.252345651271753e-8 7.171946370121418e-11 3.833788841944852e-11 -4.455561376959011e-12 7.387780849071544e8 1.0400221015656315e8
11000 233756.4450352596 21.222233686904097 6.767110209655055e-9 7.440079501271782e-12 3.4056946695855565e-12 7.965036274981685e-8 6.373634953149576e-11 5.138503511581405e-11 -4.700123325906942e-12 7.387780849071578e8 1.0400221015656263e8
11200 238003.36292950716 21.235731937017807 6.8414713281551315e-9 7.504491691502432e-12 3.3662337088603883e-12 8.382244232052471e-8 6.613626313267673e-11 4.469802306061865e-11 -4.1321330095414934e-12 7.387780849071543e8 1.0400221015656352e8
11400 242248.6169816669 21.232840544138888 6.925279978397785e-9 7.585424745619066e-12 3.3378301510197245e-12 9.573659554007463e-8 5.199055075344461e-11 4.2285022705534914e-11 -5.7312398507001406e-12 7.38778084907158e8 1.0400221015656294e8
11600 246502.9753818275 21.32621346734952 6.800459351431232e-9 7.682876226091531e-12 3.3207625448051898e-12 8.164465725712944e-8 6.062997326417019e-11 4.038669398909178e-11 -4.467621241745529e-12 7.387780849071505e8 1.0400221015656406e8
11800 250768.51197944378 21.27563540725269 6.716155456442665e-9 7.715127791781662e-12 3.3344573757850562e-12 8.095503289951012e-8 7.365802412451217e-11 4.639671979944637e-11 -5.696477371219035e-12 7.387780849071535e8 1.040022101565626e8
12000 255016.6747758101 21.22235188770405 6.77437490330112e-9 7.685686554950601e-12 3.4226555260655517e-12 7.935682333481964e-8 6.525310847216304e-11 4.584660429074461e-11 -6.710830037830688e-12 7.387780849071442e8 1.0400221015656324e8
12200 259242.47944428475 21.239578061127517 6.843607410375599e-9 7.692874197201481e-12 3.5058389712804505e-12 8.298252396343742e-8 6.755937476121687e-11 4.692124466743053e-11 -7.07995092241744e-12 7.387780849071522e8 1.0400221015656379e8
12400 263487.8198217535 21.22986072509829 6.944456910951511e-9 7.72190060170611e-12 3.575796494314781e-12 9.592531569069251e-8 5.0252829675301314e-11 4.668965214449372e-11 -7.78049493506836e-12 7.38778084907149e8 1.0400221015656294e8
12600 267740.8943575066 21.316428256545564 6.829388772511559e-9 7.79225742724273e-12 3.608687848473295e-12 8.277174856630154e-8 6.019226783671172e-11 5.45004319452147e-11 -8.513334114552006e-12 7.387780849071606e8 1.0400221015656325e8
12800 272007.0366533236 21.283094965737437 6.715028910724131e-9 7.829054801822708e-12 3.619367295283836e-12 8.162510312104132e-8 7.537737101159792e-11 4.1072145684495354e-11 -6.955445112882054e-12 7.387780849071519e8 1.0400221015656243e8
13000 276256.0031721414 21.222950267115554 6.77398500108468e-9 7.866082764731557e-12 3.5518641833381896e-12 8.19584329292411e-8 6.45506703644827e-11 4.9228204845874757e-11 -7.752513272805078e-12 7.38778084907153e8 1.0400221015656339e8
13200 280502.4555915027 21.243585708800975 6.835524354253048e-9 7.926198379848258e-12 3.5137978518118323e-12 8.06683146947762e-8 6.713543609926376e-11 3.9212411095945754e-11 -8.121299606524254e-12 7.387780849071507e8 1.040022101565632e8
13400 284747.9635401564 21.227527414595787 6.959736559663006e-9 7.999078187531694e-12 3.4696980728119875e-12 9.935297384799924e-8 5.2753440504815785e-11 4.0840997250768396e-11 -6.203507338520297e-12 7.387780849071428e8 1.0400221015656273e8
13600 288999.93016339414 21.307746107355047 6.844722656305617e-9 8.082447484442468e-12 3.448196331746611e-12 8.225333658629097e-8 6.04609140530954e-11 4.2825964996495713e-11 -5.844839672878006e-12 7.3877808490715e8 1.0400221015656213e8
13800 293266.41575431987 21.290471501617326 6.733319529016666e-9 8.11972252576714e-12 3.4436357853129745e-12 8.218898983614054e-8 7.58111906584702e-11 4.6779913276395746e-11 -4.466015553130561e-12 7.387780849071484e8 1.040022101565626e8
14000 297516.218098526 21.223946578713914 6.784492600520976e-9 8.079626154617807e-12 3.5278134165384263e-12 8.431106834905222e-8 6.574982225338033e-11 4.7830628346900994e-11 -7.013285559729988e-12 7.387780849071597e8 1.0400221015656278e8
14200 301762.37614134734 21.248003970980196 6.834396196830017e-9 8.079092241334432e-12 3.612139950472038e-12 8.470010470773559e-8 6.762732041032393e-11 4.819800114574946e-11 -6.579436022163441e-12 7.387780849071481e8 1.0400221015656292e8
14400 305987.24472882476 21.225493731626933 6.9504102531302254e-9 8.102582924604959e-12 3.6810207058008375e-12 9.329778549727052e-8 5.5923904396237845e-11 4.6533998876441274e-11 -5.666547452696338e-12 7.387780849071466e8 1.0400221015656303e8
14600 310238.11492160393 21.29887873126046 6.861669815040443e-9 8.170799401751492e-12 3.706804807635617e-12 8.24991275294451e-8 6.136097185915901e-11 5.4555193695904336e-11 -4.7035004230766485e-12 7.387780849071506e8 1.0400221015656292e8
14800 314504.7323422253 21.29885971363655 6.7337743158486665e-9 8.208892754517177e-12 3.725986783333632e-12 8.489064384775702e-8 7.634104459697255e-11 4.185501945030978e-11 -5.179150392468886e-12 7.387780849071555e8 1.0400221015656283e8
15000 318755.52672908054 21.22548935666803 6.7720807239259555e-9 8.2412150058138e-12 3.652944278387836e-12 8.582833288528491e-8 6.594080836919147e-11 4.663144870242775e-11 -5.6864884074127e-12 7.387780849071472e8 1.0400221015656306e8
15200 323001.33184074 21.24836042878053 6.8207930819287156e-9 8.300588394492971e-12 3.6072166488556984e-12 8.054507816268597e-8 6.795750073784745e-11 3.941670601026459e-11 -4.9403447286201695e-12 7.38778084907145e8 1.0400221015656407e8
15400 327247.4410563512 21.224040785548517 6.929877612987359e-9 8.376824871706764e-12 3.5590588297846163e-12 9.035943548951764e-8 5.801700786456365e-11 4.247832641190996e-11 -6.690731379951427e-12 7.387780849071594e8 1.0400221015656255e8
15600 331497.3781106686 21.291054428227216 6.855427916552518e-9 8.467351148584667e-12 3.544770803362035e-12 8.51077857078053e-8 6.206662961361076e-11 3.927680403137401e-11 -5.04231017345254e-12 7.387780849071416e8 1.0400221015656279e8
15800 335763.8972844755 21.307097744837773 6.7284871072927805e-9 8.534922641816376e-12 3.5373936593215264e-12 8.688721209182404e-8 7.63967222816575e-11 5.109923595369992e-11 -4.665236227424198e-12 7.387780849071592e8 1.0400221015656266e8
16000 340015.70259132097 21.227365522651937 6.768328660888503e-9 8.517077434490383e-12 3.611006226144266e-12 8.751362656767014e-8 6.857531209547574e-11 4.7241932588093505e-11 -5.524545685736462e-12 7.38778084907152e8 1.0400221015656242e8
16200 344261.2434462557 21.243910751411462 6.814099631813718e-9 8.531554860058267e-12 3.691739270679154e-12 8.099186743493192e-8 6.930694906870372e-11 4.7781723022666256e-11 -7.31654922059911e-12 7.387780849071512e8 1.040022101565626e8
16400 348486.77391562227 21.222952360488456 6.907255609100773e-9 8.564507003146084e-12 3.758332414475552e-12 9.187533578369766e-8 6.089037607459602e-11 4.7956028037532406e-11 -6.628720533983844e-12 7.3877808490715e8 1.0400221015656365e8
16600 352735.80262677005 21.283112551092668 6.845886040863961e-9 8.638639889298141e-12 3.784267699130363e-12 8.428605724475347e-8 6.240186145589632e-11 5.2364002023352896e-11 -7.975757295869237e-12 7.387780849071552e8 1.0400221015656312e8
16800 357001.97929430386 21.31640750314943 6.7211716427019116e-9 8.700669014337316e-12 3.802432754980556e-12 8.487813829560764e-8 7.470335461334798e-11 4.3988035436370865e-11 -7.921203009617563e-12 7.387780849071494e8 1.040022101565632e8
17000 361254.9644159298 21.229854000481033 6.757447224717132e-9 8.736162887748496e-12 3.751125756186399e-12 8.874189916241448e-8 6.93378132687883e-11 4.6154469135473164e-11 -8.42357971655951e-12 7.387780849071528e8 1.040022101565629e8
17200 365500.3148572626 21.23958797638907 6.7986485112065145e-9 8.799716295939156e-12 3.697449124162244e-12 8.182360033970326e-8 6.97874813493371e-11 3.8217956577213386e-11 -9.024012373422602e-12 7.387780849071512e8 1.0400221015656343e8
17400 369746.9983882805 21.22237852230218 6.8963943782448324e-9 8.878188983658255e-12 3.6318017353639674e-12 9.187192517856602e-8 6.320466372500277e-11 4.709177492401295e-11 -7.756500123630427e-12 7.38778084907153e8 1.0400221015656337e8
17600 373995.269245947 21.276152685064403 6.867500816659873e-9 8.959418087990059e-12 3.6260019125437965e-12 8.632287062937394e-8 6.254202711275525e-11 4.109075579794563e-11 -6.661073254095289e-12 7.38778084907155e8 1.0400221015656297e8
17800 378260.90657926566 21.325499830698327 6.757484208003922e-9 9.037017686504355e-12 3.617997730676473e-12 8.851452548697125e-8 7.223749376450428e-11 5.1393056477166965e-11 -7.0100999079780655e-12 7.387780849071485e8 1.0400221015656143e8
18000 382515.0771033874 21.232610784865436 6.7863580821250955e-9 9.027928895748439e-12 3.687766683884848e-12 8.789288585830946e-8 7.14733550122304e-11 4.769756811739967e-11 -7.919882514848398e-12 7.387780849071519e8 1.0400221015656263e8
18200 386760.33748871245 21.235991557183752 6.811322730273552e-9 9.032914184457579e-12 3.775111950056058e-12 8.117194738588296e-8 7.119282940948324e-11 4.732075842284189e-11 -5.601306443917198e-12 7.387780849071449e8 1.0400221015656283e8
18400 390986.3568585206 21.222233431402216 6.877482581670526e-9 9.052059301430919e-12 3.851336940655234e-12 9.161135494650807e-8 6.62921384453341e-11 4.781097739936513e-11 -5.7001561744018305e-12 7.387780849071527e8 1.0400221015656288e8
18600 395233.907884481 21.26914270415567 6.874040661493854e-9 9.115251594506836e-12 3.889725647385078e-12 8.589950084569864e-8 5.960631987989018e-11 5.203054653790673e-11 -5.2752133955909024e-12 7.387780849071478e8 1.0400221015656343e8
18800 399498.72908618144 21.335722686610744 6.752214388499013e-9 9.19324252087065e-12 3.904633809543246e-12 8.580036592320539e-8 7.083736375257388e-11 4.8086645776379555e-11 -4.8650449382838955e-12 7.387780849071522e8 1.0400221015656182e8
19000 403754.2664103088 21.23604519422264 6.76805660175826e-9 9.235003761782562e-12 3.872954071455596e-12 8.994993550004438e-8 7.281375502543597e-11 4.93330654105506e-11 -4.922252658026055e-12 7.387780849071531e8 1.0400221015656273e8
19200 407999.52389906964 21.23258919461314 6.775905972975722e-9 9.307019892285054e-12 3.806149228841973e-12 8.318420441355556e-8 7.277148328377336e-11 4.1944864248577574e-11 -7.133366108433301e-12 7.38778084907155e8 1.0400221015656224e8
19400 412246.5855838138 21.222536476514886 6.861716309506606e-9 9.38255299509517e-12 3.75432381646777e-12 9.224481800629292e-8 6.865880086692755e-11 4.9085596698361655e-11 -3.847520200579644e-12 7.387780849071498e8 1.040022101565639e8
19600 416493.55434084893 21.263052700706066 6.878892112802985e-9 9.463200091812561e-12 3.764484631245409e-12 8.806478035694454e-8 5.851030770998022e-11 4.336642156488324e-11 -4.941149876255336e-12 7.387780849071517e8 1.040022101565631e8
19800 420757.3952963011 21.345660879194597 6.772730061898922e-9 9.556977753682819e-12 3.7651134063329354e-12 8.56305177876493e-8 7.074515973037876e-11 5.496658683767919e-11 -4.489540919464747e-12 7.387780849071542e8 1.0400221015656371e8
20000 425014.29167195887 21.239682358893617 6.782306751533236e-9 9.572232700223767e-12 3.82447244881183e-12 9.034192771650851e-8 7.381323330335476e-11 5.201294950296642e-11 -6.787015502530984e-12 7.387780849071596e8 1.0400221015656321e8
20200 429259.63396379485 21.2298526817494 6.789177608873288e-9 9.5872584301151e-12 3.908577608240012e-12 8.289953257190064e-8 7.370756782698606e-11 4.784334040053295e-11 -7.494618586349139e-12 7.387780849071519e8 1.0400221015656272e8
20330 432000.0 0.3589310495881364 6.81904030396352e-9 9.602758309844501e-12 3.957654538875402e-12 8.783308658166789e-8 7.396472323506487e-11 4.8457793333511745e-11 -6.379743135781502e-12 7.38778084907154e8 1.0400221015656264e8
