#timestep time dt l2_h l2_h_vcon1 l2_h_vcon2 linf_h linf_h_vcon1 linf_h_vcon2 dsdu_ut entropy h_squared 
0 0.0 100.0 0.0 0.0 0.0 0.0 0.0 0.0 -2.50854781071336e-13 7.387780641008914e8 1.0400221549049306e8
200 6541.4925268456345 32.63722925459758 0.20686206535285248 7.176168444488736e-5 9.176715694689324e-5 0.960873196941975 0.0010178627757398973 0.0006777321211565712 -8.736803825761255e-13 7.387780641008914e8 1.040022151219869e8
400 13071.9334729803 32.64119167907764 0.20764065391619654 0.00010775620630722086 0.00011136012744119498 0.8657454333713304 0.0018935439683466226 0.002103219511109533 1.5284084512017156e-12 7.387780641008878e8 1.0400221451146808e8
600 19604.61800287601 32.73838317389731 0.21264333883291794 0.00011942457450734074 0.0001422424172189994 1.0218001328148603 0.0027897744693294313 0.0027059213512159452 -6.41265625707115e-14 7.387780641008965e8 1.0400221420826028e8
800 26153.916363705826 32.66091878426263 0.30061571095590117 0.0001345347958366918 0.00016157033842943347 1.760424158150272 0.0034636144052220125 0.0037032078745031782 7.084246839522953e-14 7.3877806410089e8 1.0400221435007371e8
1000 32683.76852805858 32.675007687957894 0.2887658799123351 0.00016360013989463499 0.00017622941132664752 1.619312851630184 0.0032198268140838787 0.004412025376476003 1.578209151946638e-13 7.387780641008894e8 1.0400221478291093e8
1200 39213.59539440463 32.677277719170995 0.31151644040383286 0.0001726647434654284 0.0001795240095467017 1.3675261320308891 0.0033838549053595846 0.005177773345990455 -4.917620573923311e-13 7.387780641008953e8 1.0400221509479138e8
1400 45764.33570764957 32.71403782758976 0.40128083423832484 0.00019048579189510315 0.0001821731745110956 1.9051841053906173 0.0032565987907015592 0.005360537947282473 5.044204294880304e-13 7.387780641008942e8 1.0400221504522288e8
1600 52295.25675684219 32.64917036128365 0.3664784006510035 0.00023333452581728864 0.00017943804599783277 1.823243063209702 0.0035626323222844314 0.00495275503460255 -2.4918537688690614e-13 7.387780641008965e8 1.040022148047684e8
1800 58825.901833508586 32.64500029564163 0.3416433906357647 0.0002594234648571127 0.00019374690144437594 1.8137237252476552 0.004422371342163556 0.0058749421769321575 5.900960901091339e-13 7.387780641008916e8 1.0400221463613999e8
2000 65371.49463890595 32.79330433847738 0.35236644954082275 0.00027090642178194646 0.00022809083303165366 1.514087217751694 0.005638655358431638 0.0071169591374939944 7.847424917597602e-13 7.387780641008903e8 1.0400221435553937e8
2200 71909.03516749096 32.63513502923018 0.35182749508249933 0.000296112671789786 0.00024409728021602882 1.7760339078140532 0.005212408627856914 0.00795432336323678 -3.9824862070350334e-13 7.387780641008954e8 1.0400221455835728e8
2400 78439.72204966683 32.638482134599066 0.3462931092499972 0.00032722755087098335 0.0002559920321802106 1.7339258592146507 0.005526255835814398 0.009095886161980676 8.561324940962132e-13 7.387780641008942e8 1.0400221488236332e8
2600 84975.54152807611 32.77172554305428 0.3944096624240107 0.00033234673274788225 0.00027214446950889415 1.7199816526308496 0.006023128426612345 0.010313871605027891 1.8232497351875688e-13 7.387780641008946e8 1.0400221470289822e8
2800 91522.8405743277 32.649042537689255 0.34024088510198935 0.0003489726333646626 0.0002820357519192174 1.469569494804091 0.005844482498441356 0.008421953444535016 -6.321375074142695e-13 7.387780641008925e8 1.0400221423721051e8
3000 98053.12654141072 32.66007120539808 0.3256555610456651 0.00035614964064045664 0.0002986519110836699 1.7324770209161215 0.006145779085977132 0.00952740227648649 -1.716729495713172e-13 7.387780641008924e8 1.0400221404603487e8
3200 104583.65882127803 32.69891606563313 0.3425198096168966 0.0003503794502168502 0.00032027235337577935 1.7809719420120018 0.008141420260547927 0.009950165349889406 2.1945772989628016e-13 7.387780641008874e8 1.0400221387877005e8
3400 111134.87015038305 32.69130078407107 0.33381166571654847 0.0003569667599549943 0.00031728509567575 1.6047565328244673 0.007293995356178862 0.00727020371167586 4.909503287521955e-13 7.387780641008925e8 1.040022138285836e8
3600 117664.93318177635 32.66344922557168 0.36240594254491576 0.0003759004253309436 0.0003078069833156175 1.588379102789986 0.007369703395463112 0.008684991044605121 -5.783279392815077e-14 7.387780641008904e8 1.0400221446856047e8
3800 124195.22572374572 32.65353526667211 0.3600418855218421 0.00038580761957642483 0.00030718286949486757 1.654204550644863 0.007062049072139559 0.009622286048282691 -3.409796335784656e-13 7.387780641008893e8 1.0400221486891657e8
4000 130714.70150196651 32.760850282163375 0.3109833197204673 0.00039441195286883587 0.0003046299594917368 1.617518619457769 0.006609206872250362 0.007605315303100317 -7.067859110373046e-13 7.387780641008912e8 1.040022138039613e8
4200 137249.14429449948 32.63716199370932 0.32122271049109113 0.000396744290228887 0.0003135617743202985 1.3766224807659455 0.007156318265282735 0.005442723918583876 -7.876677779911922e-13 7.387780641008968e8 1.0400221304476997e8
4400 143779.58750454214 32.63536352702405 0.3943917464152997 0.000384565136515041 0.00032036712392191706 1.7915573948284873 0.005297442794428342 0.0064835649095206505 4.9469500144112286e-15 7.387780641008906e8 1.0400221307442676e8
4600 150318.3757358398 32.802986855688 0.3711221935555252 0.0003829643319772814 0.00032165071927669835 2.0187929213643656 0.005808263488561005 0.007506726531441538 -8.507835086704141e-14 7.387780641008925e8 1.0400221271737556e8
4800 156862.3554990783 32.6400799478368 0.35691349116567206 0.00037249000729595156 0.00031509935398703733 1.6781091052980628 0.005821811828544132 0.0076285227701711755 -2.6754882291563394e-13 7.3877806410089e8 1.0400221354118255e8
5000 163392.64331765377 32.64607591676769 0.3722208981343721 0.00036736943047399324 0.0003138203842542631 1.6463203858074849 0.004706760636348173 0.0076808163433884635 8.169321270315521e-13 7.387780641008954e8 1.0400221371369606e8
5200 169924.06323745195 32.72034014204143 0.3420269656739979 0.0003720541167416021 0.00031911859916752345 1.7421284069823741 0.004529727521643392 0.007669843878387483 1.4366831148663942e-12 7.387780641008893e8 1.0400221312771219e8
5400 176474.49824102304 32.673310319554744 0.36626823686266224 0.0003731020846059672 0.0003043246046332892 1.7384821381047004 0.004528891425591153 0.006565193833575456 9.434737299930665e-13 7.387780641008903e8 1.0400221306432867e8
5600 183004.44431540067 32.68029016893515 0.39790721822056657 0.0003704558737292653 0.00030421692995706063 1.8777934866857322 0.0040755878988189 0.005551036956997379 -1.1324380311627438e-13 7.387780641008936e8 1.0400221218481238e8
5800 189534.07045226992 32.66515253691124 0.3415033977706576 0.0003777519087704081 0.00031381199741798853 1.5322782225266565 0.003500150024272064 0.004490391764449819 -6.169137665030474e-14 7.387780641008942e8 1.0400221207319023e8
6000 196083.90441647457 32.732155786325215 0.3225747178047189 0.0003768671655123444 0.00031669853954126146 1.5219894189976912 0.003956808974064391 0.004158503586114637 -4.828024110814005e-13 7.38778064100893e8 1.0400221291329497e8
6200 202616.19885380907 32.644365900763624 0.3391212748279984 0.00036478201032369125 0.0003225895589515188 1.5991466892501194 0.004899363445508261 0.004416298834180293 -2.0225444319755754e-13 7.387780641008942e8 1.0400221284186353e8
6400 209146.5202658174 32.63809397557491 0.32018700012088425 0.00036310812400355694 0.0003268304802894762 1.4676550246513216 0.004499052331773001 0.0037603752284299796 -3.735904488050449e-13 7.387780641008924e8 1.0400221276816471e8
6600 215689.30934193166 32.819036856497966 0.32371101112269746 0.00035795427961313897 0.0003335505099863296 1.3508078865129391 0.004193712971140795 0.005538242726810246 -7.697638010040507e-14 7.387780641008958e8 1.0400221298579226e8
6800 222229.6485006137 32.637130622098155 0.3200941870238465 0.000350210313410124 0.0003342521920354386 1.453832874472937 0.004081809413305493 0.004624056920655373 3.5567498509186367e-13 7.38778064100892e8 1.0400221269818187e8
7000 228760.26532109303 32.63980452876607 0.23658250038958198 0.0003647530419029409 0.0003273171201568465 1.2055324137543266 0.004505794546144193 0.004331145729407099 1.2759302128501086e-12 7.387780641008902e8 1.0400221197025974e8
7200 235294.13851923557 32.75105973844295 0.2619425682308317 0.0003787512086975087 0.00032715529792053544 1.2828142705639038 0.0035294932668786527 0.00501946126301811 -5.157157100936907e-13 7.387780641008955e8 1.0400221252360228e8
7400 241843.49988005223 32.65978569199729 0.28167715337911714 0.00038400518144519777 0.00033685047714133727 1.4367968289566306 0.004018185915482975 0.005546617288373135 -1.8502818304675557e-13 7.387780641008894e8 1.040022132955063e8
7600 248374.04995800884 32.66920414888218 0.24610263126214305 0.0003858623291974875 0.0003542776898848738 1.492078392073381 0.005611871930397916 0.004971920256918172 2.903992713036017e-13 7.387780641008902e8 1.0400221302629776e8
7800 254904.24348157918 32.6866316767936 0.27722694739372755 0.00038280703077817383 0.0003615533000037434 1.7053698383615483 0.005317530403051274 0.0066508802957993 2.2035369452737322e-13 7.387780641008954e8 1.0400221308271544e8
8000 261426.9891587015 32.70832692228582 0.24651385402036424 0.00038795480746175824 0.00037895033623792235 1.4834042007801145 0.005706958721289346 0.0064608287255575325 1.4287955629858314e-13 7.38778064100888e8 1.0400221246610923e8
8200 267957.9628576749 32.65518399015805 0.2323633888676194 0.0004067155310855263 0.00035545415210099516 1.9228750019838117 0.0063181058254948574 0.006213890542286455 4.832695379403465e-13 7.387780641008948e8 1.0400221205570541e8
8400 274488.45048146107 32.646678620045826 0.3233032852286308 0.0004027046792116391 0.0003550965152841859 2.2779360530985286 0.006013884285956839 0.008200450709158341 2.7110205017056707e-13 7.3877806410089e8 1.0400221295928624e8
8600 281035.0258470892 32.78473488558847 0.3321197266608134 0.00040322502559442345 0.00037124369161743476 2.023397072252237 0.0049681874413706195 0.007916880527452097 6.104811999208408e-13 7.38778064100891e8 1.0400221309835447e8
8800 287571.83288678573 32.63635542969627 0.28228980907058027 0.00040672260611975686 0.00038443534879434353 1.9397765764233554 0.005824190443450172 0.006178451395930429 -1.8524260193282915e-14 7.387780641008908e8 1.0400221352318022e8
9000 294102.5897216201 32.63779885015747 0.30575990775862244 0.00040883036876904964 0.00039022498226658225 2.2393071977860473 0.007576725772327264 0.00778024378938455 7.993574361908806e-13 7.387780641008923e8 1.0400221373189247e8
9200 300639.51206642494 32.78308155835739 0.3254289011598486 0.00041528575784191714 0.0003984227541110547 2.543394371510658 0.006001230032078253 0.009157419547226986 1.409191550544821e-13 7.387780641008927e8 1.0400221268492967e8
9400 307186.0013703301 32.64637104837652 0.32026356395707584 0.0004330715585937695 0.00039612136429596344 1.8051689129692932 0.005767591825458829 0.007114165092681576 2.905529062643821e-13 7.387780641008902e8 1.0400221234765542e8
9600 313716.40272551397 32.657214778679496 0.3710508474025052 0.00043621069392333153 0.000404051023925857 2.1969651767676623 0.007216900064287768 0.00777049571414179 4.300323916552275e-13 7.38778064100892e8 1.0400221261344218e8
9800 320247.66550181527 32.70878151403795 0.3443058121830178 0.0004338678100363502 0.0004148203184674161 2.4292784084968844 0.0070179522143687945 0.009482152810632527 1.9205805938302417e-14 7.387780641008931e8 1.0400221293089013e8
10000 326798.8579018526 32.683755468198754 0.3258829714386672 0.00043876781465300224 0.00041715424284102207 1.7296307706310472 0.006586335386585207 0.006412078828607282 -2.788287878865747e-13 7.387780641008904e8 1.0400221288917327e8
10200 333328.6714583515 32.668257246950304 0.3434416932156698 0.00044988853293966594 0.000419301131318241 1.9535362882525078 0.007457302486247541 0.007605423396545408 7.862171002151008e-13 7.387780641008923e8 1.0400221334700643e8
10400 339859.35817455227 32.66008426193008 0.34882816353173474 0.00045229456060924675 0.0004274810545680621 2.262383675415549 0.007517412342685881 0.009090661366049496 -1.4038770252971408e-12 7.387780641008927e8 1.0400221336179711e8
10600 346408.59332405915 32.74976644823496 0.3657058040427665 0.0004596285045996122 0.00042576371340843883 1.9078488833074516 0.006717435469697275 0.007675410660174964 2.5250121180368647e-13 7.387780641008943e8 1.0400221220795612e8
10800 352941.9950913225 32.63827292106095 0.38273350269072776 0.00047039363134057964 0.00043303002942916515 1.6877867577238703 0.006309044996287538 0.007385992753198234 -2.186720378351678e-12 7.387780641008924e8 1.0400221223836172e8
11000 359472.79949647293 32.63951866316215 0.32135626210525164 0.00047165970511832596 0.00044780089109816925 2.2739166407047833 0.0069244021877826745 0.00807375668112753 2.3671845022520107e-13 7.38778064100892e8 1.0400221254842068e8
11200 366013.459711567 32.817251004730785 0.3632737892852399 0.00047200067355906956 0.00045090443656025 1.9390403055967909 0.005609642866473197 0.007859666971937879 1.4217656866495627e-12 7.38778064100889e8 1.040022126672517e8
11400 372555.87372960197 32.63683921455978 0.4084669973386887 0.00048573852187755353 0.00044731714159486276 2.080798348782082 0.005517098952433075 0.006623408417110843 1.3573442981105002e-12 7.387780641008887e8 1.0400221362750155e8
11600 379086.20897862443 32.64675916577587 0.4006061543124683 0.0004910927043786679 0.0004487852541231841 2.7651832986437057 0.007935061228668938 0.007606337268506652 2.8802008317263827e-13 7.387780641008891e8 1.0400221295521751e8
11800 385619.0465399311 32.73370794307137 0.4347247070570427 0.00048306224180416147 0.0004620720376779179 2.269758146809181 0.007250477213029238 0.007677067248548067 4.911264585514701e-13 7.387780641008916e8 1.040022125080981e8
12000 392136.75183756737 32.66354050779386 0.4336478439419519 0.0004895460248994082 0.00046116226234039966 1.8812552754397984 0.006794299927429803 0.0065848689827925355 -6.986379933665096e-13 7.38778064100892e8 1.0400221287508447e8
12200 398665.95963398693 32.68239040568229 0.4005635625306088 0.0004973089261597677 0.0004646091126566399 2.3261889306904777 0.008563888269372155 0.008824070956791968 -3.0743073572531455e-13 7.387780641009e8 1.040022124802201e8
12400 405196.30299599224 32.67366884120448 0.4362695214831051 0.0005047076375291068 0.00047374212768569115 2.4717472626962262 0.006025187829261064 0.008892085797686994 2.2512451474250975e-13 7.387780641008936e8 1.0400221322125673e8
12600 411746.83983566053 32.72099638788759 0.4599221742458014 0.0005107658476485801 0.0004786153611117802 2.057606311640484 0.005312763727932601 0.007582118181120534 -5.888861549662902e-14 7.387780641008935e8 1.0400221375736447e8
12800 418277.85148001596 32.64401129765126 0.43297217022141754 0.0005189043306669395 0.0004786979591569072 1.9876061547686277 0.006554569281277086 0.0070726056847053576 2.8506225121742724e-13 7.387780641008915e8 1.0400221356014903e8
13000 424808.4161674641 32.64294522367994 0.44114757380457525 0.000518261168906468 0.0004894560826393753 2.385372627900324 0.006442089833664066 0.006742636369194782 3.039540866439791e-13 7.387780641008923e8 1.0400221317378883e8
13200 431352.91150095675 32.804877458314635 0.43400110914070816 0.0005244760960101556 0.0004983961558649915 2.043609163245492 0.006787732909022459 0.006919934320306142 -3.085487770598409e-13 7.387780641008929e8 1.0400221306159298e8
13400 437891.4986482788 32.634444658519705 0.4173366102136008 0.0005353299534405821 0.0004944257077684135 1.7851804982101385 0.005726580538327752 0.00832921279264371 -5.305489023195647e-13 7.387780641008989e8 1.0400221337633564e8
13600 444422.00162273395 32.63888407649853 0.4431642886881518 0.0005374127624906466 0.0004972114640156087 2.3391591657355093 0.008158566752503371 0.008206609877940613 1.973771793211202e-12 7.387780641008906e8 1.0400221363581482e8
13800 450956.8129748395 32.761046617432264 0.45527767185610646 0.0005373471373080387 0.0005059703500018268 2.2107625019398256 0.007327259284946541 0.00697097483808734 -1.261518200579022e-12 7.387780641008912e8 1.040022142216325e8
14000 457504.8454458945 32.65150018881187 0.4079673122924988 0.0005411492037364219 0.0005109626558481478 2.0572601812036737 0.008087544028412386 0.00670369582878827 -1.258792017598944e-13 7.38778064100891e8 1.0400221447396678e8
14200 464034.81355666794 32.66397409337784 0.42012015880147485 0.000544238418579648 0.0005164486267103122 2.061686764474871 0.00903088954147177 0.005954878543216982 -1.2611563687087727e-13 7.387780641008906e8 1.0400221430084948e8
14400 470565.0125243002 32.69185236313646 0.436898133373832 0.0005469531168693195 0.000527577866686468 2.537117804281479 0.008234178860778027 0.007984622386749518 -9.749933062458787e-14 7.387780641008956e8 1.040022142224465e8
14600 477116.19214573666 32.69714983908271 0.3989418824560673 0.0005581066677708456 0.0005334613082726822 2.0377321965388546 0.007603392189444502 0.008046705180309699 -7.317197643607147e-13 7.387780641008939e8 1.0400221340005673e8
14800 483646.13888548577 32.65651320053611 0.43515299491459863 0.0005632648741158799 0.0005263352063724224 2.0976568818387022 0.007191476056642054 0.009691054023287987 4.545680384759296e-14 7.387780641008937e8 1.0400221397666676e8
15000 490176.77850672894 32.652293951230945 0.4031688287023974 0.0005600564036372406 0.0005405727211741535 2.2423985056393576 0.008000747423108079 0.009638417947882338 4.523472714415964e-13 7.387780641008923e8 1.0400221521043642e8
15200 496724.6252477235 32.77062981094282 0.36684150650085673 0.0005676766675327073 0.0005465664244795843 2.2648416908814397 0.007272895301167287 0.009225707745736167 7.35303622885087e-14 7.387780641008893e8 1.0400221461694753e8
15400 503260.0244189512 32.63619961707037 0.3874809310784866 0.0005708188667739348 0.0005528235035244101 1.797010516107548 0.009477849206282276 0.009048848883084937 -4.446588228123876e-13 7.387780641008918e8 1.0400221477023932e8
15600 509790.7848941041 32.63762861330351 0.3651881487597314 0.000568318196830128 0.000563014268634203 2.0169192651283083 0.009836070839466915 0.006750503067111668 -1.5833686063927828e-13 7.387780641008924e8 1.0400221464863333e8
15800 516328.8924666965 32.79454129266106 0.36040367796508815 0.0005688131337888225 0.0005715033161790896 2.043557332277487 0.008066879212535186 0.009552094277952217 -1.7841182884791457e-13 7.387780641008891e8 1.0400221392765385e8
16000 522846.33810464933 32.64500812493764 0.35717961037611384 0.0005775238047028966 0.0005677008361510618 2.0767677607127553 0.007774545944084665 0.008741526498684982 1.350992138610571e-12 7.387780641008933e8 1.0400221414490281e8
16200 529376.9417129747 32.652153907644234 0.32834923714519765 0.0005882594639469217 0.0005670196783611308 2.191927885718542 0.009599520602523726 0.00873045572092307 -1.7666584648988706e-13 7.387780641008933e8 1.0400221468318704e8
16400 535908.1518946422 32.71307549506264 0.33641318457597863 0.0005925876691774015 0.0005737311283541627 1.9694910194521071 0.0063493017034035315 0.008767163825041266 6.147848932770313e-13 7.387780641008924e8 1.0400221535421044e8
16600 542458.9226071367 32.67810395701408 0.3778884128597146 0.0005882333891443487 0.0005794365022326231 2.025178826535921 0.00852707824421925 0.008746527667648829 4.621722511141809e-13 7.387780641008928e8 1.0400221498001206e8
16800 548988.5022363381 32.671777569404775 0.36272527044922737 0.0005907157972550902 0.0005828281103973712 2.098106619250302 0.009763725687375935 0.006978006516601909 7.898966814564701e-13 7.387780641008935e8 1.0400221438954712e8
17000 555519.215299686 32.664502381338345 0.33963864087407886 0.0005883957441710382 0.0005935296455611867 2.2427578808674298 0.010096077878068155 0.008691890743228403 -2.645393006932444e-13 7.387780641008917e8 1.0400221440760054e8
17200 562068.9097759178 32.73814112631731 0.37930250005381033 0.0005850720529603406 0.0006033950656120929 2.4298063006281154 0.008052575804154971 0.009911270540561068 2.89358286756258e-13 7.387780641008894e8 1.0400221436200781e8
17400 568601.1162729614 32.63712450323615 0.3423432669295146 0.000593541843791867 0.0006089377623238943 2.7787497888773487 0.009808299287746958 0.007936963981939993 -4.750909890001125e-13 7.387780641008918e8 1.0400221454856338e8
17600 575131.8032052579 32.641219375649555 0.33827272052787427 0.0005976815278754377 0.0006125462891456004 2.681826239089787 0.009910503964616013 0.00912268276025019 3.3674486057851297e-13 7.387780641008935e8 1.0400221464499694e8
17800 581674.0352835633 32.82997841127155 0.3889587157390505 0.0005983509112100026 0.0006219161336302239 2.3425545267473353 0.00659723968007539 0.010238709001767432 4.0411067989240706e-13 7.387780641008915e8 1.0400221494436821e8
18000 588215.390760471 32.63607261295239 0.3303176022552635 0.0006106737134333885 0.0006207302834503015 2.273560577867329 0.007902546913195085 0.007785583470470647 5.265170614796458e-13 7.387780641008918e8 1.0400221531338696e8
18200 594745.84283954 32.64347446946454 0.33596885028403367 0.0006177247744812837 0.0006190444776322135 2.581214256779276 0.010091069742735326 0.008744966710641566 -8.620787892760744e-13 7.387780641008898e8 1.0400221407598512e8
18400 601279.1812983474 32.74233908052291 0.4115771050980509 0.000608612267064133 0.000629975573340893 2.267160245579362 0.007129142902289831 0.008208439229379527 1.0571540286988479e-12 7.387780641008918e8 1.0400221399536516e8
18600 607828.7161465128 32.66041752732308 0.3687270862372002 0.0006237584121803185 0.0006322590200381179 1.726972289607147 0.007637406415308745 0.006874802882104153 1.3620193956086395e-13 7.38778064100894e8 1.0400221475108242e8
18800 614358.4444360133 32.67441562551334 0.4036470952548217 0.0006295781323351851 0.0006322730968635467 2.1508596128437603 0.008811534879368144 0.009194122701264712 -1.3070362669654932e-13 7.38778064100895e8 1.0400221480063236e8
19000 620888.4220822346 32.679419901107245 0.44294992480859013 0.0006272919293549184 0.0006385936801912726 2.3388686963926375 0.0059963952589389136 0.008758072541360601 8.14975554696131e-13 7.387780641008916e8 1.0400221526193394e8
19200 627439.3282038184 32.71181317017851 0.40987269932810455 0.0006393853113101029 0.0006460151925833563 2.130078207688939 0.008828566314886488 0.006926567093174796 6.075942027762076e-13 7.387780641008929e8 1.040022150863753e8
19400 633969.7410997205 32.646749526747776 0.4000559687741411 0.0006520966952496661 0.0006499473010351486 2.224301801569254 0.008988239112562857 0.007964775327974266 3.037875291164041e-13 7.387780641008939e8 1.0400221484810922e8
19600 640500.1480424195 32.64496022269494 0.4528752251398777 0.0006511668398893037 0.0006591336310254104 2.6365867112563137 0.007197184170835924 0.009818133226113246 -4.5243916524991364e-13 7.387780641008921e8 1.0400221430043444e8
19800 647045.9421987394 32.79215307501325 0.45621483316879563 0.0006586414464710927 0.0006634615929824567 2.15491509155072 0.009706408083395207 0.00806607692899449 -5.763120188615484e-13 7.387780641008943e8 1.0400221405939816e8
20000 653554.1666302886 32.63310156341656 0.45973468496082864 0.0006704177393126249 0.0006615406974280065 2.1896526115760935 0.009522020389234387 0.008071366545033709 -2.981800923547127e-13 7.387780641008955e8 1.0400221523844473e8
20200 660084.5992340752 32.63846836123937 0.4611637799613895 0.0006717886050359561 0.0006705844949953453 3.005345867057258 0.009424231090681023 0.009080429693551384 -3.3026634709214776e-13 7.38778064100889e8 1.0400221548663585e8
20400 666620.4679163486 32.77186146006815 0.4805615881186916 0.0006731254296566606 0.000671267586591536 2.4347612764559017 0.0075408973273586866 0.009127102540903084 2.244812580842891e-13 7.387780641008924e8 1.0400221505384432e8
20600 673167.810230609 32.649101246898134 0.4981545720548075 0.0006897509929927546 0.0006711379700321189 2.3645437891573238 0.009103459958741233 0.00774088108141982 3.009139331521505e-13 7.387780641008904e8 1.0400221488700435e8
20800 679697.9468691942 32.65954959032762 0.505565543583713 0.0006994145873930631 0.0006764056263298173 2.839822466271926 0.009848481046906457 0.007706019369182582 5.053776566580016e-14 7.387780641008928e8 1.0400221452292973e8
21000 686228.4000286532 32.698920013255005 0.47899104435176415 0.0006951568030991317 0.0006864128428018795 2.672510787598185 0.008274141136304411 0.00845501089083417 2.3798199008956307e-13 7.387780641008971e8 1.0400221491421513e8
21200 692779.7476082037 32.691941726625664 0.5046689806053462 0.0007024339944499142 0.0006930130366287299 2.810247209541558 0.008693177115213446 0.009817768726394505 1.5893034148466043e-13 7.387780641008959e8 1.0400221427100028e8
21400 699309.7412578369 32.661488500292386 0.4885835542019661 0.0007179892011619732 0.0006994812345575607 2.7720015756501653 0.008057142493529179 0.010191467492478075 1.9800052565420547e-13 7.387780641008933e8 1.0400221476336358e8
21600 705839.6409392741 32.651615419782836 0.4684384094194078 0.000720710302610983 0.0007045810783095801 2.550026382713895 0.009393712265369503 0.009891472263429152 3.1332725509233723e-13 7.387780641008966e8 1.0400221603427364e8
21800 712387.7673217764 32.76091713014559 0.5195711959906903 0.0007233563679195915 0.0007081226474828929 2.7669236332894798 0.009847554046860912 0.011450066850852744 -4.100608039809481e-13 7.387780641008942e8 1.040022149514804e8
22000 718922.2830182144 32.63713116443521 0.5241556227930302 0.0007306528526377469 0.0007096975725481453 3.000799497174512 0.009366005833436664 0.009264149135963073 -2.0444840787113154e-13 7.38778064100894e8 1.0400221422632755e8
22200 725452.8348503229 32.636460721235515 0.45594795772599395 0.0007346583093433549 0.0007202979941265598 2.6412875800083384 0.01070331813699793 0.009313120631904759 -1.3365188638006063e-13 7.387780641008945e8 1.0400221445225883e8
22400 731991.887213729 32.80551432455623 0.5047160835411592 0.0007356253377578309 0.000725909526956563 2.7753270050379797 0.008504044509273584 0.01338685474613546 1.34471272837556e-14 7.387780641008893e8 1.0400221462671643e8
22600 738536.2829778678 32.64279220398495 0.5058861045853593 0.0007433766706922365 0.0007284642977549911 2.985803051440598 0.008650429920259606 0.011898481725310495 9.679787455443296e-13 7.387780641008917e8 1.0400221464850862e8
22800 745066.9310307283 32.64818797093548 0.46423750292726124 0.0007537795711399357 0.0007314828538751782 2.861061385540779 0.010446012099453172 0.009659976633972861 7.668538304073381e-14 7.387780641008874e8 1.0400221492491983e8
23000 751598.6871720123 32.72282076471215 0.4761437075679972 0.000752935515749743 0.0007404274909303011 2.5703101568406055 0.006961219580461364 0.011447348935324536 1.123723435007326e-12 7.387780641008924e8 1.0400221546142887e8
23200 758149.6872507412 32.67635823790123 0.4544837383898965 0.0007594998184786163 0.0007403162884393831 2.862959955975384 0.00658987520497939 0.012134641376647465 -1.2677516639098745e-13 7.387780641008968e8 1.040022144012632e8
23400 764680.1773718578 32.68164128359657 0.44138552350282906 0.0007726620022268634 0.0007356437877017608 2.3055062824403194 0.009884527572861068 0.009437728635102519 6.816622874274477e-13 7.387780641008929e8 1.0400221381298184e8
23600 771210.2933256284 32.66725763322915 0.4609952097933499 0.0007688434679068561 0.000748088353938672 2.585237210676496 0.01085442799872155 0.010690936934818873 -2.869384164705708e-14 7.387780641008914e8 1.0400221447431444e8
23800 777730.9482895097 32.735215012664376 0.43898581994080205 0.0007666495983014751 0.0007561332924403119 2.5847127570941666 0.007497814639874589 0.01175180150998624 6.023179666153263e-13 7.387780641008905e8 1.0400221446060301e8
24000 784263.6750438638 32.64572730058321 0.43538549882531524 0.0007758621073473689 0.0007519616763674844 2.737047063038517 0.009050960707986277 0.008431082382148458 2.982413548935909e-13 7.387780641008902e8 1.0400221509869547e8
24200 790794.5343808105 32.64022863184128 0.4380089351718275 0.0007813576494446708 0.0007545766446604021 3.4360120457745325 0.011114679928508953 0.010873575845355976 5.379463538891022e-13 7.387780641008905e8 1.0400221489292648e8
24400 797337.5615334931 32.820408096026604 0.4393926784996962 0.0007796802119160367 0.0007610566863442786 2.628814151206825 0.007121358504676045 0.01272623721312241 6.168371883294496e-14 7.387780641008914e8 1.0400221436433989e8
24600 803878.2769351974 32.63844700823872 0.42809510083531854 0.0007952331123068176 0.0007531359202000174 2.3164784021264495 0.008132995596925707 0.008704978916384498 3.8436882673892074e-13 7.3877806410089e8 1.040022148771195e8
24800 810409.2174100876 32.64225570043981 0.44512946960640815 0.0007985633795870083 0.0007592677620623478 3.1434627609576182 0.011048333938353805 0.01024791169399375 3.219001816265994e-13 7.387780641008936e8 1.0400221408837043e8
25000 816943.4243051256 32.751840716143754 0.43329757315548223 0.0007878010736810223 0.000770940187211839 2.5436739788001432 0.008599254058164939 0.010414864051598527 -7.016245421368198e-13 7.387780641008965e8 1.0400221382661551e8
25200 823492.5380771263 32.657785410150716 0.42688428325545463 0.0007936920406028465 0.0007702826407055214 2.308994035973228 0.008565121478415594 0.008759200727316951 -1.3718214018291447e-13 7.387780641008948e8 1.0400221513177939e8
25400 830022.7849638119 32.671903204720216 0.4395888340398231 0.0008058759026519861 0.0007688202559019974 2.715588651005646 0.009812450051456145 0.009477471094480161 8.375508002727321e-13 7.38778064100894e8 1.0400221536207953e8
25600 836553.4017067818 32.687644361850055 0.4331789614600712 0.0008016727629643316 0.0007792301131304844 2.5435681176004437 0.008671954871729337 0.010144665831470528 1.1194197416511353e-13 7.387780641008928e8 1.0400221456559785e8
25800 843104.9301023154 32.70785762157307 0.44355835673473043 0.0008085273681302458 0.0007782680850842214 2.5754780227016454 0.00728098819224865 0.009544943392070293 -7.100711146846458e-13 7.387780641008872e8 1.0400221397955413e8
26000 849635.6969584915 32.65410059789301 0.4481600189341109 0.0008251303111523394 0.0007763739786809756 2.782378659080905 0.008305527536469626 0.00815320964938998 4.230800507197266e-13 7.387780641008953e8 1.0400221433128193e8
26200 856166.0961266004 32.64689197830446 0.40821125080411813 0.0008197928973712019 0.0007898161565470824 3.0972645762958564 0.010939245849044155 0.010219763389601733 6.827824825231065e-13 7.387780641008939e8 1.040022139440976e8
26400 862712.7255197873 32.78521527927591 0.4577609094994355 0.0008184870894269498 0.0007933417811302152 2.675165867411124 0.008409477604579274 0.010636603277094118 -7.872925449405634e-13 7.3877806410089e8 1.0400221413439277e8
26600 869249.6203434889 32.636123273832645 0.4869473333435061 0.0008289072879961846 0.0007981406434589501 2.863400262792993 0.007673626774619857 0.008347608700782272 -3.189634086691277e-13 7.387780641008993e8 1.0400221520348427e8
26800 875780.0393752882 32.63497012181067 0.44604976492750875 0.0008372216024047718 0.0008047294524174063 3.9844241717332807 0.01184849229578222 0.010754833677513231 6.922666893231812e-14 7.387780641008974e8 1.0400221466628185e8
27000 882316.702573308 32.783043036789586 0.49960547679381007 0.0008353480633388671 0.0007988227301389983 2.812785915853965 0.00849465680610284 0.010837712733160934 -6.928486834425238e-13 7.38778064100891e8 1.0400221440651967e8
27200 888862.9886307582 32.64490851751167 0.505126261650475 0.0008442175484150359 0.0008041928547831348 2.4214982783505548 0.009165055451696935 0.00967242083434347 -1.0604315745288292e-12 7.387780641008903e8 1.0400221386770646e8
27400 895393.0436610072 32.65361844097159 0.4746646384229159 0.0008575073686367147 0.0008126224647907698 3.484278068058302 0.011189433424986572 0.009499698352048919 2.3510647967096955e-13 7.387780641008939e8 1.0400221332460497e8
27600 901923.7450206159 32.706857537759234 0.5079875374850809 0.0008532512796804239 0.000819779616916336 2.93497038978785 0.010567726640985958 0.010526000951830955 -6.633507709726908e-13 7.387780641008941e8 1.0400221497279781e8
27800 908442.8517065712 32.68828245192312 0.5255397407099552 0.0008531799888897541 0.0008307784798285434 2.8571231789628655 0.009888505859932117 0.011022687859142954 -1.9144543399424258e-14 7.387780641008925e8 1.0400221453829814e8
28000 914973.0696497748 32.66805056201789 0.4843400357552343 0.000867854324577286 0.0008403500837371728 3.7153353212404454 0.009751272009573264 0.010064144599338853 -2.6908038638758785e-13 7.387780641008915e8 1.0400221369916269e8
28200 921503.0970548851 32.65650940495505 0.4738105362409636 0.0008742497164715656 0.0008427969021346052 2.7174077767781455 0.011296407531898145 0.012089174571792344 2.3364000764657365e-13 7.387780641008915e8 1.0400221488142891e8
28400 928052.2648128486 32.755568278565356 0.512927917740403 0.0008784114327837038 0.0008450406508362257 3.0985329640516284 0.009685167191055472 0.011949814843962736 -2.4463663337520297e-13 7.387780641008928e8 1.0400221406864896e8
28600 934586.5683313155 32.64013539360811 0.49380969527365925 0.0008972870995267717 0.0008487676042342981 3.1914879085984467 0.01056968003691533 0.009922701949564572 1.6700627567227356e-12 7.387780641008935e8 1.0400221276906939e8
28800 941117.1774183813 32.63755582296704 0.5049134062452799 0.000896985137865146 0.0008596566699731009 2.86551595777928 0.013230445308966998 0.012151500628955259 -1.4482425901709666e-12 7.387780641008928e8 1.040022137801162e8
29000 947657.8955108068 32.82031485156182 0.5176195780289583 0.0008943825261705709 0.000866846462067092 3.0423328679808037 0.00941848907398083 0.01368888732829044 2.7958691180519188e-14 7.387780641008931e8 1.0400221469781353e8
29200 954200.9776885604 32.63913505196539 0.4882340204892997 0.0009083491731229308 0.0008667677135350517 2.725532076334275 0.011142400240629291 0.01182481473476027 2.5206471621417957e-13 7.387780641008962e8 1.0400221418186331e8
29400 960731.4292196789 32.64549299771883 0.48730486917874644 0.0009170747203449204 0.0008769845674005147 3.0564301915196666 0.01204024814140603 0.011653609810917315 -1.7416939803060215e-13 7.387780641008968e8 1.0400221415685053e8
29600 967263.8096426019 32.73162301851615 0.52251446050477 0.0009146133810797335 0.0008814426062625908 3.7855651734289495 0.009017560280238479 0.012136974990690705 1.644746012531337e-13 7.387780641008923e8 1.0400221440127695e8
29800 973814.3275708657 32.66926701206331 0.4775936475901488 0.0009274918353187753 0.0008789262193364892 2.8687906509512686 0.011658703024149342 0.012329455585400106 7.395996584239178e-13 7.38778064100893e8 1.0400221357210806e8
30000 980344.1760339226 32.68309269783393 0.4930868433108636 0.000938704459491302 0.0008824637473368546 3.0175072214749434 0.012166924742786078 0.011114638429955359 7.514032266568328e-13 7.387780641008949e8 1.0400221358062723e8
30200 986874.293161726 32.67295999397197 0.5004832306001954 0.0009306817764397595 0.0008951533651185203 2.990666779813637 0.013634662672812603 0.011491118653897736 -6.16990344676645e-13 7.387780641008953e8 1.0400221438367046e8
30400 993424.9104632881 32.7216054113291 0.4647481310872956 0.0009354382660948438 0.0008955610215565197 2.9618368014562293 0.009454039088286736 0.013701821092840502 -1.2721166198049432e-13 7.387780641008904e8 1.0400221442298348e8
30600 999956.09616547 32.643378132502725 0.5013697857306082 0.0009484840796447782 0.000896001676727009 2.385265585128991 0.011324734034408201 0.010956107499127399 3.322573796056879e-13 7.387780641008879e8 1.0400221512805097e8
30800 1.0064864828262402e6 32.64143188637073 0.5077807925039352 0.0009449757306257759 0.0009086372440754655 2.811373513955914 0.013333384882887045 0.013606295808408858 7.888317662298772e-13 7.387780641008931e8 1.0400221422827278e8
31000 1.0130308487430121e6 32.80232026451323 0.475594481101433 0.0009528866169521913 0.0009021669053425068 2.6797003866267914 0.009702748052986432 0.01423906079136707 -3.974407209720476e-15 7.387780641008916e8 1.0400221312657449e8
31200 1.0195690977137916e6 32.63260386150783 0.48320645663447853 0.0009655063501136476 0.0009014373053860569 2.438956816127302 0.009281598965539262 0.01048539166304202 -6.212442622199971e-13 7.387780641008962e8 1.0400221469309613e8
31400 1.0260992455237781e6 32.63755331013058 0.4752431667494279 0.0009674093518878036 0.0009115263681855776 3.673796380417116 0.012296707565557952 0.011480150186338828 -5.894145443641144e-13 7.387780641008961e8 1.040022146632986e8
31600 1.0326336005460512e6 32.75928719779542 0.48134147995017246 0.0009572819929936834 0.0009197793389172573 3.218317391177152 0.010280071490033446 0.01107290030602881 -4.360973830041651e-13 7.387780641008925e8 1.0400221416451778e8
31800 1.0391527776616656e6 32.65169041401352 0.5018147950339411 0.0009657710778138527 0.0009184879498770114 2.6356953858212364 0.009192004073144577 0.011819001055709544 -5.903717715340855e-13 7.387780641008915e8 1.040022153878622e8
32000 1.045682554254506e6 32.66414740535125 0.47756580195978215 0.0009767693503040654 0.0009182667852143704 2.8706470058564264 0.011211224903121098 0.011360042131133535 2.9721520736738174e-13 7.38778064100897e8 1.0400221518701729e8
32200 1.0522127548751093e6 32.69191521701657 0.4941740852334009 0.0009721538451476443 0.0009191591401217152 3.1516782668013548 0.009783031544225607 0.011947311825919169 2.495529521201751e-13 7.387780641008891e8 1.0400221427082178e8
32400 1.05876377574316e6 32.69517309815935 0.4928768657461146 0.0009832147126259086 0.0009157669728588889 2.865982396677282 0.008860225967096291 0.012686648218947591 3.518996811334972e-13 7.387780641008941e8 1.0400221439698604e8
32600 1.0652933385771825e6 32.6546817414215 0.49558599683619514 0.0009923591110820246 0.0009203238421765652 3.099732263881833 0.010587012819236907 0.009885462971547188 -6.025649312251789e-13 7.387780641008954e8 1.0400221508600575e8
32800 1.0718234705757187e6 32.649364337241224 0.497085031249696 0.000986669804661953 0.0009320392986898893 2.932028565305245 0.013952524590674531 0.010766344209600931 -2.948259683511336e-13 7.387780641008966e8 1.0400221509465857e8
33000 1.0783710116677792e6 32.77213932542324 0.4984326098782115 0.00098334240362078 0.0009389346073833336 2.795581959971969 0.009424007268350965 0.012605554172314043 -1.097181440038364e-12 7.387780641008942e8 1.0400221551828484e8
33200 1.0849063165554996e6 32.634203208601356 0.47095249958957863 0.000993730690301197 0.0009435525924246541 3.0485516224405274 0.009957658539871184 0.01058829434979476 5.309317931875531e-13 7.387780641008915e8 1.0400221590576895e8
33400 1.0914364396294572e6 32.634498016405665 0.473431255620902 0.0010008639463528252 0.0009441704144702015 2.9609326857225824 0.014061318096796449 0.010927901667465378 -6.091334240655213e-13 7.387780641008977e8 1.0400221488550608e8
33600 1.097974250216664e6 32.79605859664059 0.5037312239705501 0.0010028454702945427 0.0009431407575057839 2.7398461385982955 0.011688198858674337 0.011858959237235442 -7.117175454169963e-14 7.387780641008916e8 1.0400221512379311e8
33800 1.1045198108292199e6 32.6430246639637 0.4736235201777699 0.001011035190221222 0.0009484879328174107 2.7260027687066213 0.009912670633768328 0.012310432284997008 -1.2252890666499514e-12 7.387780641008931e8 1.0400221514067627e8
34000 1.111050031258512e6 32.650111110789496 0.49708344781447084 0.0010202739643568142 0.0009475948331791081 3.258034325332119 0.01132299970305456 0.011171883942117988 -1.881334279861422e-14 7.387780641008937e8 1.0400221480195542e8
34200 1.1175813947607467e6 32.7176300902335 0.491105907840221 0.0010111178875505306 0.0009619135678804749 3.0039223333419613 0.010120898999677053 0.01065396879496161 1.1346664560144367e-12 7.387780641008949e8 1.040022169175622e8
34400 1.1241328334132733e6 32.67925026265386 0.44984443570318106 0.0010137967828103948 0.0009697779662304652 3.10232194819946 0.009316499854096272 0.013040746072354031 3.286735210813157e-14 7.38778064100895e8 1.0400221644846235e8
34600 1.130662665397853e6 32.67329787605589 0.48266209460206083 0.0010244893999452242 0.0009711926561491603 2.5143081957201048 0.011072006830391057 0.011005380326878311 8.376120628116102e-13 7.387780641008916e8 1.0400221485238312e8
34800 1.1371919115694163e6 32.658635498109426 0.49658410639360084 0.001025598962165331 0.0009758662699404847 2.932514472049661 0.012660689610368758 0.011372258892657389 8.244099856833672e-13 7.387780641008892e8 1.0400221600532712e8
35000 1.1437415792569204e6 32.743702695909235 0.46622752918954624 0.0010307427034021335 0.0009719520793297407 2.633263358622571 0.010375598695765542 0.013326404565121686 1.6138084303978673e-13 7.38778064100894e8 1.0400221593106234e8
35200 1.150274520389308e6 32.639924332469334 0.47337738767287085 0.001044126844974594 0.0009711281219993003 3.0144932798116315 0.010906056931180186 0.010436212683409822 -3.757212364854008e-13 7.387780641008894e8 1.0400221548845427e8
35400 1.1568041841671108e6 32.63317114023917 0.47142547579771904 0.0010451202060010752 0.0009825327557759914 3.242205159592686 0.013768816507366832 0.010752146400399176 -2.3157239695943583e-14 7.387780641008935e8 1.0400221645240463e8
35600 1.1633456133094965e6 32.83051997997836 0.47408030219796393 0.0010393016096345434 0.0009896432547156565 3.0896955294997497 0.01150833459176226 0.0122332615317301 1.867129028659049e-13 7.387780641008933e8 1.0400221675433673e8
35800 1.1698621933692615e6 32.637811153930464 0.4901763411264389 0.0010493524714750603 0.0009882461023768983 3.2095912346658224 0.011059267288666075 0.011707110837456541 -8.886131264276764e-14 7.387780641008912e8 1.0400221623907192e8
36000 1.1763924133383224e6 32.63787677423929 0.4686255492376184 0.0010591346158685825 0.0009967043784103542 2.530778277096715 0.012029302703425393 0.010925163961641365 -7.756603203710733e-13 7.387780641008948e8 1.0400221591235197e8
36200 1.1829249921119213e6 32.74071199453677 0.4485848814957626 0.0010594767921467037 0.0009998307185329724 3.355613838282352 0.011587391671064151 0.01234604593614197 -3.83894042062615e-13 7.387780641008908e8 1.0400221599970905e8
36400 1.1894748799680006e6 32.6637793967776 0.4531084732578721 0.0010657283594460913 0.000995572063237292 2.8848655398978735 0.011049524469433969 0.013679996682570528 5.589823781763896e-13 7.387780641008924e8 1.0400221605186541e8
36600 1.196005065810543e6 32.6669394709997 0.46924071743865137 0.0010739285754929383 0.0010019321653550006 3.0082628019126787 0.012600962566500229 0.010930588870020908 2.3476115996940244e-13 7.387780641008976e8 1.0400221675400789e8
36800 1.2025335976316116e6 32.672645880050794 0.45563981596111847 0.0010694145580605501 0.0010154834636257977 3.215138504402148 0.011662859765913997 0.010854397922811398 7.32240495941179e-14 7.387780641008915e8 1.0400221724117108e8
37000 1.2090841545509165e6 32.7158535987038 0.47860504300657775 0.0010672598700300542 0.0010109138897830719 2.694557649330818 0.010707948900557762 0.01427165021555149 1.9172264698266625e-12 7.387780641008925e8 1.0400221648833527e8
37200 1.2156153000426614e6 32.64990848494705 0.470088249571844 0.0010800441887396438 0.0010125594121838189 3.0544982358894686 0.011600320764664551 0.010266477642450436 1.0893551506966795e-12 7.387780641008964e8 1.0400221711364475e8
37400 1.2221445752283717e6 32.63833953132406 0.43853466153699516 0.001088116709466231 0.0010176528342282123 3.1940528103527868 0.013444083153014763 0.012848555110628962 8.866527251835754e-13 7.387780641008923e8 1.0400221651856063e8
37600 1.22868951634092e6 32.79149584183988 0.47664316639111454 0.0010923286230423584 0.0010072951804810301 2.721072835922314 0.010121093297177752 0.013914211550063893 -1.7925418875748923e-13 7.387780641008921e8 1.0400221551070616e8
37800 1.2352267019352033e6 32.6336507194904 0.48915810929513653 0.0011020679675191921 0.0010094845099267425 3.2997662379714257 0.012411489892392713 0.012187519447437067 2.162912224180154e-13 7.387780641008942e8 1.0400221736067624e8
38000 1.241756599417171e6 32.63219026769684 0.43989781669266953 0.0011069586990157974 0.0010214298401186829 2.607146265988149 0.013155629672513935 0.012100780379096787 -3.182512316546691e-13 7.387780641008962e8 1.0400221805574957e8
38200 1.248291695874905e6 32.77050829092144 0.4566742075641247 0.0010983233618646322 0.001028652842643885 2.856143941531627 0.01239319355777524 0.014125307459718628 8.811084654151021e-14 7.387780641008915e8 1.0400221705642006e8
38400 1.254838873786881e6 32.64809645391774 0.4522397060389365 0.0011064817062051415 0.0010264257853349024 2.764891330316459 0.012120943504971782 0.013334798279885596 -4.0137683909496926e-13 7.38778064100893e8 1.0400221720531628e8
38600 1.2613687132899223e6 32.65227065880173 0.4374526001990043 0.0011211399989434867 0.0010270635632078015 2.403321010025138 0.013444056987651942 0.011166165787408311 -3.351367189329613e-13 7.387780641008942e8 1.0400221731128038e8
38800 1.2678984686175743e6 32.698819971805335 0.4783289193330847 0.0011175606146127815 0.0010319856810831912 3.206780216658899 0.011640348139963896 0.01118891931965249 3.3143033533083277e-13 7.387780641008911e8 1.0400221705542469e8
39000 1.2744497739360977e6 32.6903240197316 0.4555796701631813 0.0011239151430125006 0.0010284730901112685 3.0868633335212508 0.010377902568272479 0.015080802029538876 3.4296300827464597e-13 7.387780641008917e8 1.0400221735663135e8
39200 1.2809796265616461e6 32.66240765135583 0.4488866562048537 0.0011327985363635863 0.0010313887348111913 2.6846140069121702 0.011528895589504318 0.011869043314176542 4.274631939310248e-13 7.387780641008929e8 1.0400221832668625e8
39400 1.2875093805199014e6 32.65416901717632 0.46856552108651234 0.0011288024884399685 0.0010435652316471127 2.8049138275055157 0.014652685798185128 0.013328909236782788 -7.041363062308242e-13 7.387780641008929e8 1.040022185603037e8
39600 1.2940582308815059e6 32.75965381233091 0.47278991036864676 0.0011240209323335594 0.0010468233199865781 2.9677872888278216 0.010992001154196629 0.014738191489006063 6.338605163202177e-13 7.387780641008936e8 1.040022185901356e8
39660 1.296e6 11.14757327013649 0.45184340315298693 0.0011262961143196667 0.0010485844052330305 3.2955778841696883 0.010762729455561393 0.015327336440320416 -1.2996694466653946e-12 7.387780641008955e8 1.0400221859443422e8
